Mut_X Mut_Y Mut_Size Mut_Rot Mut_R Mut_G Mut_B Mut_Type Time_Sec
57005 54537 66204 58903 65886 66271 65520 53041 1755.31
0 0 0 0 0 0 0 0 1755.31
--- Historial MSE por cambio de temperatura ---
27772.8
27276.6
27278.9
27284.4
27261.9
27200
27048.2
27045.7
27050
27216.8
26767.1
26977.9
26845.4
27024.8
27158.9
26699
26998.6
27386.4
27276
26594.5
26518.2
26426.8
26273.4
27046.9
27705.3
27012.7
27593.5
27759.5
27941.9
27543.6
27395.4
27445.3
26720.3
26907.3
26305.5
26824.7
26831.4
26880.7
27159.7
27286.1
26975.1
27680.5
27227.2
26851.1
26853.5
26569.4
26209.4
25753.1
25640.8
25869.1
25587.9
25330.4
25773.3
25853
26531.3
25921.9
26015
26462.8
26506
26149.3
26832.4
26821.6
26471.7
26136.4
26064.2
25813.6
26557.7
26640.2
26487
26067.8
26340.4
26652.7
26685.4
26817.3
27538.7
27767.6
27680.9
26656.6
27336.9
27226.7
27040.7
27124.4
27071.8
26568.2
26901.6
26812.6
26537.1
26368.5
26540.5
26476.5
26576.1
26773
26756.6
26803.2
26024.4
26377.7
26171.5
27195.7
26944.3
26575.1
26668.9
26815.6
26328.9
26426.1
26435.2
26021.1
25870.5
26078.9
25961.5
26564
26367.2
26333.4
26346.6
25933.4
25953.6
26054.1
26190.1
25978.1
25742.9
25879.3
26045
25907.4
25888.8
25859.8
26686.5
27093.4
25573.6
25492.9
25710.4
25748.2
26087.3
25813.2
25790.5
25759.6
25840.1
25801
26187.4
25657.7
25346.3
25710.8
26107.2
26582.5
26710
26370.3
26265
25975
26016.4
26102.3
25535.5
24896.8
25179.6
24939.8
25287.6
25657.5
25950.5
26165.9
26154.2
26454.6
25918.4
25506.1
25816.3
25390.5
25412.1
25302.2
26110.4
26047.8
25968.3
25897.8
26180.3
26660.9
26483.3
25918.6
25960.3
25745.2
25964.4
26099.9
26255.1
27168.6
27585.7
27388.9
26944
26825.2
26663.9
26768.5
26508
26293.9
26546.6
26409.8
26593.1
26862.3
26591.5
25746.6
25948.9
25680.7
26187.1
26189.8
26458.8
26410.1
26100.5
26654.4
26481.2
26572.2
26676.4
26528.1
26370.6
26256.4
26496.4
26305.1
25956.2
25919.4
25698.5
25533.2
25553.7
25975.9
27297.1
26769.8
26844.2
27051.3
26489
26601.2
26224.9
26312.1
26311.5
26332.5
26865.9
26544.4
26019.9
26276.2
25881
26128.6
25743.2
25960.3
26345.2
25904.9
26257.7
25737.4
24973.9
24941.7
25022.7
25510.7
25778.6
25809.8
26082.4
26103
26284.4
26516.4
26165.6
26295.9
25025.1
25364.4
25847.3
26281.9
26113.3
26403.9
26088.6
26427.6
26190.6
26063.4
26117.5
26157.1
26342
26464.2
26452.5
26045.9
26109.4
25968.2
25472.6
25742.7
25975.6
26557.2
25997.5
25797.5
25272.2
25928.7
26143.9
25859.5
25629.4
25151.4
25579.9
25166.2
25783.6
26220
26160.9
26242
26093.7
26211.9
25917.3
25575.1
26436.7
26138.8
25981.8
25948.5
25480.7
26013.8
25861.3
25999.7
26017.9
26001.7
25834.2
26054.2
26128.5
25922.6
25541.8
25703.2
25704.4
25703.8
25439.1
25780.8
26228.7
26070
26599
26126.2
26476.6
26438.3
26775.6
26825.3
26140.9
25520.6
25702.4
26089.4
26332.1
26168.3
25352.7
25407.2
25647.9
26279.7
26372
26447.6
25945.2
25825.8
25873.3
25344.6
25619.8
25894.9
25128
25283.3
24545.5
24871.2
24907.5
24854.1
24593.2
24480.5
24463.8
23924.3
24558.9
24382.5
24663.6
24226.1
25234.7
24996.3
25023.3
24967.4
25192.6
24853
24501.5
24211
24778.4
24362.9
24285.5
24564.3
25254.2
25477.4
25385.1
25493.6
25628.6
25926.1
24951.6
25402.5
25771.2
25865.3
25142.2
25160.2
24945.4
25336.9
24443.7
23929.3
23760.6
24095.3
24191.9
24373.9
24508
25121.8
24575.6
23975.6
24491
25518.2
25540.6
25753.9
25333.8
25428.4
24402
24823.7
24977.2
25569.4
25539.5
24289.1
25228.9
25248.3
25132.7
25265.2
25518.7
25978.6
25814.2
25101.1
25360.9
25094.9
25731.6
25287.9
25696.6
25935.2
25543
25158.4
24947
24864.8
24497.7
24768.2
24820.8
24693.2
25101.4
25078.8
24116.8
24371.7
24522.6
24458.4
25203
25177.5
25321.7
25079.9
25515.9
25495
25676.6
25943
25748.6
25022.1
24751.8
24754
24362.1
24859.7
24971.1
25512.3
25775.7
25752
25908.4
25825.1
25125.2
25219.7
24495
23862.3
24450.3
23444.2
23846
23781.4
24826.6
24425.4
24158.8
24084.4
23101
23355.4
23793.3
23605.6
23121.8
23023.2
23477.8
23250.4
23599.8
23776.6
23646.3
23131.5
23367.5
23602.6
24079.3
24804.6
24130.6
24049.1
24091.2
24052.4
23883.2
23590.4
24398.8
23809.1
23489.6
22941.5
22946.8
23093.9
23055.5
23226.3
23269.9
22836.3
22370.9
21899.2
23640
23332.8
23800.6
23919.9
23560
23465.7
22992.7
23133.2
22272.7
22310.3
21736.5
22002.3
21925.4
22944.2
22825.6
22630.6
22622.6
22685.1
23748.1
24391
23783.7
23865.3
23759.8
22233.2
22393.5
22694
23498.1
22955.7
22881
23606.7
23371.8
23278.4
23546.3
23546.6
22592.4
23181.2
23682.2
23640.8
23918
23505.1
22819.1
23474.8
22932.3
22787.4
22227.2
22814.8
23330.7
23460.1
23274.2
23917.8
23195.8
23073.3
22891.2
22945.3
22461
22916.5
22246.5
22289.3
22356.9
22979.9
22993
23074.9
22759.7
22798
23107.4
23751.6
23377.5
23489.8
23381.8
24267.8
24019.9
22742.9
22661.2
23844.3
23484.6
23099.2
22578.3
22591.2
22318.6
23266.5
23345.4
23198.7
23151.1
23314.2
22784.1
22411.8
22097
21964.9
22287.5
22328.4
22526.7
22085.4
22346.5
22453.2
22529
22318.9
22303.3
21813.7
22325.8
22598.5
22412
22630.7
22561.3
22145.5
21940.8
21504.7
21494.8
21774
21818.6
21738.5
21609.5
22073.7
22186.6
22610.8
22241.6
21997.3
21456.8
21878.8
23522.2
23660.7
23951.8
23350.4
23661.3
23320.8
23164.2
22929
23055.6
22821.5
23061.8
23061.1
22892.9
23204.5
23364.3
22931.1
23153.7
22548.8
22511.7
23393.7
23803.8
23708.5
22671.8
22514.2
22725
22371.5
23330.5
22950.4
22734.7
22334.6
22579.7
22369.5
21882.6
21688.4
22183.9
22160.9
22554.5
22142.5
22663.5
22664
21884.1
21779.2
22357.7
21620.2
22154.5
21689
22214.2
22363.8
22541.4
21922.7
21458.8
21069
20906
21489
20787.7
20391.1
19817
20047.1
20061
19072
18922.9
19172.6
19843.5
19899
20195
19149.7
19185.3
19457.6
19560.9
19763.8
19537.3
18900.9
18516
19239.7
19156.7
19974.8
19646.9
20105.1
18865.8
19255.9
19484.6
20701.4
20919.7
21795.5
21960.2
21722.2
20322.1
19850.3
20068.2
20003.6
20684.2
20383.7
20251.9
20657.5
19458.2
19272.3
18892.3
18934.8
19605.1
19950.2
20451.4
19497.7
19645.3
20036.6
20205.4
19335.4
18015.7
18302.3
18263.4
17613.5
18071.3
17938.6
17797.1
17023.7
17408.3
17544.4
16895.7
17422.6
17134.2
17640.3
17185.8
17461.9
16820.1
17739.5
17748.4
18181.1
18329.2
18030.7
18468.5
17969.7
18199.9
17437
18203
17055.9
16436.6
16733.1
16838.6
17173
17027.6
16892.6
17144.7
17162.4
16812.5
16271.5
15884.2
16370.4
17112.7
16450.1
16458
16440.3
16486
15744.1
15395.1
15835.4
16227.2
15453.2
15295.6
15614.7
15067.3
15438.2
15270.9
15733.1
15097.3
15422.3
15294.3
16024
16087.4
15489.6
15616.1
15461.5
15551.2
15897.2
15619.1
14998.2
15696.7
14736.5
15155.3
15201.2
15799.3
16016.1
16024
15765.1
15662.8
15395
16018.9
16570.1
16281.4
15728.9
15748.9
15492
14724.1
14603.9
14665.4
15019.8
15464.8
15347.1
15282.6
15553.4
15602.8
15079.2
15270.5
14500.6
14373.1
14195.7
13602.5
13815.3
13921
14310.1
14483.5
15317.9
15346.7
15060.5
15148.5
15006.8
14742.5
14207
14115.2
13651.4
13588.5
13466.5
13324.7
13591.2
12876.5
12884.9
12987.8
13312.5
13447.9
13551
13956.4
13998
13492.3
13599.5
13342.6
13478.2
13361.6
12809
12803.9
12955.1
12930.3
13126.4
12741.5
12559.3
12401.3
13254.6
13257.7
13524.2
14361.6
14236.9
13547.4
14158.4
14726.2
14564.2
14500.3
14015.9
13704.7
13794.6
13668
13570.4
13483.8
13441.6
12951.5
12406.4
12054
12161.8
12010.4
12116.1
12240
12204.3
12009.2
11954.8
11927.3
11708.1
11781.9
12008.3
11961.9
12059.8
11845.4
12154.6
12037.5
12095.4
11845.5
11948.4
11160
11274.7
11861.7
11380
11364
10632.3
10764.8
10179.6
10338.7
10800.9
9694.04
10160.5
9700.1
9253.52
9073.04
10080.5
9538.56
9292.36
8875.98
9030.83
8793.14
8621.87
8514.13
8742.88
8632.88
8709.93
8803.42
9099.53
9547.81
9931.16
9908.19
9958.93
9223.22
9835.95
9342.66
10034
9573.57
8846.2
9060.97
9157.54
8985.21
8962.23
8954.97
8407.41
9200.44
8974.52
9061.15
8577.79
8620.13
8510.32
8922.38
8857.24
9386.88
9645.3
9667.83
9180.32
8957.79
9048.24
8989.03
8425.68
8311.5
7898.04
7974.91
7934.04
7908.95
8042.59
8060.67
8366.62
8280.49
7790.75
7305.58
7066.82
7303.63
7287.61
7212.57
7225.43
7159.42
7009.16
6902.4
6975.22
7202.39
7037.26
7088.44
6750.16
6978.38
6935.21
7152.16
6765.2
7001.61
6739.22
6625.34
6876.94
6680.4
6371.25
6631.64
6408.28
6185.06
6111.62
6231.06
6308.66
6333.38
6450.17
6073.92
6044.04
6027.74
5948.07
5935.75
5670.25
5660.6
5637.55
5982.45
5974.41
5866.85
5868.25
5963.11
6082.91
6096.44
6475.71
6241.62
5805.16
5827.87
5668.3
5569.44
5684.8
5769.81
5517.27
5361.1
5498.12
5369.69
5600.82
5474.39
5033.85
5096.68
5064.11
4952.41
5212.67
5417.17
5394.04
5434.68
5400.72
5381.95
5128.05
5055.89
5071.11
4761.35
4982.6
5003.33
5213.24
5188.86
5197.91
5286.1
5341.57
5113.99
4877.29
5092.26
4754.95
4582.43
4745.15
4750.94
4868.13
4802.79
4741.09
4562.86
4475.24
4345.37
4459.05
4296.61
4534.82
4441.91
4513.93
4121.45
4250.34
4418.82
4228.7
4435.12
4316.42
4173.75
4231.83
4153.57
4204.42
4049.14
4141.48
4059.28
4065.81
4188.43
4514.99
4122.61
3897.09
3754.92
3728.55
3569.91
3421.04
3661.61
3357.8
3256.29
3243.92
3191.01
3065.46
3103.05
3139.58
3348.71
3253.37
3292.13
3382.83
3317.78
3330.81
3301.52
3335.77
3380.33
3332.71
3246.9
3238.83
3393.81
3219.57
3090.41
2970.39
2964.47
2968.77
2815.74
2871.31
2907.26
3219.83
3204.34
3066.75
3209.7
3204.83
3242.25
3258.13
3341.53
3232.72
3227.21
3329.21
3380.86
3289.24
3224.51
3175.14
3170.09
3387.85
3422.29
3413.82
3385.36
3252.64
3153.46
3099.49
3021.92
2962.83
3064.66
3068.53
3094.49
3018.62
2921.9
2879.27
2953.45
2906.81
2831.92
3048.87
2937.81
2970.1
2878.84
2803.27
2869.95
2954.65
2829.7
2743.54
2841.38
3030.33
2868.94
2674.65
2602.24
2624.99
2606.37
2547.33
2562.71
2627.78
2582.03
2433.63
2539.12
2401.75
2273.98
2376.69
2417.21
2403.98
2518.3
2495.62
2429.93
2352.56
2267.94
2434.3
2512.42
2399.27
2422.17
2444.85
2367.02
2351.92
2402.89
2234.14
2181.37
2211.12
2147.5
2135.5
2132.66
2177.19
2228.15
2236.81
2196.86
2253.16
2179.79
2269.06
2198.82
2264.4
2280.75
2214.84
2210.46
2169.09
2096.01
2085.67
2057.34
2114.25
1993.76
2038.24
1968.16
1933.1
1903.89
1929.87
2004.85
1863.21
1861.37
1806.83
1863.96
1995.96
2011.44
1958.58
1914.14
1800.81
1869.79
1759.62
1769.9
1770.4
1756.59
1714.64
1766.94
1806.2
1803.93
1807.09
1905.91
1935.08
1876.4
1921.16
1857.57
1905.1
1892.95
2005.15
2005.92
2005.7
2059.75
2026.51
2007.43
1977.01
1928.09
1880.27
1937.44
1920.35
1975.98
1929.97
1887.97
1784.22
1737.63
1730.99
1752.33
1798.59
1784.75
1837.9
1902.83
1832.99
1955.61
1911.51
1798.49
1820.01
1935.22
1828.73
1760.91
1783.36
1821.94
1734.59
1732.55
1688.2
1724.02
1672.42
1719.44
1651.52
1660.23
1617.75
1628.8
1586.99
1645.38
1720.23
1677.75
1690.72
1655.79
1814.42
1785.4
1814.94
1739.65
1690.01
1622.69
1551.39
1517.8
1511.73
1498.68
1487.91
1396.21
1370.26
1455.65
1422.96
1462.33
1495.82
1505.98
1501.18
1500.34
1652.61
1635.92
1572.38
1620.59
1654.19
1617.4
1595.77
1529.48
1515.96
1520.79
1505.88
1498.64
1471.61
1471.87
1469.89
1532.4
1501.91
1482.56
1558.04
1531.94
1555.62
1507.27
1587.05
1551.23
1625.38
1597.18
1641.88
1570.78
1588.3
1683.23
1718.05
1654.37
1617.12
1562.72
1529.18
1513.23
1581.93
1643.91
1570.22
1526.41
1489.71
1483.38
1517.63
1525.37
1584.37
1544.16
1495.07
1543.34
1559.71
1493.71
1496.99
1522.82
1548.89
1537.3
1534.76
1514.53
1592.45
1582.12
1665.24
1568.25
1526.56
1581.22
1589.9
1581.39
1599.96
1625.71
1620.5
1596.86
1661.14
1638.9
1508.45
1513.83
1412.16
1396.99
1380.66
1399.48
1380.21
1327.61
1337
1322.12
1281.93
1345.78
1305.79
1338.86
1339.06
1371.11
1359.79
1372.96
1371.81
1337.75
1273.61
1290.49
1288.22
1270.92
1323.41
1272.69
1270.58
1260.27
1271.37
1292.97
1382.61
1356.45
1327.52
1309.89
1287.09
1241.76
1257.98
1256.74
1203.06
1212.93
1248.42
1274.23
1238.75
1241.62
1252.95
1236.41
1242.61
1200.45
1242.15
1176.69
1202.95
1196.23
1199.99
1228.84
1224.82
1273.19
1202.91
1176.09
1194.93
1216.67
1271.37
1196.81
1168.52
1232.4
1171.27
1144.72
1107.75
1138.8
1154.18
1158.44
1143.64
1159.29
1145.82
1148.41
1118.12
1169.82
1138
1138.5
1147.02
1132.91
1122.83
1115.81
1156.45
1137.26
1138.66
1123.95
1091.91
1084.85
1073.99
1010.6
1011.98
1011.34
1023.47
1012.35
1032.31
1068.22
1069.9
1089.11
1057
1031.27
1061.11
1109.07
1106.53
1121.54
1112.52
1055.92
1030.19
1048.37
1076.33
1094.49
1096.18
1083.3
1070.56
1112.32
1188.4
1165.32
1125.55
1111.88
1127.19
1140.33
1125.43
1149.69
1113.63
1122.67
1146.1
1118.65
1076.77
1068.31
1081.49
1070.61
1047.02
1045.62
1038.59
1037.97
1012.58
1010.75
989.914
989.201
1001.08
992.329
994.439
961.103
952.667
947.403
964.596
1000.54
1010.87
1003.52
990.928
959.42
1005.08
1007.64
1033.72
992.353
997.006
950.226
1037.5
982.077
981.513
979.498
984.555
1013.99
1019.09
989.918
1025.72
1018.52
996.864
978.82
981.849
968.324
982.982
972.758
962.396
959.01
932.436
939.214
909.888
916.479
906.156
881.944
887.947
929.867
915.251
935.361
885.547
881.905
884.587
880.639
859.827
848.659
845.483
852.45
890.174
870.768
886.352
875.364
870.551
867.737
871.642
877.34
860.329
852.677
840.064
861.271
857.299
831.76
821.97
826.657
835.608
825.932
811.606
819.266
813.863
833.075
824.677
844.959
877.753
871.405
876.723
868.154
856.641
861.015
844.668
871.049
861.2
873.348
865.15
859.651
869.093
868.762
885.903
884.685
868.472
859.887
876.329
877.671
871.229
862.289
855.346
834.588
873.269
873.685
857.301
861.635
864.23
883.004
904.109
881.726
854.081
858.916
881.763
864.58
820.569
819.412
841.928
802.941
808.711
817.063
830.474
811.112
820.445
829.038
815.127
801.689
800.42
816.018
819.252
801.733
816.457
820.348
813.499
788.925
794.515
805.68
821.276
823.317
842.478
808.675
772.58
735.573
755.208
736.037
741.371
744.776
750.521
752.906
741.635
745.56
742.166
748.457
729.077
749.201
721.496
715.419
703.986
696.389
711.55
695.057
704.453
717.797
697.316
696.8
705.213
694.325
693.932
697.447
689.612
701.012
708.786
716.736
709.102
697.368
687.112
700.419
697.403
694.675
702.389
672.522
669.715
674.438
673.095
670.561
652.033
669.04
678.457
679.687
690.822
713.463
720.442
701.27
700.252
690.802
684.919
693.986
688.024
681.048
692.711
682.329
685.305
666.889
679.61
670.368
665.408
670.014
663.713
654.212
654.376
672.421
674.049
672.87
666.635
660.927
676.448
675.934
668.406
668.753
653.075
657.903
661.551
661.747
648.441
649.974
642.093
657.306
649.082
662.882
655.008
662.554
664.679
660.652
643.443
632.626
630.848
635.381
635.676
641.048
644.526
640.99
630.008
631.616
627.027
633.226
636.365
623.201
628.696
638.142
636.602
641.117
635.595
637.028
626.853
628.284
630.178
633.816
634.252
627.924
628.535
632.067
630.359
632.747
635.062
631.701
642.138
633.032
620.321
622.618
635.738
629.556
614.474
610.526
619.037
617.307
621.056
614.291
611.054
607.584
604.363
612.09
607.93
613.423
608.033
613.744
619.153
620.934
613.435
607.21
618.961
598.995
592.063
582.535
589.375
587.43
576.241
581.147
579.657
588.383
588.083
586.65
591.399
589.169
587.434
590.74
589.504
588.902
590.875
589.4
589.062
587.813
575.954
577.575
564.092
562.158
561.872
556.036
548.887
547.532
552.466
555.395
551.352
551.955
542.447
541.956
543.297
546.943
539.378
543.196
540.768
537.66
537.123
535.547
533.968
538.011
538.06
539.921
540.428
544.555
544.928
542.079
544.363
541.52
550.513
553.99
551.901
537.808
550.676
555.747
551.572
557.545
551.269
548.584
545.106
543.11
542.441
545.138
543.28
540.776
545.921
556.483
549.278
545.533
540.421
539.893
534.484
535.765
534.271
536.119
529.803
528.33
535.283
532.531
539.738
540.216
531.379
531.629
522.635
512.432
511.402
513.582
514.823
511.511
509.325
513.727
511.834
510.715
515.671
512.132
520.737
512.585
505.607
510.303
510.809
508.674
508.849
504.724
505.062
505.649
506.738
501.222
501.149
500.033
499.525
498.321
498.238
496.975
497.674
499.46
498.383
493.675
494.985
492.142
487.415
488.236
486.329
484.031
481.216
484.46
487.2
488.637
492.507
493.603
488.296
481.808
482.507
478.435
478.726
484.687
486.105
485.612
480.103
477.759
479.125
477.171
475.964
475.795
471.328
471.033
469.703
468.49
473.661
471.646
470.819
476.035
471.309
473.219
469.701
468.592
467.618
470.466
469.147
469.692
473.465
470.973
473.845
475.236
473.18
469.714
470.672
468.901
472.478
470.696
471.699
474.975
473.748
470.241
467.302
465.467
467.82
469.263
471.04
469.41
470.162
469.172
464.497
462.623
462.887
465.546
467.464
468.003
465.548
468.643
470.263
469.026
466.037
461.399
460.336
463.923
467.477
467.079
470.528
473.373
467.206
466.694
464.044
462.853
459.018
460.781
457.767
455.267
453.51
452.138
455.6
457.291
451.4
452.506
451.417
451.691
451.255
451.421
452.922
451.288
451.551
452.337
450.595
450.069
450.411
448.752
450.296
448.726
446.035
445.496
444.672
442.488
443.936
442.6
442.044
440.699
441.913
444.669
443.844
443.399
442.759
440.525
442.832
441.975
440.999
443.43
443.254
439.996
442.103
444.062
443.25
440.323
438.647
441.022
439.506
437.845
434.464
432.407
433.81
435.22
434.366
435.141
436.692
434.537
433.188
434.734
432.854
433.697
433.367
428.429
426.943
428.34
426.489
427.266
426.76
424.978
425.398
425.944
422.893
422.628
423.38
424.884
427.577
424.93
426.053
425.484
422.87
422.973
417.705
418.511
417.209
415.529
416.242
415.002
416.761
414.305
414.331
413.757
414.035
412.954
415.447
415.555
415.817
416.611
413.54
409.274
407.128
408.025
406.194
405.574
404.772
406.819
406.736
406.862
407.398
406.469
406.146
403.496
404.207
403.562
397.281
399.703
398.339
399.99
400.765
401.934
405.394
403.146
401.027
400.527
400.335
398.846
398.357
398.348
398.529
397.206
397.56
399.741
399.599
401.562
402.078
401.249
399.637
397.665
396.585
397.228
397.951
394.934
394.77
392.769
393.372
392.485
391.093
390.004
391.392
389.609
392.16
392.356
392.726
391.305
391.226
390.867
392.764
393.219
390.482
392.757
393.586
393.609
389.084
388.346
386.224
386.318
384.33
383.617
384.587
384.141
383.472
384.127
382.456
381.616
382.63
382.006
380.992
381.035
382.895
381.495
381.537
381.722
381.586
379.676
376.105
375.891
374.619
374.769
375.224
374.141
374.161
373.607
374.079
374.043
373.471
373.36
373.593
373.73
373.51
375.42
375.023
377.121
376.007
374.075
375.212
374.237
374.975
374.754
374.916
374.736
373.744
373.218
372.526
372.406
373.892
372.853
373.642
372.642
371.144
371.032
370.342
369.811
369.225
368.08
367.806
368.064
370.314
369.504
369.701
369.44
369.697
369.754
368.867
369.36
369.359
370.292
370.097
369.642
369.705
367.546
367.639
367.813
367.323
367.681
367.845
368.372
368.489
368.865
367.135
367.004
366.011
367.331
367.846
366.945
366.157
364.846
363.895
363.514
361.447
362.075
361.948
361.862
361.853
362.119
363.152
362.302
362.623
362.483
362.469
361.405
361.803
361.845
361.01
360.8
362.18
360.772
360.942
360.893
360.768
360.174
360.44
359.596
