Mut_X Mut_Y Mut_Size Mut_Rot Mut_R Mut_G Mut_B Mut_Type Time_Sec
260115 268867 318350 265489 327266 325667 327283 254087 2686.66
0 0 0 0 0 0 0 0 2686.66
--- Historial MSE por cambio de temperatura ---
16071.6
16126
15960.7
15849.2
16075.4
16312.2
16020
16175.3
15840.8
15769.3
15766.6
15605
15642.7
16054.9
15901.9
15614.7
15560.4
15751.3
15764.7
15812.9
15657.5
15756.3
15975.8
15948.8
15937.9
15426.5
15622.9
16078.9
16249.4
16284
16172.6
16221.5
16329.3
15726.5
15691.7
15744.5
15873.8
15992.8
15811.8
16104
15937.7
16008.4
16055.9
16156.8
15877.9
15554.7
15648.4
15549.9
15835.2
15672.8
15608.3
15921.3
15937.7
15670.2
15371.5
15254.7
15496.2
14811.6
15088.1
15376.3
15236.4
15230.3
14930.2
14928.7
15107.8
15093
14636.4
15182.1
14786.5
15214.7
15416.2
15483.7
15392.8
15273.9
15193.9
15075
15101.8
15466
15245.2
15245.4
15146.7
14956.5
15410.2
14970.9
15250.2
15039.2
15075.3
15122.4
15682.2
15499.4
14946
14514.1
14311.7
14408.2
14892.6
14953
14548.1
14562.7
14496.2
14315.5
14337.8
14308.1
14740.7
14500.9
15107.7
14750.8
14903.2
15009.6
15332.4
15410.7
15608.2
15826.9
15619.9
15324.6
15453.6
15569.4
15540.2
15384.9
15744
15456.4
15740.6
15525
15499.2
15715.5
15735.9
15442.2
15576.1
15676.7
15703.9
15660
15518.1
15896.5
16008.4
15632.1
15672.1
15575.2
15399.1
15398.4
15217.7
15386.6
15394.5
15068.2
14831.1
15215.7
15019
15007.5
15144.4
15019.6
14702.4
14635.6
14770.6
14709.6
15010.7
14457.3
14877.2
15174.7
14755.4
14952
14689.5
14600.9
14513.6
14230.2
14346.1
14439.8
14444.2
14509.7
14653.4
14656.6
15053
14932
15317.7
15455.1
14942.1
14902.6
14977.8
15074.8
14924.6
14957.8
15274.4
14949.5
15314.8
15244.7
15274.7
15067.2
15222.2
15116.9
14104.7
14623.3
14511.3
14362.7
14232.1
14810.4
14858.8
14611.7
14846.2
14351.6
14374.1
14091.2
14506.9
14300.9
14607.2
14661.5
14447.3
14836.9
14485.2
14660.8
14456.5
14583.5
14001.7
13987.4
13919.6
14004.2
14364.1
14460
14629.6
14555.6
14798.6
15189.8
15296
15317.1
15007.5
14944.9
14728.8
15170.4
15108.9
14904.3
14918.4
14339.3
14753.3
14762.8
15123
14923.7
14361.3
14675.9
14451.2
14620.8
14477.6
14475.4
14604.5
15103.6
15409.8
15047.7
15076.1
15028.5
15051.1
14776.3
14904.6
14462
15008.7
14952.5
14349.2
14586
15094.3
15270.7
14856
14943
14951.9
14975.7
14665.4
14648
14137.1
14627.3
14572.1
13984.8
13874.1
14035.1
14718.3
14738.6
15007.2
15046.3
14944.5
14826.1
14898
14880.5
14522.4
14419.6
14720.6
14286.8
14278.9
14014.3
14450.8
14516.5
14378.8
14471.1
14358.5
14128.2
14208.4
14379.9
14880.2
15116.8
14702.5
15007.7
14486.1
14793.8
15200.2
14459.7
14146.9
14661
14556.8
14506.6
14084.4
14752.5
14795
14490.7
14637.9
14948.3
15217.9
15167.6
15258.6
14628.9
14674.6
14582.1
14489.8
14597.3
14386.5
14749.6
14801.4
14852.2
14847
14295.2
14553
14815.6
14521.9
14494.2
14519.1
14913.3
14663.6
14272
14780.6
14565.5
13916.2
13662.2
13552.8
13779.5
13823.1
14097.8
14190.7
14186.2
14018.1
14208.1
13955.4
13995.7
14183.1
13980.2
13990.4
13783.4
13695.7
13611.6
13542.3
13783.3
14145.4
14025.9
13931.6
14014.7
14188.5
13949.1
13631.4
14057.6
14219.5
14557.1
14546.6
14562.5
14572.4
14387
14072.8
14347.9
14609.6
14227.7
14082
13942.6
13890.2
13960.6
13858.5
14036.3
14144.9
14070.8
13700.9
13658.6
14000.1
13850.2
13718.7
13874.2
13879
13936.2
13922.5
13567.3
13498.4
13467.1
13338
13503.4
13654.6
13981
13606.4
13800.9
13597.4
13876.3
13551.9
13325.5
13351.7
13597.6
13903.8
13968.3
14683
14792.6
14578.1
14552.6
14891.6
14860.4
14345.5
14538.6
14440.1
14382.2
14480.1
14700.8
14615
14460.8
13971.5
14356
14097.9
14671.2
14479.4
14360
14292.6
14825.4
14967.3
15230.2
15035.3
14769.2
14388.3
14918.6
14449.8
14632.9
14629
14637.4
14797.9
15204.3
14698.6
15052.8
14908.5
14830.7
14663.8
14409
14084.8
13878.2
14284.3
14627.1
14442.4
14549.1
14311.6
14099.6
14064.3
13897.5
13577.9
13703.2
13914.8
14260.6
14123.5
13985
13391.5
13870.5
13897.5
13742.8
14069.7
13997.9
14051.9
13907.5
13704.8
14133.6
13896.6
13900.5
14057.9
14111
13898.4
13912.8
13785.5
13997.5
14282.8
14328
14197.7
14224.1
14170.1
13958.5
13853.6
14223.5
14191
14137.3
14353.5
14666.4
14814.8
14201.2
14261.7
14147.8
14247.3
13940.1
13937.2
14526.7
14602.9
14893.7
14385.8
14254
14300.4
14673.6
14799.8
14221.5
14538.7
14337.2
14192.8
14202.3
14062
13959.7
14272.6
14321.4
14209.6
13812.9
13967
13992.5
13670.6
13852.2
13860.2
13640.4
13470.1
13963.8
13862.2
14265.9
14158.6
14101.4
13834.4
14128.1
13333.9
13590.9
13459.7
13929.3
13904.8
13919.4
13582.6
13654.5
13378.9
13534.8
13402.3
13557.8
13042.6
13491.5
13235.4
14069.2
14169.2
14240.5
13993.1
14001.9
13884.6
13946
13876.9
13433.3
13766.8
12948.6
12923.2
13678
13574.7
13352.5
13143.2
13289.3
12470.6
12546.6
12658.9
13009.8
12788.9
12401.3
12161.6
13088.7
12553.7
12709.4
12395.8
12171.8
12603.1
12526.7
13276.1
13187.4
13445.4
13059.4
13049
13427
13035.3
13433.3
13409.6
13438.6
13208.4
13423.6
13645.6
13930.6
14054.8
14190.5
13994.8
13688.8
13728.7
13761.1
13655.9
13782.6
12958.8
13606.8
13707.2
13484.4
13722.4
13864
13971.1
14196.1
14031.9
13891.9
13633.5
14347.9
13513.1
13692.4
13963.9
14058.6
14035.6
13922.7
14149.3
14190.7
14253.7
14086.5
13783.4
13662.4
13631.6
14285.6
14173.3
14081.4
14028.6
14277.5
14085.4
14067.3
13965.3
13622.2
13999.9
14668.2
14410.6
14945.1
14844.7
14879.3
14842
14700.8
15000.4
14426.6
13875.5
14050.4
14164.3
14493
14482.4
14118
14388.3
14336
14235.8
14192.6
13838.5
13776.3
13850.9
13967.4
14343.3
14237.3
14387.6
14305.8
14141.8
13938.2
13959.2
14402.4
13755.9
13807.7
13738.4
13980.4
13715.3
13906.2
13857
14098.5
14133.3
14021
14248.8
14593.4
14628.9
14458
14583.8
14114.3
14105.3
14601.2
14227.2
14550.8
14667.8
14737.8
14367
14228.3
14055.1
14057.3
14290
14543.7
14589.8
14407.4
14005.3
14436.2
14346.2
14650.2
14453.9
14163.4
14411.4
14501.8
14882.9
15101.7
15145.9
15450.6
15635.6
15075.8
15010.9
15130.3
15185.4
14978.3
14726.7
14649
14656.6
14620.5
14827.9
14691.7
14811.2
14684.8
14921.9
15326.2
15400.8
15206.9
14820.4
14484.9
14896
15119.3
14751.4
14594.4
14889.5
14852.5
15107
15180.8
14837.6
14740.1
14539.4
14535.9
14752
15253.5
14771.6
14924.9
14662.3
13998.3
14183.4
14089.6
14163.6
14304
14407.5
13992.2
14009.9
14292.4
14205.1
14319.1
14526.7
14633.4
14381.9
14233.1
14334.1
14391.2
14556.4
14316.7
14304.4
14596.4
14402.9
14006.1
13683.9
13905.7
13849.3
13484.6
13311.2
13366
13541.4
13222.7
13447.3
13389.1
13539.1
14062.1
13608.2
13292.6
13462.6
13617
13775.8
14013.7
13429.8
13176.1
12977.3
13119.9
13116.6
12770.4
13138.2
12828.1
12797.3
12755.4
12493
12568.4
12721.6
12587.9
12735.3
12551.5
12813.6
12503.2
12522.5
12651
12507.4
12398.7
12223.7
11571.1
12171
12750.2
12366.8
12197.1
12451.1
11836.7
12237.8
12659.1
12632.7
12351.6
12527.3
12359.1
12855.3
13074
13115
13493.2
13199.4
13208.9
13277.2
13152.7
13361.8
13566.8
13467.7
13619.2
13667.2
13786.2
13415.8
13138.6
13113.4
13557.4
13636.3
13758.3
13521.8
13605.2
13490.8
13017.3
13508.6
13032.9
13171
12663.9
13109.2
12822.7
12803.6
12939.8
12722.6
12674.2
12848.7
12908.3
12849.1
12785.2
12164.3
12217.4
12325.8
11781.4
12260.6
12676.3
13190
13129
12689.4
12480.8
12813.9
12780.4
12675
12429.3
12408.8
12745.5
12855.7
13103.4
12872.1
12788.6
12951.9
13022
12886.6
12873.1
13226
12738.4
12584.9
12663
12121
12414.1
12086.6
12783.7
12589.1
13006.1
12832.4
12617.9
12501.4
12572.1
12687.7
12432.5
12620.3
12537.9
12701.8
11940.4
12207
12193
12273.6
12025.8
11870.4
11675
11898.2
12063.5
11436
11613.9
12018.9
11535.7
11739.5
11681.8
12328.8
12099.8
12229.1
12478.2
12180.7
12519.6
12921.1
12758.6
12932.5
12565
12465.3
12680.2
12129.9
12564
12536.9
12918
12968.6
13137.4
13346.9
12571.9
12119.3
12842.7
12837
13106
12399.7
12651.9
12455.9
13031.5
12626.9
13157.3
12853.4
12938.7
12931.9
12604.5
12912.4
12763.5
12657.9
12327.6
12247.6
12573.6
12517.2
12523.3
12335.5
12499.9
11822.3
12153.2
12052.9
12471.4
12472
12772.6
12184.6
12718.8
13109.2
12953.8
13001.2
12919.8
13354.5
12753
12603
12844.9
13386.8
12813.1
12646
12754.1
13207.9
13020.1
12847.2
12895.9
13021.4
13084.9
12763.7
13239.1
13071.2
12924.8
12857.7
12968.1
13295.7
13304.2
12749.5
12577.6
12683
12620
12973.5
13006.8
13496.4
13633.4
13245.3
13196
13339.1
12871.3
12860.6
12906.9
12970.3
13107.5
12945.7
12406.8
12466.1
13074.6
13389.3
13241.2
13475.6
12894
12827.8
12304
12851.4
12391.8
12594.9
12263.6
11815.2
12111.4
12377.3
12436.6
12332.6
11750.4
12335.7
12405.1
12892.5
12660.3
12691.9
12174.1
12871.5
12768.7
12433.3
12718.8
12746.2
13827.1
13605.8
14242.5
13626.5
13878.3
13750.1
13313.5
13273.2
13303.9
13549.4
13323.4
13405.7
13506.7
12854.4
12827.3
13562.5
13107.4
13078.2
12923.5
13139.1
12612.8
12657.4
12526.6
12584.1
12851.8
13015.3
13021.6
12897.1
12653.4
12536.9
12925.4
12921.1
12679.2
12502.4
12582.3
12055
12383.1
12317.8
12111.8
12088.8
12513.4
12257
11725.5
11302.7
11263.9
11152.8
12364.5
12568.8
12487
12664.6
12215.7
12637.9
12804.9
12610.4
12765.7
12704.8
12212.8
12251
12224
12050.9
12242.4
12293.9
12473.7
11953
12369.5
12245.6
12148.9
12273.9
12432.2
12227
12124.8
11726
11826.1
11965.3
12490.8
12445.5
12472.8
12268.5
12058.7
12103.4
12506.4
12488.2
12622.1
13113.4
12963.1
12553
12291.5
12162.4
12467
12811.7
12596.9
12831.8
12462.5
12588.8
12580.5
12604.1
12800
12449.1
12637.1
12445
12798
12946.5
12639.7
12754.2
12912.5
12351.1
12381.7
12322.6
12217
12656.1
12126.1
12135
12916.8
12797.9
12795.9
12619.8
12720.6
12570.6
12290.3
12203.3
12170.8
12149.9
12282.9
12542.6
12253.9
12123.5
12436
12483.4
11965.5
11369.2
11547.2
11669.5
11691.2
11660
11993.5
11985.3
12032.7
12359.8
12467.5
12439.7
12237.8
12732
12418.5
12688.9
12476.1
12380.7
12385.4
12404.9
12273.8
12131
12410.3
12340.8
12574
11959.1
11604.6
11869.8
11929.7
11918
12108.7
12339.2
11785.3
11970.9
12082.1
12136.6
12502.6
12233.3
12266.9
12526.3
12304.8
12218.8
12095.3
11563.6
11831.9
12090.4
11457.3
11350.7
11402.4
11461.7
11388.1
11657.8
11475.3
11322.9
11273.8
11439.1
11069.9
11033.3
11359.3
11487.7
11782
11564.1
11130.6
10721.4
11098.3
11958.6
11501.1
11054.6
10920.8
11464
11149.2
10726
10590.9
10864.6
10902.3
10760.8
10638.5
10860.8
10411
10525.4
10694.4
10474
10738.5
10615.9
11469.8
10846.3
11455.3
11680.4
11030.7
11037.4
11057.1
11351.9
11538.6
11381.4
11637.8
11915.6
11998.5
11630.1
11362.4
10675.3
11092.5
11084.9
10508.9
11189.9
10610.4
10616.2
10815.6
10541
10772.2
10711.4
10772.9
11217.4
10838.7
10594.9
10531
10536.8
10900.1
11098.5
11192.8
11136.1
10540.7
10782.2
10639
10928.7
11038.2
10777.8
11110.3
11083.8
11102.1
10935.3
11472.1
10924.5
10826
10799.9
10469.6
10992.6
10412.8
10316.4
10346.6
10610.5
10508.1
11105
11039.9
10973.3
10484.5
10277.6
10805
10804.5
11296.1
10867.3
11006.7
10462.8
10694.8
11001.7
11244.9
11296.9
11197
11133.2
11393.1
11170.5
11144.8
10984.4
10594.2
10843.5
10794.7
11049.2
11031.8
10465.6
10477.5
10578.5
10654.6
10864.1
10468.9
10548.9
10988.9
10570.6
11489.8
11685
11171.5
10608.1
11064.1
11147.9
10782.4
10969.8
10359.5
10749.6
10664
10813.3
11028.3
11400.7
10915.7
11101.3
10257.5
10150.4
10405.8
10630
10368.9
10404.9
10096.9
10123.9
10628.3
11065.1
11521.4
11052.9
10881.3
10187.9
10277.3
10659.3
10738.7
11179.8
10390.4
10464.4
9979.06
10506.9
10498.8
10639.6
10905.8
10896.1
10768.4
10210
10478.8
10788.4
10856.1
11417.6
10950.9
10937
10865.2
10342.8
10317
10609.4
10219.7
10254.4
9734.74
9680.35
10111.3
9875.13
9753.57
9939.87
10195.3
10615.3
10592.1
11198.1
10903.6
10984
10989.6
11154.8
10553.9
10677.4
10441.9
10078.9
10770.6
10692.3
10513.7
10475.1
11239.8
10757.3
9996.86
10036.8
10575.8
10611.5
10703
10621.2
10544.2
10247.2
10360.3
10948.8
10755.9
10756.2
10588.8
10663.1
10189.1
10731.5
10796.9
10468.6
10410.8
10167.5
10653.4
10529.9
11236.5
10619.4
10909.8
10898.6
11111.7
10711
10786.2
10623.5
11083.6
10966.2
11050.8
10870.3
11320
11489.6
11434.7
11181.7
11462.9
11652.2
11464.4
11630.5
12096.6
12061.4
11584.4
11741.9
11922.2
12083.4
11879.6
11916.3
11418.8
11734.6
11530.4
12184
12699.3
12192.2
12151.4
12199.6
11777
11900.1
11814.5
12092.9
11732
11399.6
11508
11252.9
11747.7
10968
10777
11070
10745.3
10865.4
10196.9
11045.1
10980.6
11011
11195.5
11231.3
11517
11137.8
10907.4
11168.8
11199.7
11614.4
11597.8
10654.9
11315.9
11375.5
10991.6
11051.4
11307.8
11312.4
11603.5
11970.7
12017.8
11593
10863
12222.6
11905.5
12417.9
11492.8
11572
11550.3
11364
11095.7
10956.6
11053.3
11130.3
11333.3
11505
11784.3
12157.6
12145.9
12554.9
12292.9
12153.1
11791.2
11467.3
10935.7
10974.9
11076.2
11693.1
12124.4
11890.5
12285.1
12056.9
11890.2
11360
11410.1
11909.3
11141.2
10813.1
10569.1
11727.3
11378.4
11184.8
11201.7
11276.6
11233.6
11021.3
11238.2
11366.7
11477.6
11529.3
10980.1
10948
10798.5
11099.5
11212.1
11067.8
10844.9
11515.1
11798.1
12091.6
11728.1
11935.9
11521.5
11295
11569.1
11071
11316.3
11514.2
10847.5
11096.4
11133.9
11394.2
11119
11205.7
11200.8
11335.1
11236.6
11091
11192.7
11177.4
10779.7
11275.1
11518.3
11657.3
11461.1
11591.9
11587.9
11474.3
11141.3
11036.8
10935.9
11037.2
11122.6
11871.2
11505.5
11997
11692.8
11647
11144.7
10848.1
10697.8
10232.6
10172.1
9881.19
10266.6
10319.3
9849.47
10389.5
10011.4
10048.5
9696.85
10621.3
11061.7
11144.9
10932.8
10585.2
10812
11140.8
11351.2
11076.7
10860.5
10854.3
10876.1
10658.5
11371.7
10456.8
10940.6
10885
10272.7
10068.6
9884.11
9699.66
10631.2
10640.5
10469.9
10832.1
11067.8
10990.9
11082.8
10604
10197.8
10057.1
10098.3
10099.3
10415.8
10699.9
10297.9
10147.5
10827.8
10958.2
10957.2
10907.9
10450.7
10528.2
10172.7
10340
10638.2
10166.7
9590.31
9718.29
9940.75
9389.7
9538.8
9956.87
10473.8
10557
10487.9
10522.6
10206.3
10136.9
10220.5
10547.6
10510.4
10745.2
10941.6
11088.5
10345
10189.3
9566.45
9601.03
9494.62
10086.4
9778.83
9778.52
9681.08
9864.29
10080.2
10317.6
10272.7
9838.15
9652.64
9553.38
9014.39
9615.35
9261.74
8845.91
9288.46
9808.6
10019.2
9948.06
9945.93
9784.82
9701.48
9101.96
9340
9658.18
9749.39
10399.8
10246.2
10289.7
9440.71
9817.58
10346.6
10220.3
9713.91
9911.29
10734
10215.3
10068.5
10247.8
9765.65
9872.21
9618.45
9571.07
9347.6
9878.77
9735.03
9408.54
9665.1
10188.1
10145
10840.3
10821.2
10637.2
9412.31
9797.95
10136.1
10415.3
9728.82
9353.63
9574.78
10276.5
10168.3
10328
10397.2
10384.2
10533.6
9919.74
10920.1
10212.2
9544.51
9190.73
9476.57
9404.14
9158.9
9012.04
8992.74
8597.73
8268.38
8874.16
8897.08
9509.23
9479.94
9285.95
9287.81
8912.54
8973.13
9057.07
9287.9
9297.05
9303.2
9108.31
8524.74
9129.74
9420.8
9265.42
9315.55
9570.79
8995.27
8725.41
8705.66
8950.46
9654.74
9724.27
9309.84
9301.62
9785.31
9606.99
9449.42
9794.41
9513.57
10001.4
10027.9
10400.1
9828.28
9778.55
10319.3
9941.95
9626.99
9349.2
10423
10536.9
9992.02
10235
10510.7
10296.9
9981.64
10007.7
9915.86
10022
9787.72
9611.2
9542.11
9682.43
9098.54
9179.93
9617.09
10269.1
9897.87
9953.68
10053.1
9617.96
9717.1
9779.79
9774.72
9277.45
9424.66
9404.88
9285.94
9413.52
9657.53
8695.28
9406.38
9420.11
9810.85
9882.64
9915.88
9626.37
9137.91
8799.25
8795.19
9267.7
9095.78
8955.32
9213.87
9448.88
9609.18
8964.02
8952.17
9507.66
9532.32
9238.13
9536.28
9106.58
8714.77
8706.83
8135.77
8486.6
8716.65
8924.9
8601.86
9118.98
8575.95
8299.46
8726.63
8748.55
8584.94
9114.33
9265.18
8753.85
8894.98
8969.99
9172.31
9256.59
9714.63
9663.92
9747.1
9592.72
9726.64
9713.7
9295.58
8938.5
9265.6
9131.53
9477.12
9758.24
9004.34
8671.15
8697.93
9555.84
9014.88
9684.53
10314.5
9657.59
9454.18
9032.94
8732.97
8861.01
9130.32
9129.39
9580.06
8676.57
9143.63
9491.56
9119.02
9536.1
9483.71
9078.87
8934.51
9263.07
8597.22
9106.01
8873.1
8463
8595.91
8486
8230.95
8554.68
8519.19
8804.87
8373.91
9213.1
9867.98
9638.33
9726.71
9738.2
9464.03
9602.82
9451.46
9613.5
9681.86
9298
9789.35
9388.84
8910.99
9522.75
9627.53
9830.21
9627.51
9542.85
9499.88
8591.09
9314.77
9299.02
9029.73
8666.54
8724.87
9449.6
9527.3
9090.27
9441.03
8917.34
8961.3
9195.97
8674.59
9439.29
9383.66
9475.1
9848.93
9477.92
8853.2
9029.18
9378.96
9004.09
9012.81
8615.98
9118.33
9431.79
9004.47
8784.83
8773.92
8992.83
8803.06
9300
9424.18
9514.71
9274.31
9382.86
9033.74
8984.42
9275.11
9373.53
9420.46
9517.26
9532.28
9595.66
9561.64
9316.7
9290.77
9340.99
9921.1
9179.1
9468.3
9460.73
9175.78
9523.87
9645.27
8855.94
9414.83
9569.98
9387.05
9126.63
9230.66
9393.28
9056.3
8813.16
9717.73
9836.75
9788.65
9742.74
9666.99
10119.3
9910.05
9949.42
9739.43
9538.69
9526.37
9654.3
9311.11
9344.48
9793.92
10160.7
10032
10049.3
11022.2
10250.1
10634.1
10529.2
9944.81
9767.08
9854.23
10122.3
10658.4
10353.1
10176.8
10206.8
10118.8
10545.6
10921.6
10705.9
10067.3
10190.8
10186.3
10360.4
9918.71
9928.88
9424.61
9329.17
9488.07
9932.04
9580.81
9962
9466.05
8651.87
8713.24
8501.24
8967.85
9293.31
9653.19
9247.78
8940.62
9557.93
9515.19
9446.86
9481.17
8921.01
8844.67
8926.82
8735.56
8925.88
8766.83
8328.13
8585.52
8715.96
8836.42
8792.58
9090.85
9282.53
9274.68
9472.47
9598.13
9798.04
10705.1
9924.04
10174.2
10676.7
10269
9623.44
10549.2
10683.1
9883.32
9816.23
10768.6
11025.2
10798.2
10675.5
10595.8
9827.63
10315.7
9926.26
9280.84
9174.82
8689.31
8627.63
9183.79
9461.91
9773.75
10717.1
10363.4
10886.9
10530.7
9616.37
9580.78
9327.18
9633.74
9576.32
9430.48
9741.07
9940.69
9892.89
10065.1
10137.8
10318.6
9721.32
9924.59
10245
10219.1
10194.4
10036.2
9667.96
9517.89
9689.86
9467.52
10131
10604.5
10495.6
10862.3
10986.8
10545.4
10249.8
10645.4
10410.6
10128.1
9904.38
9797.38
9610.56
9350.38
9899.04
9728.2
9037.25
9122.56
9272.39
9147.03
9222.43
9885.13
9652.69
9360.52
9647.69
9304.38
8610.56
9093.42
9472.76
10045.2
9895.59
9865.86
10253.7
9359.64
9249.74
9449.39
9610.28
9816.4
9488.56
9580.65
10121.5
9578.23
9451.94
9302.83
9591.08
9431.94
9748.03
9776.8
9617.28
9809.18
9404.3
9918.45
9672.22
9991.11
9685.83
10418.2
9673.37
9589.13
9647.88
9627.65
9001.3
8907.11
9433.17
9520.3
8867.97
9291.93
9609.6
9022.74
9299.55
9530.27
9527.91
9628.46
9237.99
9527.69
8874.46
8880.25
8848.16
9341.89
9008.45
8608.88
8612.25
8980.01
9290.85
9370.13
9499.01
9028.87
8969.7
8893.26
9358.44
9338.38
9457.04
9825.72
9249.38
9399.2
9399.24
9416.23
8947.96
8503.75
8617.61
8830.2
8426
8763.01
8997.12
9299.79
9597.85
9003.38
9009.55
9121.82
9022.41
9270.35
9771.71
9484.83
9326.64
9220.43
8792.34
9083.15
10435.3
10043.6
9473.21
9366.59
9195.19
9025.81
8281.83
8649.24
9256.7
9167.23
9161.54
9492.26
9524.46
9558.98
9786.01
9889.01
9415.79
9231.7
8681.28
8619.56
8809.37
9131.63
9282.76
9296.01
9070.93
9368.28
9327.42
9443.29
9296.28
8887.05
8625.21
8298.29
8642.43
8726.99
8214.21
8055.93
8442.06
8541.16
8113.11
8639.01
8869.99
9300.97
8480.67
8451.69
8847.9
8628.66
8624.63
8709.92
8736.4
8745.21
9451.39
9470.19
9446.41
9493.12
9874.16
9708.24
10240.4
9814.39
9978.65
9836.94
9617.21
9820.85
9791.65
10525.8
10579.3
10612.3
10707.4
10422.8
9804.65
9857.32
9711.43
9840.8
9699.88
9441.21
9268.11
9887.73
9512.67
9497.42
9383.84
8794.64
8793.22
8973.34
8567.75
8568.44
9380.27
9477.34
9716.14
9490.71
8981.93
8866.89
8423.91
8780.47
9186.69
8740.41
8411.69
9223.6
9213.98
9457.92
9151.38
8838.75
8817.31
8528.73
8413.24
8132.09
8500.84
8524.19
8557.01
8578.49
8369.96
8331.93
8135.3
8397.86
8273.06
8105.13
8294.97
7651.44
8166.81
8050.78
8094.86
8228.92
9054.02
8821.63
8555.83
8468.53
8179.21
8873.04
8907.87
9005.06
8820.97
9006.59
8643.81
9175.55
9249.38
9506.52
9491.22
9753.47
10238.1
10660.1
10864
10944.7
10774.9
10588.3
9574.06
9628.61
9708.09
8837.28
9152.42
8299.76
8423.39
8132.69
8215.66
8401.79
8292.51
8309.36
8415.93
9594.54
8984.41
9449.74
9339.38
9061.09
8935.18
9237.14
8884.81
9119.33
9195.8
9253.73
8852.17
8950.81
8789.55
8733.27
8983.98
8646.1
8098.43
8501.72
8904.68
9142.53
9209.06
8837.55
8262.72
8690.87
8885.31
9126.28
9809.46
9949.13
10294.5
10276.2
9881.09
9400.2
9366.53
9085.49
9265.57
9130.82
9046.53
9472.8
9593.54
9473.57
9199.4
8854.29
8805.54
8827.3
9182.64
9487.71
9719.33
9604.67
9560.05
9338.91
9599.31
9895.67
10652.8
9464.92
9536.98
9516.37
9869.94
9792.35
9473.82
9279.83
9057.64
9408.62
9691.06
9214.63
9097.88
8966.12
9495.91
9720.97
9836.16
9828.81
10166.8
10060.5
10059.9
9942.19
9992.79
9600.21
9162.51
9365.07
9325.53
9664.1
9566.43
9362.26
9533.34
10334.2
9962.73
9522.89
9804.58
9733.49
10011.5
10347.9
9839.01
9677.92
8986.56
9847.35
9479.65
9622.96
9659.83
9960.94
9776.27
9072.6
9850.78
9892.45
9541.54
9687.89
9811.03
10443.1
10043
9735.8
10053.4
10435
10635.8
10442.4
10579.2
9918.36
9377.17
10021.6
10352.1
9475.4
9814.27
10286.6
9996.23
10141
10106.8
10017
9596.23
9852.82
10434.4
10709.2
10406.2
10154.2
10408.9
10281.1
10099.2
10260.3
10346.6
9770.29
10166.6
10111.1
10309.1
9567.34
10376.4
9924.74
10322.2
10599.3
10406.6
10187.9
10363.8
10850.2
11138.1
10557.2
11033.5
10984.9
11068.9
11413.1
10791.4
10844.7
10901.1
10635.3
11040.5
10817.3
10959.6
11009.2
10235.4
9992.75
9897.6
10363.1
10257.4
10260.5
10212.7
10535
10281.4
10596.4
10323.7
9837.3
10523.1
10487.2
10788
10328.3
10359.2
10530.8
10576.1
10675.7
10380.8
10806.6
10461
10663
11194.7
10862.4
10900.5
10832.7
10690.8
10084.8
10180.2
10317.4
10245.5
10304.5
10424.5
10000.4
10812.5
10735.9
10735.4
10284.1
9911.33
9805.95
9881.1
9847.14
9768.64
9305.7
9861.32
9756.1
9852.99
9491.01
10038.4
10303.3
10831
11088
9970.6
9684.14
10383
10117.4
9689.55
9691.27
9817.88
9471
10103.3
10026.7
10128.2
10456.2
10218.2
10041.3
10301.5
10198.3
10350.6
10060.6
10230.7
10478.4
9899.65
9780.77
10051.8
10210.7
10213.7
10504.1
10217.3
10522.5
10549.5
10301.1
10027.8
10374.8
10402.5
10446.6
10240
10012.3
10230.6
10869.8
10283.1
10019
9868.58
10178.1
10091.5
10699.4
10363.3
10576
10744.3
10992.5
10657.8
10767.3
10997.5
10804.1
10953.5
10306
10568.5
10452.7
11462.1
11445.7
11340.8
11191.3
10949.3
11267.4
11304.3
11432.5
11033.6
11412.9
11120.3
10306.3
10981.5
10853
10718.2
11128
10960.1
11141.1
11549.8
11815.6
11970.9
11748.1
11949.8
11595.6
11274
11407.6
11498.7
11984.4
12833.4
12723
12211.5
12249.7
12142.1
11495.5
11268.5
11351.7
11308.5
11784.4
11901.2
11613.9
11460
11354.8
11631.3
11486.1
10564.7
10744.9
10628.8
10649.5
11302.6
11204.6
10992.3
11460.2
11379.8
11313.1
11550.5
11095.7
11025.3
10881.6
11463.5
11533
11546
10854.9
10885.5
11146.2
11417.7
11391.7
11366.4
11528.6
10885.1
11216.3
11031.7
11202.7
11413.6
11284.9
11381.7
11325.3
11680.4
10958.9
10859.5
11151.3
10806.1
10689.6
10726.4
10769.6
10922.6
10877.7
11127.4
10525
10548.3
10967.5
10822.1
11017.3
10940.9
10786
10747.5
10805.7
10594.6
10628.5
10305.5
10287.7
10304.1
10386.2
10404
10690.8
10579.1
10272.8
9530.89
10329.8
10998.8
10820.1
10684.7
10379.1
10535.9
10498.6
10720.2
10273.8
9914.44
10202.5
10447.2
9864.94
10018.1
9872.69
9570.5
9457.57
9318.86
9739.33
9606
9626.69
9446.99
9951.27
9954.41
10228.8
9585.87
9622.48
9811.55
10102.9
9977.83
9912.38
9569.48
9715.93
9924.18
9892.33
9591.02
9319.98
9398.95
9235.18
9125.47
9473.47
9938.78
10247.5
9988.28
10088.7
10059.5
9620.49
9606.72
9900.2
9920.84
9997.2
10216.9
10008.7
10280.8
9995.36
9330.19
9384.46
9516.73
9450.39
9632.13
9613.87
9422.63
9494.78
9390
9682.93
9103.97
9294.35
9514.59
9112.5
8895.83
9368.27
9719.32
9352.67
9498.87
9726.53
9737.23
10185
9814.63
9254.96
9831.61
10089.8
10661.2
10775.9
10781.2
9741.47
9410.49
9468.59
9032.29
9487.86
9465.16
9961.81
10182.9
10374.3
10056.6
10455
10268.3
10618.4
9991.3
10362.3
10412.4
10555.8
10664
10560
11123.4
9969.75
9655.07
9029.82
9318.85
9814.85
9663.16
10152.3
9626.75
9697.59
10446.6
10669.1
9935.78
9380.45
8869.23
8611.42
8326.58
8609.1
8429.52
9167.11
8954.8
8809.41
9331.27
9554.59
10285.8
9717.04
9262.1
9340.25
8936.44
8697.49
8732.26
8628.46
8270.77
8771.3
8732.32
8259.31
8368.95
8485.73
8584.97
8032.35
7761.48
7878.41
8363.3
8309.38
8668.89
9383.77
8985.93
8689.66
8772.88
8515.75
8283.33
9272.18
9265.78
9078.51
9680.33
8966.45
9454.02
9565.14
9787.47
9848.52
10151.2
10310.1
10195.2
10163.2
9895.49
9919.78
9317.06
9147.55
9980.58
10350.1
9777.4
9782.82
9338.39
9453.59
9213.11
9588.19
9848.21
9451.07
9674.96
9477.09
8934.52
9141.45
9148.49
8835.19
9047.17
9048.87
9321.82
9193.37
9272.46
8841.69
8952.85
8948.38
8775.99
9642.62
10032.4
9653.6
9562.1
9439.25
9182.57
8737.18
8708.95
8654.73
9044.84
9078.6
9336.71
8731.96
8516.01
8692.87
8568.68
8921.51
8703.56
9367.08
9520.35
9527.67
9565.25
9298.58
9982.04
9473.24
9118.16
9621.54
8871.08
8624.36
8716.89
8566.72
8612.67
8989.92
9052.5
8474.77
8908.44
8532.55
8456.59
8437.74
8124.2
8270.57
8490.35
8669.33
8674.65
8663.31
8548.83
8670.73
9182.28
8784.19
8846.86
9277.75
9273.78
9185.67
8954.99
8969.24
8942.33
8662.71
9211.94
9426.42
8956.94
8705.59
9368.83
9829.02
10634.4
10064.3
10173.4
9827.48
9860.76
9545.68
9961.2
9696.37
9808.98
9904.21
10032.8
9367.2
9685.39
9791.6
9789.85
9740.82
9490.67
8915.59
9561.81
9845.85
9346.91
9287.8
9040.83
9279.07
9289.65
9516.83
9204.36
9693.67
9169.79
9089.26
9563.98
9787.26
9578.49
9120.08
9276.66
9439.71
9476.9
9544.03
9529.87
10079
9736.65
9710.51
9804.1
9372.75
9327.38
9620.57
9598.59
10296.8
9740.07
10028.8
9286.16
9892.11
9719.67
9839.18
9828.12
9187.66
9534.75
9771.71
9572.83
9039.4
8945.96
8913.65
8848.77
9039.64
9269.89
9485.13
9193.84
8773.11
9151.03
9216.9
9255.56
9533.29
9393.81
9400.22
9845.91
10133
10276.4
10281.2
9948.43
10202.4
9949.5
9906.88
10289.7
10009.7
9111.53
8657.12
8580.57
9135.2
9755.68
9440.54
9514.49
9945.85
10028.2
10218.8
10223.7
9895.84
9966.45
10013.7
9202.28
9474.82
9415.36
9526.42
9321.26
9303.74
9087.97
8798.1
8639.23
8798.65
8851.16
8901.51
9029.49
8958.27
8898.53
9047.72
9037.57
9058.62
8828.33
8976.56
8905.28
8861.3
9361.79
9296.62
9411.98
9520.79
9469.71
9607.47
9374.04
9806.92
9741.94
9897.57
9731.19
9743.45
9960.23
9546.53
9241.1
9463.48
9614.89
9313.32
9705.16
9591.24
9852.66
9963.07
10344.4
10230.2
10059.2
10396.5
10544.7
10001.9
10057
9797.77
9762.69
10101
10231.9
10456.6
10904.3
10054.7
10151.5
9977.89
10083.5
9426.91
10028.9
9804.74
10247.1
9925.21
10190.1
10075.8
10067.7
9643.08
9911.95
9617.3
9430.6
9465.23
9727.71
9991.28
9878.13
9546.04
9378.1
9336.34
9392.72
9331.27
9406.05
9645.57
9697.34
9287.09
9108.78
9495.96
9321.37
9318.79
9471.16
9443.66
9566.8
9581.24
9498.5
10037.9
10453.5
11014.3
11090.4
10611
10366.9
10205.8
9859.46
9573.69
9831.83
10346.6
10451
10653.9
10393.1
10137.3
10518.2
10657.6
10167
10021.8
9682.11
10032.2
10119
9926.8
10874.6
10007.4
9771.9
10259.3
10128.5
9913.9
10110.9
9950.7
10147.6
10143.4
9950.12
10680.5
9954.88
9757.51
9678.06
9935.82
9448.77
8917.98
9275.8
9309.86
9059.7
9234.2
9429.28
9632.89
9893.6
9888.71
9789.23
9561.59
9672.05
9727.81
9142.12
9790.33
9998.83
9889.89
9919.82
9662.34
9645.95
9647.37
10338.9
9376.38
9501.21
9224.5
9223.95
9431.4
9519.41
9752.09
9402.45
9052.97
9072.49
9270.65
9239.47
9276.27
9440.74
9667.7
9844.45
9760.17
9503.41
9295.86
9440.64
9381.51
9165.31
9418.84
9194.18
9198.79
9099.4
9015.41
8199.49
8430.7
8262.38
8874.71
9035.86
9034.89
9250.35
9294.58
8487.7
8215.23
8437.8
9326.09
9291.12
8851.25
9349.69
9384.69
9665.16
9720.09
9884.69
9800.83
9842.1
9083.3
9787.09
9566.34
9635.96
9828.72
10322.9
10153.7
10218.6
10754.3
10697.3
10357.3
10274.1
10219.1
9952.46
9758.47
9956.82
10152
10443.2
9791.1
9548.4
10215.2
9635.74
9670.73
9248.98
9433.66
9448.93
9951.68
9603.76
9739.07
9917.3
9350.55
9584.71
10191.2
10268.2
10034.2
9920.29
9821.01
10446.1
10279.7
10313.5
10197.7
10064.6
10259.9
10054.6
9507.38
9730.86
10201.2
10026.5
9499.67
9498.19
9480.1
9481.05
9122.79
9136.52
9652.26
9952.56
9601.59
9447.19
9839.94
10441.9
10213.1
9899.57
10460.4
10218.1
9950.89
10157.6
10114.7
10275.6
10057
9914.39
10390.4
9783.57
9705.06
9919.28
9897.24
9368.5
9486.22
9107.59
8717.92
9062.61
9389.58
9049.58
8993.22
9114.07
9027.79
8792.11
8672.45
9054.68
8738.14
8768.53
9155.96
9021.08
9240.46
9332.83
9113.16
8976.85
9358.53
9353.5
9616.7
9287.87
9245.64
9399.15
9531.93
9663.75
10031.8
9569.21
9347.69
8891.84
8706.17
9114.46
9297.93
9724.07
9988.02
9992.97
10302.1
10459.4
10307.2
10090.1
10172.8
9655.63
9584.66
9142.8
8738.52
9132.97
8942.25
8862.21
8957.83
9078.87
9682.39
9328.45
9371.04
8886.71
8828.03
8549.03
8642.96
8631.81
8803.2
9157.03
8955.29
9027.12
8978.24
9121.25
9086.95
8933.55
8937.95
8934.35
9108.27
9071.71
9097.65
9021.93
9112.59
8982.61
8392.38
8219.63
8284.23
7823.73
7885.27
8152.5
8373.59
8938.73
9272.86
9125.33
8748.41
9065.84
8928.97
9047.74
9209.43
9049.24
9072.54
9069.59
9268.54
9269.7
9154.02
8947.91
9030.15
9158.33
9456.99
9728.11
9745.96
9345.18
8973.08
8884.37
9356.66
9260.63
9162.12
9324.59
8958.21
9208.51
9083.78
9057.97
8838.61
8803.59
9303.42
8687.09
9401.4
9085.22
9216.72
8763.92
8513.61
9304.94
8588.72
8142.5
8218.49
8302.28
8573.94
8865.66
8714.42
8860.41
8709.32
9033.43
8645.52
8631.21
8524.19
8383.35
8445.17
8422.58
8647.32
8072.07
8305.47
8139.87
8267.22
8187.02
8294.11
8115.38
7661.8
7440.19
7886.8
7581.3
7369.64
7900.75
7796.56
7967.92
7709.51
7587.44
7713.74
7723.21
7560.12
7471.08
7695.54
7849.68
7996.38
8014.6
7436.35
7197.36
7298.14
7455.63
7701.45
7742.57
7773.09
8049.25
8156.74
7967.62
7908.64
8171.29
8212.42
8475.99
8244.44
8226.79
8066.64
8293.74
8107.32
7821.88
7544.12
7893.3
7759.64
7787.38
7462.31
7603.6
8004.41
8148.16
8159.98
8216.3
8613.6
8371.11
8519.1
8342.52
8046.33
8286.77
8272.49
8212.04
8096.6
7848.87
8257.12
8693.73
8575.91
8518.7
8608.36
8213.49
8467.63
8683.81
8517.7
8414.72
8491.5
8723.74
8536.73
8645.77
8371.73
8475.23
8589.78
8578.35
8336.49
8770.83
8516.48
8658.95
8549.18
8067.27
8138.73
8346.62
7880.4
8332.36
8593.88
8220.87
8038.95
7951.38
8187.08
7860.71
7826.92
8345.58
8818.57
8467.42
8299.8
9085.28
8695.1
9270.21
9089.84
8705.62
8850.97
8696.19
8696.92
8973.64
8876.06
9001.99
9527.47
8994.9
8710.81
8240.61
8171.03
8258.06
8649.63
8579.11
8600.51
8412.84
8064
8518.57
8188.41
8383.16
8362.19
8466.47
8535.82
8292.92
7761.67
7945.02
7744.3
7846.86
7758.65
8263.83
8198.74
8585.61
8139.4
8296.92
7686.04
8156.5
8197.97
8279.05
8334.89
8181.24
7744.29
7582.82
7428.26
7485.81
7546.92
7806.48
7941.16
7879.68
7955.71
7889.76
8050.66
8461.24
8441.97
8271.23
8075.64
8161.17
8253.43
8081.84
8296.9
7985.26
8258.98
8686.31
8585.21
9056.39
8650.79
8037.45
7831.71
7993.32
7638.65
8056.46
7641.24
7431.29
7041.55
7031.45
7028.37
7406.07
7490.74
7237.42
7449.98
7212.85
7770.35
7521.03
8083.48
7848.61
7974.3
7368.64
7442.23
7721.51
6969.36
7214.57
7067.48
6970.04
7008.87
7328.65
7366.15
7676.71
7503.48
7995.92
7995.22
7819.08
8072.65
8173.6
8371.44
8278.94
8325.66
8190.92
8247.03
8398.36
7805.04
7821.48
7550.46
7567.77
7427.33
7439.34
7842.17
7682.87
7666.1
7596.59
7657.49
8000.31
8483.69
8478.17
8587.91
8435.12
7951.51
7989.31
7788.27
7716.02
7324.27
7849.93
7507.52
7686.22
7768.87
8091.63
7977.14
7955.36
8080.28
8166.95
8182.67
8198.99
7740.33
8302.02
8519.99
8409.85
8060.65
8010.81
8095.53
7914.41
7859.68
7911.09
7725.1
7895.01
7958.12
8113.89
8225.22
7957.34
7464.86
7454.86
7971.39
8154.65
8341.35
7782.1
7698.02
7874.91
7777.37
7790.97
7716.22
7303.6
7303.46
7415.24
7589.85
7407.55
7158.67
7154.36
6981.45
7022.27
7379.93
7749.62
7525.53
7094.94
7097.6
6820.1
7105.99
7335.45
7446.1
7510.23
7491.4
7685.17
7317.43
7307.23
7777.03
7864.28
7774.06
7640.98
7736.39
7631.63
7885.01
7622.82
7336.15
7533.01
7806.89
7461.04
7322.32
7726.2
7452.48
7298.06
7558.15
7406.8
7439.95
7415.76
7258.49
7129.68
7064.06
7555.03
7496.08
8028.66
7727.66
7633.54
7484.19
7827.78
7455.18
7453.8
7345.17
7282.92
7263.97
7394.82
7702.37
7533.06
8021.78
8209.06
8493.44
8092.61
7859.53
7620.26
8097.83
7804.21
8151.79
8073.96
7966.36
7957.02
8072.48
8259.78
7831.81
7910.19
7618.55
7394.14
7540.15
7624.36
7662.96
7549.85
7136.7
7083.1
6876.92
7056.09
7242.96
7117.35
7391.68
7610.77
7270.3
7254.39
7134.78
7315.4
7380.61
7541.38
7809.62
8123.67
7954.67
8109.68
7595.11
7847.25
7493.45
7671.46
7347.66
7560.85
7879.63
7583.12
7594.79
7508.67
7551.91
7229.83
7028.24
7090.86
7001.58
7018.71
7269.11
7210.17
7328.46
7541.68
7611.95
7684.33
7628.06
7446.09
7500.73
7819.95
7827.9
8115.51
7955.43
7938.64
7916.84
8090.67
8443.52
8171.98
8334.97
8182.49
8264.24
8074.73
8315.7
8350.96
8172.94
7956.85
7644.02
7897.78
7823.96
7749.71
7388.18
7512.47
7663.55
7811.77
7213.68
7442.26
7682.9
7454.93
7474.58
7595.09
7627.06
7782.82
7860.97
7738.55
7623.29
7674.54
8067.42
7840.67
7543.08
8091.67
8238.03
8325.99
8460.99
8708.27
8706.56
8522.2
8424.95
8196.91
8503.16
8644.81
8746.95
8519.83
8496.24
8310.63
8736.57
8775.15
8797.62
8251.84
8198.18
8016.21
8185.89
8480.58
8102.53
8276.14
8154.9
8463.78
8606.46
8125.21
8276.17
8224.18
7892.53
8275.9
7890.28
7861.2
7688.02
7638.9
7936.98
7904.9
7431.33
7358.73
7553.07
7474.58
7997.69
7881.23
8031.78
8189.68
7996.96
7669.86
7859.24
7896.98
7988.07
8246.68
8539.71
8456.21
8257.61
7968.75
7838.74
7961.02
8167.64
7942.09
7956.19
8037.88
8107.06
7886.96
7773.61
7657.08
7440.81
7447.88
7719.03
7690.69
7523.61
7596.52
7195.2
7437.02
7366.94
7835.65
7871.34
7329.12
7602
7891.99
7926.94
7788.38
7862.84
7741.04
7472
7854.92
7873.12
7745.92
7563.19
7679.78
7919.43
8153.7
8109.69
8095.67
8031.64
8030.82
8313.78
8249.18
7567.97
7516.09
7496.61
7537.05
7458.21
7562.77
7743.58
7625.48
7659.32
7794.27
7900.23
7690.11
7603.41
7539.53
7217.89
7659.21
7717.78
7723.75
7847.86
7748.55
7585.78
7383.35
7658.95
7540.05
7801.28
7777.78
7662.48
7458.4
7573.17
7249.27
7700.26
7550.16
7398.33
6951
7062.15
7061.57
7463.45
7630.91
7470.77
7456.1
7056.61
7145.25
7067.5
7317.02
7333.78
7361.46
7420.21
6892.57
6827.76
7000.67
7255.47
7462.42
7468.15
7242.38
7270.3
7221.85
7228.53
7199.16
7195.17
7005.99
7006.77
6817.27
6775.45
6973.86
6740.68
6948.18
6786.62
6855.34
6614.47
6567.3
6758.46
6616.86
6752.22
6593.88
6575.22
6876.69
7048.04
7147.11
7405.53
7542.39
7898.48
7664.67
7332.87
7328.21
7535.77
7375.99
6909.5
6960.6
6757.59
6863.71
6467.75
6473.23
6425.48
6615.15
6826.16
6814.77
6823.91
6991.88
7041.29
6818.74
6967
6744.41
6804.58
6536.96
6394.21
6370.38
6690.12
6524.18
6321.8
6753.34
6832.22
7151.79
6647.03
6751.78
6403.75
6551.72
6721.68
6602.42
6568.73
7195.5
6758.96
6892.95
6870.19
6872.66
6465.31
6450.27
6815.09
6476.17
6721.11
6502.73
6481.66
6656.19
6783.47
6210.3
6634.21
6779.66
6654.03
6770.92
6735.83
6781.16
6797.29
6829.84
6866.18
6740.73
7064.93
7074.75
7011.74
6973.98
6927.73
6872.32
6946.32
6982.38
6720.59
6607.19
6592.93
6684.46
6763.79
6711.53
6579.01
6714.66
7063.17
7147.79
7237.68
7003.86
6966.99
7041.42
7000.31
6847.94
6378.85
6790.56
7098.16
6847.45
6673.8
6742.29
6471.74
6493.44
6771.69
7386.69
7027.09
7032.46
6850.78
6689.57
6653.98
6466.32
6286.16
6299.34
6406.12
6328.09
6591.02
6788.58
6874.74
6738.61
7126.84
6994.76
6758.43
6410.16
6635.02
6836.17
7197.42
6940.31
6839.62
7294.25
6765.81
7188.54
6892.22
6712.41
6776.58
6741.13
6697.44
6634.59
6819.01
6692.19
6636.16
6883.66
6795.61
6782.9
7194.9
6922.77
7297.66
7425.93
7193.76
7458.73
7633.37
7597.99
7455.19
7626.62
7627.28
7747.75
7895.45
7714.04
7352.31
7121.8
7302.54
7349.73
7310.39
7151.82
7321.13
7296.14
7055.74
7364.67
8081.42
7953.81
7839.3
7424.06
7407.35
7379.21
7505.28
7536.65
7369.13
7397.58
7384.56
7271.72
7234.49
7599.92
7226.96
7089.69
7021.25
7033.52
7286.86
7487.49
7429.85
6831.31
7027.22
7471.93
7237.27
7410
7258.9
6925.31
7288.64
7033.58
6977.33
7106.78
7287.84
7168.72
7178.23
6952.23
6904.89
6891.72
6860.45
6999.33
7194.99
7072.49
7402.72
7100.96
7496.51
7555.78
7493.96
7467.85
7564
7424.08
6934.85
6919.99
6884.12
6588.36
6860.61
6793.03
7033.86
6854.07
6889.93
6808.11
6763.19
6759.01
6767.25
6943.28
6778.31
6972.89
7322.38
7416.01
7308.45
7739.8
7804.49
7710.19
7679.56
7213.78
7298.13
7500.06
7241.04
7520.83
7468.68
7433.43
7231.3
6997.66
6901.25
7225.65
7223.48
6816.76
6794.27
6912.57
6840.3
7572.21
7317.91
7648.32
7448.95
7181.93
7010.4
7431.18
7353.96
7371.29
7295.61
7179.9
7375.87
7148.62
7077.66
6934.19
7082.78
7039
6956.06
6867.54
6795.03
6855.47
6860.53
7059.78
6771.15
6621.05
6628.5
6870.1
7043.14
7024.92
7096.17
7177.03
7110.42
7033.44
7051.23
7112
7144.23
7007.02
7217.22
7124.37
7056.56
7167.31
7160.59
7105.59
6660.57
6891.79
7104.65
7072.1
7033.42
6788.31
6636.14
7169.15
6826.33
6783.77
6738.73
6566.99
6711.78
6911.29
6937.73
7004.37
6917.14
6991.1
6848.72
6893.55
7033.15
6779.18
6707.54
6301.62
6393.36
6421.93
6259.26
6232.5
6210.53
6539.52
6189.42
6363.15
6074.17
6371.91
6329.85
6516.93
6552.47
6557.89
6259.2
6311.25
6546.98
6575.67
6582.63
6478.35
6447.76
6204.45
6086.95
6050.96
6241.59
6265.94
6672.89
6684.42
6553.61
6547.92
6648.71
6614.63
6520.35
6753.09
6737.66
6833.69
6838.26
6582.47
6814.08
6795.54
6496.3
6446.67
6313.7
5994.84
6091.47
6304.04
6255.5
5735.86
5979.33
6058.14
6200.72
6046.28
6151.77
6408.96
6337.86
6477.51
6422.73
6428.5
6639.04
6980.67
6689.16
6437.86
6471.17
6519.83
6650.74
6799.3
7045.52
7019.96
7185.88
7274.74
7194.08
7036.25
7114.08
6880.89
6994.66
7056.61
7112.44
6944.05
7134.58
6631.34
6746.44
6685.67
6869.6
6968.33
7012.85
6654.6
6350.57
6360.13
6276.82
6627.16
6753.27
7062.4
7153.86
7165.08
7002.68
7266.11
7236.46
6738.57
7052.83
6875.17
7011.54
6803.44
7009.69
6690.95
6792.26
7073.35
7142.51
7272.94
7172.58
7163.48
7205.89
7242.83
7252.7
7242.28
7137.88
7264.74
7014.22
6886.13
7138.53
7066.29
6913.89
6944.76
7099.31
7097.38
7284.38
7160.76
7291.81
7498.83
7446.42
7702.64
7148.07
6946.17
6772.48
6993.74
7315.41
7183.93
7094.62
7319.26
7436
7101.49
7095.57
7007.38
7113.24
6943.02
6878
6668.43
6603.88
6625.18
6763.18
6704.57
6654.1
6784.7
6921.47
6729.73
6637.86
6427.41
6767.15
6670.18
6500.63
6428.08
6488.79
6377.41
6357.45
6340.99
6495.96
6705.18
6612.49
6586.5
6379.13
6541.35
6721.7
6596.79
6487.01
6461.58
6410.11
6437.93
6342.16
6554.57
6437.14
6483.82
6815.87
6784.77
6414.07
6531.38
6767.71
6863.37
6653.49
6706.34
6634.19
6466.45
6644.96
6653.65
6527.63
6461.73
6668.71
6706.95
6690.95
6567.53
6677.57
6747.09
6984.67
6904.33
6898.33
6752.63
7004.06
6968.14
7179.46
6762.43
7013.82
6868
6693.24
6543.09
6635.04
6751.58
7128.61
6647.13
6587.31
6612.92
6540.76
6627.87
6512.2
6417.11
6831.61
6609.62
6688.4
6536.06
6478.79
6448.74
6595.7
6402.92
6387.09
6159.87
6163.68
6289.44
6575.21
6507.07
6452.18
6583.75
6639.46
6316.44
6274.55
6226.09
6213.88
5953.31
6098.89
6444.01
6275.35
6154.98
6198.67
6088.74
6103.61
6144.3
6333.08
6349.66
6366.13
6537.19
6282.52
6254.49
6285.93
6445.54
6349.1
6428.58
6400.72
6519.99
6575.2
6462.83
6518.56
6602.52
6629.46
6507.36
6384.44
6481.16
6496.86
6833.32
7002.41
6798.68
6525.77
6267.04
6375.99
6273.3
6014.65
6113.92
6358.32
6392.34
6467.42
6258.92
6310.08
6165.31
6065.73
6280.77
6432.46
6194.84
6211.38
6198.52
6341.17
6454.64
6344.51
6166.08
6616.23
6649.16
6730.86
6606.24
6463.27
6551.73
6647.29
6706.17
6654.85
6490.59
6548.06
6288.46
5980.05
6146.88
6370.86
6368.55
6340.91
6262.94
6249.94
6113.85
6081.75
6310.53
6142.37
6109.68
6054.27
6125.22
6059.02
6199.88
6504.44
6572.89
6344
6722.27
6472.86
6158.6
6438.4
6186.19
6259.4
6619.41
6494.86
6532.03
6540.63
6980.78
7159.51
6826.64
6577.42
6635.07
6000.07
5978.47
6189.38
6526.36
6936.37
6641.85
6475.83
6540.09
6339.77
6431.38
6523.78
6608.09
6695.55
6672.41
6805.79
6812.16
6645.64
6578.97
6279.74
6353.87
6372.62
6450.07
6158.64
6063.25
6133.47
6383.64
6261.82
6261.18
6157.65
6179.9
6113.07
6022.61
6026.26
5899.94
5917.17
5896.68
6065.16
5889.03
6028.76
6192.27
5839.16
5747.96
5988.58
5952.02
5940.56
6125.46
5890.05
5607.21
5843.25
5676.99
5749.07
5949.7
6014.21
5854.75
5675.52
5656.77
5765.51
5903.23
6099.4
5864.21
6023.68
5783.63
5675.33
5981.77
6104.87
5929.4
5997.46
6058.69
5983.92
5861.92
5941.79
5795.05
6041.95
5963.26
5926.18
6148.24
6204.87
6130.47
6047.52
6117.95
6338.76
6385.56
6370.78
6173.59
5977.6
6060.07
5932.58
6077.5
6007.63
6117.89
5905.76
6120.21
6401.93
6290.36
6250.26
6246.42
5946.94
5855.95
6094.83
5998.38
5929.34
5798.12
5964.23
6005.23
5962.04
5975.04
6060.76
6012.32
5864.81
6380.56
6360.34
6271.28
6176.21
6169.55
6225.64
6450.74
6537.6
6515.31
6063.13
6064.23
6100.96
6378.95
6192.4
6146.34
5975.3
6125.12
6127.57
6124.81
6061.31
6422.71
6344.21
6197.65
6360.26
6070.9
6027.75
6163.12
6230.04
6182.12
6010.97
5972.89
6174.7
6223.49
6060.91
6095.15
6062.34
5785.46
5932
5971.73
6093.84
6040.12
5966.99
6063.63
6070.67
6116.58
6260.35
6277.05
6333.02
6257.56
6405.84
6249.1
6232.3
6226.89
6161.54
6185.19
6135.34
6213.24
6231.41
5998.29
6086.25
6026.95
5949.23
5858.41
5942.91
5980.36
6120.79
6010.97
6177.41
6087.63
5780.41
5791.91
5920.34
5725.28
5817.04
5948.92
5817.94
5950.45
5911.17
6003.5
5861.01
6030.67
5914.31
5762.73
6092.27
6134.27
5710.94
5713.58
5699.82
5899.11
6008.43
5873.11
6004
5947.53
5977.22
5960.55
6095.15
6090.66
5936.54
5900.83
5693.65
5885.53
5843.78
5519.45
5581.77
5652.49
5586.97
5540.96
5514.33
5745.95
5378.76
5448.89
5702.17
5537.55
5435.95
5423.75
5623.19
5637.01
5756.07
5876.16
5809.09
5835.3
5744.49
5675.43
5426.42
5419.12
5398.18
5313.04
5298.09
5521.4
5529.01
6016.35
5802.52
5780.86
5822.72
5795.66
5678.34
5804.26
5654.68
5424
5449.95
5321.92
5562.11
5675.64
5818.69
5891.37
5661.35
5677.99
5663.21
5785.38
5827.65
5604.63
5388.88
5607.02
5645.29
5638.1
5941.83
5957.02
5970.05
5761.58
6120.76
5918.72
5870.08
5765.09
5626.06
5411.82
5462.66
5376.94
5478.86
5623.82
5523.45
5473.5
5575.66
5671.63
5360.93
5467.94
5564.99
5663
5469.86
5638.86
5707.03
5911.56
5980.55
5951.93
5878.24
5787.36
5839.32
5948.78
6356.61
6490.01
6221.81
6199.97
5755.08
5749.09
5962.73
5784.76
5526.36
5587.52
5688.94
5791.78
5736.83
5596.2
5586.39
5477.83
5474.87
5837.31
5848.94
5512.17
5365.81
5253.31
5092.11
5251.69
5182.91
5140.65
5031.57
5169.3
5133.43
5247.57
5038.17
4962.18
4908.41
4900.61
5025.55
5309.76
5411.96
5191.49
5246.54
5408.69
5487.64
5534.05
5643.38
5512.21
5476.27
5515
5442.94
5497.26
5562.4
5599.15
5496.54
5475.02
5433.34
5430.51
5408.24
5401.93
5378.04
5412.29
5422.33
5301.88
5541.88
5376.45
5273.69
5212.77
5408.62
5288.57
5266.96
5372
5333.06
5458.01
5510.6
5548.96
5521.78
5540.15
5326.01
5393.87
5488.09
5397.97
5501.17
5159.41
5271.68
5270.46
5353.57
5367.36
5365.67
5282.17
5535.6
5611.32
5606.61
5646.68
5710.31
5491.71
5701.14
5582.86
5804.82
5617.45
5448.55
5431.04
5344.36
5440.42
5510.72
5311.4
5303.21
5221.69
5331.66
5393.52
5206.97
5372.45
5175.32
5133.23
5100.84
5173.23
5010.98
5235.92
5325.26
5304.54
5479.86
5498.58
5399.3
5488.05
5435.17
5465.38
5361.11
5265.57
5309.56
5479.81
5265.15
5269.64
4953.36
4999.73
5274.99
5441.9
5515.21
5522.67
5268.66
5246.08
5164.65
5309.28
5491.21
5626.16
5638.91
5482.78
5457.43
5564.3
5587.92
5496.89
5496.31
5353.03
5384.83
5382.21
5215.82
5223.34
5249.38
5304.1
5237.09
5284.09
5352.24
5239.55
5300.64
5407.95
5519.1
5434.32
5376.51
5179.64
5274.68
5271.25
5271.1
5138.37
5244.75
5304.51
5516.68
5385.51
5520.23
5473.13
5449.81
5448.82
5510.15
5713.73
5550.44
5453.24
5671.94
5841.91
5913.42
5933.33
5795.12
5762.68
5665.49
5488.28
5395.37
5432.6
5358.79
5438.16
5670.83
5625.29
5722.74
5827.06
5736.04
5817.54
5891.04
5788.55
6057.51
6006.05
5892.35
5965.59
6027.65
5571.61
5671.56
5771.52
5682.83
5726.9
5386.89
5443.78
5549.43
5386.87
5429.14
5369.37
5418.28
5423.62
5341.98
5438.44
5572.66
5529.98
5517.87
5426.78
5442.65
5352.39
5386.47
5517.61
5602.52
5575.1
5420.1
5454.02
5353.93
5275.79
5151.08
5321.39
5258.85
5411.5
5297.49
5564.77
5600.27
5570.94
5716.94
5437.09
5424.14
5516.06
5483.7
5267.57
5328.55
5268.17
5243.33
5455.27
5306.6
5359.12
5290.25
5380.99
5451.7
5082.27
5131.45
5331.77
5359.13
5255.76
5313.27
5234.67
5048.39
5029.8
5193.12
5457.34
5374.71
5385.01
5260.52
5409.41
5315.53
5424.08
5712.51
5398.11
5228.21
5096.15
5124.03
5146
5351.54
5354.24
5384.07
5241.88
5056.97
4913.14
5068.68
5062.28
4787.24
4943.25
4955.46
4989.18
4965.82
4749.89
4859.32
4862.9
4797.53
4819.75
4994.79
5029.29
4920.75
5159.69
4970.29
4990.48
4958.14
5009.28
5030.98
4999.64
5026.81
5152.6
5314.37
5243.17
5134.46
5035.48
4966.55
5052.67
5044.58
4996.71
5066.4
5113.54
5038.12
5187.97
5302.07
5280.43
5413.42
5310.59
5400.68
5387.59
5319.27
5158.61
5057.5
5213.77
5246.05
5332.79
5623.13
5572.3
5483.39
5551.49
5464.08
5446.29
5450.4
5477.89
5282.67
5334.77
5485.15
5497.79
5387.47
5497.58
5442.26
5383.59
5717.9
5585.33
5767.3
5918.2
5794.7
5546.95
5530.12
5377.83
5543.52
5374.69
5176.93
5274.4
5208.27
5126.52
5047.54
5185.34
5191.37
5225.77
5365.07
5346.25
5263.91
5314.36
5302.76
5129.99
5235.52
5207.3
5180.75
5228.15
5250.9
5501.8
5341.02
5057.34
5285.17
5340.81
5291.94
5131.16
5284.26
5441.55
5490.25
5444.81
5472.49
5500.16
5510.22
5394.08
5510.9
5469.31
5251.78
5409.35
5396.7
5559.8
5356.04
5255.42
5288.45
5679.65
5618.89
5598.43
5402.67
5276.55
5373.52
5353.65
5352.99
5467.88
5294.47
5384.04
5507.59
5564.13
5590.82
5569.72
5460.55
5597.29
5484.64
5316
5583.51
5529.85
5529.91
5403.89
5462.37
5365.01
5433.32
5294.38
5451.15
5679.38
5502.2
5335.73
5317.31
5270.06
5224.66
5505.74
5420.9
5443.8
5352.34
5382.37
5553.57
5569.96
5461.77
5450.24
5346.76
5413.4
5364.38
5258.21
5475.75
5320.33
5268.38
5355.9
5338.01
5401.03
5360.5
5398.44
5381.65
5351.72
5323.84
5226.62
5272.24
5124.47
5147.2
5027.03
5128.06
5164.29
5273.18
5172.57
5283.76
4956.7
5070.4
5073.35
4943.27
4981.61
5006.11
4980.08
4968.15
4843.8
4990.14
4908.69
4920.71
4987.87
4997.62
4913.37
4863.95
5104.13
5105.35
5209.93
5232.66
5313.36
5353.76
5354.55
5303.35
5058.31
4890.77
5040.41
5092.14
4905.32
4874.97
4841.48
4973.57
4743.87
4711.48
4823.63
4926.46
5118.46
5186.44
5007.85
4946.99
4858.72
4876.47
4944.64
5027.42
4802.45
4908.96
5002.17
4923.1
4970.5
4909.36
4928.22
5110.81
5072.83
4932.8
5042.41
5023.89
5090.4
5123.84
4970.4
5000.59
5004.95
4954.39
5053.9
5071.17
4966.17
5040.71
5170.68
5122.29
5051.35
4968.36
5027.46
4957.94
4704.29
4786.38
4771
4791.37
4721.16
4747.69
4908.15
4910.53
4785.9
4741.68
4685.33
4802.63
4753.74
4767.25
4746.2
4790.8
4709.4
4684.52
4701.22
4716.34
4805.88
4783.94
4751.88
4805.38
4883.73
4862.9
5088.99
5239.91
4995.09
5032.28
5003.89
5160.2
5139.74
5048.63
4878.17
4898.76
4900.85
5055.37
4930.53
4889.22
4976.65
4847.06
4747.49
4938.01
5034.51
4897.6
4966.04
4992.1
5207.05
5307.05
5134.39
5138.29
5115.42
5086.03
5178.98
5261.3
5222.46
5239.89
5020.17
5132.85
5020.86
5125.95
5224.24
5215.88
5129.53
5103.02
5039.91
5106.33
5361.15
5413.77
5327.65
5126.46
5075.62
5026.76
4941.83
4880.81
5031.27
4931.18
4948.53
5018.13
4942.05
4950.96
4957.68
5121.81
5013.08
5086.71
5274.65
5230.27
5226.56
5059.73
4898.99
4774.73
4804.16
4817.06
4761.63
4939.09
5019.34
5070.44
5025.43
4722.71
4894.19
4863.98
4803.92
4779.49
4761.35
4812.09
4955.35
4855.73
4902.98
4903.29
5145.78
5230.23
5225.19
5171.92
5122.31
5188.5
5185.24
5279.24
5226.73
5290.6
5191.47
5125.65
5262.75
5220.88
5145.27
5197.95
5047.16
5063.68
5063.4
5136.05
4984.06
4947.5
4902.11
4819.61
4792.96
4701.37
4674.85
4813.71
4787.13
4795.69
4790.69
4741.66
4795.09
4816.69
4706.75
4603.33
4718.73
4938.29
4929.43
4909.04
4897.88
4928.29
4906.7
4914.65
4885.92
4961.02
4843.46
4748.9
4769.14
4814.54
4699.47
4663.75
4674.79
4768.09
4683.11
4643.68
4488.73
4818.38
4680.03
4870.44
4904.93
4809.59
4588.2
4666.66
4483.87
4625.89
4618.61
4781.4
4768.32
4629.06
4639.47
4628.82
4739.12
4707.74
4716.66
4769.11
4788.78
4880.92
4739.93
4634.77
4666.19
4595.17
4571.03
4695.45
4782.35
4741.81
4785.58
4609.04
4642.36
4765.74
4859.64
4812.44
4840.49
4683.17
4736.59
4794.4
4910.27
4915.43
4717.05
4626.98
4574.12
4662.19
4491.1
4616.2
4685.78
4717.48
4825.13
4805.53
4701.17
4761.92
4772.91
4709.28
4575.77
4679.26
4524.65
4533.32
4551.03
4613.06
4752.29
4758.41
4728.8
4723.71
4671.09
4655.1
4732.21
4884.19
4972.13
4997.83
5075.18
4893.81
4953.21
4825.22
4685.15
4724.5
4737.83
4729.3
4615.7
4567.35
4559.57
4527.71
4459.9
4575.53
4668.32
4647.72
4681.75
4716.19
4664.77
4694.41
4662.96
4684.49
4687.03
4655
4793.17
4655.94
4683.09
4699
4685.23
4797.51
4783.11
4818.03
4788.28
4727.25
4851.29
4791.22
4767.77
4903.83
4823.66
4869.11
4836.83
4919.9
4966.58
4842.6
4946.39
5101.43
5202.28
5103.47
5028.89
5001.49
4910.72
4762.44
4710.24
4702.21
4772.82
4798.73
4759.74
4819.16
4749.44
4905.44
4849.98
4899.28
4890.74
4811.92
4753.07
4691.78
4751.35
4734.7
4774.59
4783.5
4890.81
4775.17
4825.74
4771.03
4769.11
4692.15
4626.69
4628.48
4578.23
4650.17
4615.45
4746.57
4500.8
4603.87
4558.07
4599.18
4655.3
4749.99
4732.66
4756.75
4703.21
4728.28
4692.39
4721.29
4841.35
4833
4903.24
4866.92
4886.8
4859.81
4745
4735.37
4798.09
4712.18
4901.57
4870.46
4687.4
4866.46
4827.14
4663.74
4641.21
4803.73
4861.16
4787.66
4777.22
4835.95
4745.63
4797.97
4770.35
4712.59
4756.96
4752.96
4682.02
4720.84
4829.5
4795.53
4910.3
4709.21
4590.9
4535.93
4614.42
4611.78
4593.49
4570.53
4517.46
4558.48
4655.88
4747.39
4733.38
4689.17
4561.59
4595.15
4617.54
4586.99
4630.71
4619.8
4541.21
4609.74
4625.59
4739.4
4718.47
4629.81
4736.79
4715.74
4779.7
4727.76
4684.89
4647.88
4708.04
4507.06
4549.45
4593.49
4756.8
4629.25
4570.92
4521.93
4492.23
4595.74
4557.55
4630.56
4591.49
4766.04
4589.72
4715.42
4704.88
4754.74
4755.35
4820.72
4767.19
4653.53
4595.12
4500.01
4544.07
4568.03
4658.71
4675.11
4680.99
4690.69
4732.02
4786.7
4773.7
4698.15
4661.78
4535.75
4581.82
4544.09
4631.9
4608.53
4661.7
4882.85
4835.43
4766.1
4665.85
4732.65
4636.27
4642.38
4687
4822.45
4801.31
4698.74
4648.5
4558.47
4570.82
4471.09
4271.33
4336.39
4425.75
4420.61
4500.52
4489.07
4553.72
4494.74
4479.46
4454.84
4560.68
4475.15
4507.24
4476.48
4470.36
4467.09
4521.47
4408.63
4469.06
4396.44
4369.42
4346.89
4422.23
4366.9
4395.29
4377.83
4486.59
4486
4548.78
4588.17
4485.65
4391.34
4508.49
4512.36
4561.29
4605.4
4647.26
4665.4
4635.56
4569.93
4536.21
4583.22
4646.88
4578.16
4433.54
4479.52
4461.76
4536.83
4489.83
4549.46
4509.01
4542.64
4513.91
4567.17
4610.25
4602.3
4581.11
4487.18
4586.15
4618.59
4563.71
4553.01
4578.77
4583.09
4542.53
4529.6
4686.01
4666.72
4683.18
4524.12
4528.56
4561.04
4600.38
4706.53
4649.16
4614.6
4649.86
4650.87
4689.45
4676.93
4669.64
4675.61
4677.47
4605.38
4688.52
4628
4539.29
4579.62
4588.82
4615.56
4597
4677.12
4522.49
4508.58
4490.73
4472.47
4506.31
4592.98
4793.01
4604.63
4597.84
4536.76
4555.36
4561.63
4488.24
4435.21
4445.46
4462.41
4491
4437.09
4517.58
4482.62
4440.37
4428.07
4426.36
4397.77
4316.03
4317.13
4323.9
4304.8
4262.34
4181.96
4206.69
4321.65
4347.68
4334.56
4391.8
4313.46
4336.97
4333.03
4367.63
4291.96
4328.09
4334.1
4329.76
4396.84
4426.25
4365.92
4399.07
4307.37
4205.61
4205.14
4142.24
4261.65
4229.55
4173.95
4280.21
4377.53
4347.87
4313.22
4347.84
4290.35
4363.9
4268.91
4371.48
4334.45
4327.98
4422.28
4394.27
4311.15
4342.76
4347.55
4382.67
4335.63
4395.43
4434.71
4320.91
4336.58
4272.65
4331.92
4305.56
4227.73
4257.21
4304.53
4302.01
4348.8
4344.45
4431.44
4354.72
4361.09
4492.15
4482.17
4503.82
4427.17
4383.69
4366.78
4433.62
4344.76
4295.94
4265.15
4355.53
4390.27
4425.59
4291.63
4345.01
4312.65
4265.67
4242.16
4249.43
4277.7
4281.74
4251.75
4293.71
4238.04
4281.56
4265.46
4329.44
4372.01
4327.72
4277.99
4289.81
4260.6
4292.92
4272.64
4243.26
4291.33
4177.69
4190.11
4214.35
4284.33
4310.18
4322.8
4291.6
4308.27
4295.2
4304.06
4310.92
4265.02
4317.02
4283.52
4292.58
4364.81
4380.89
4358.81
4397.71
4484.18
4571.7
4449.94
4550.37
4455.43
4533.21
4402.08
4482.82
4568.47
4523.58
4527.95
4515.37
4602.73
4657.61
4732.55
4592.56
4517.66
4509.05
4541.35
4660.28
4601.67
4576.18
4510.26
4514.26
4424.6
4387.97
4419.76
4417.71
4395.56
4407.65
4323.15
4369.77
4349.4
4401.02
4370.35
4321.99
4283.44
4244.46
4274.48
4270.64
4256.38
4287.42
4439.7
4354.22
4326.29
4353.25
4320.16
4272.16
4313.93
4361.52
4442.8
4410.83
4256.25
4265.53
4354.54
4356.34
4261.89
4283.19
4302.65
4322.81
4369.43
4368.52
4351.48
4341.41
4430.15
4255.13
4274.07
4305.88
4364.62
4430.48
4403.12
4315.72
4349.93
4299.3
4233.65
4282.34
4370.49
4311
4326.94
4264.1
4217.45
4200.26
4156.09
4132.6
4158.26
4236.63
4199.48
4140.26
4158.15
4121.9
4235.58
4252.7
4231.27
4214.19
4254.15
4252.11
4315.17
4212.85
4245.13
4365.42
4255.82
4304.28
4294.71
4333.15
4343.67
4336.56
4319.11
4371.41
4433.73
4296.89
4339.58
4265.97
4233.02
4137.79
4168.18
4277.07
4304.66
4326.09
4275.18
4276.23
4258.44
4296.03
4265.35
4311.94
4149.45
4162.37
4202.08
4273.09
4192.77
4245.33
4168.56
4101.12
4083.67
4041.82
4069.35
4031.92
4055.44
4037.52
4059.31
4087.32
4147.4
4075.48
4152.83
4205.64
4230.57
4184.27
4218.27
4236.66
4208.58
4192.09
4276.02
4146.15
4198.08
4182.16
4176.09
4239.06
4153.01
4210.39
4229.69
4201.56
4252.66
4305.63
4305.89
4328.02
4306.47
4251.9
4198.33
4258.12
4258.29
4378.45
4342.77
4280.66
4265.66
4245.56
4258.73
4309.31
4320.12
4402.87
4294.96
4255.43
4242.58
4260.29
4276.32
4240.26
4221.1
4269.16
4251.97
4325.78
4147.36
4137.35
4143.89
4231
4195.79
4212.88
4210.88
4149.46
4208.5
4189.42
4217.91
4280.21
4188.69
4247.41
4238.72
4125.56
4248.37
4288.16
4321.03
4332.11
4331.22
4258.93
4189.05
4218.16
4206.18
4247.87
4231.25
4274.74
4259.92
4230.3
4273.34
4275.71
4289.59
4226.86
4183.14
4173.15
4244.91
4218.62
4238.97
4359.67
4364.14
4230.01
4238.42
4251.85
4226.47
4232.52
4266.88
4339.62
4362.87
4336.78
4318.34
4410.16
4353.77
4367.91
4375.16
4278.14
4167.7
4163.7
4178.7
4183.55
4150.85
4211.59
4065.17
4159.62
4150.35
4105.7
4102.67
4095.73
4062.13
4098.64
4128.83
4178.37
4068.61
4020.94
4038.54
4044.92
4063.43
4091.76
4226.77
4175.54
4138.19
4084.97
4174.84
4292.56
4289.95
4343.97
4334.26
4386.5
4280.19
4303.19
4242.09
4287.57
4253.81
4358.33
4319.87
4259.75
4305.74
4398.96
4350.03
4351.28
4260.8
4251.9
4181.83
4199.6
4366.25
4292.09
4287.12
4274.02
4210.52
4305.08
4211.05
4179.47
4137.27
4226.22
4202
4246.76
4196.53
4253.01
4267.8
4236.03
4235.8
4256.4
4257.8
4310.38
4358.89
4287.27
4222.5
4195.32
4283.35
4306.45
4236.79
4172.2
4241.67
4218.42
4230.25
4272.46
4261.39
4273.95
4267.31
4236.5
4179.94
4086.91
4145.33
4119.17
4139.54
4156.26
4123.68
4123.37
4111.4
4130.9
4198.77
4133.39
4168.16
4185.68
4079.46
4092.19
4053.59
4113.05
4118.99
4142.8
4128.55
4142.74
4106.4
4108.85
4119.73
4136.81
4131.69
4071.39
4057.21
4072.87
4068.4
4013.94
4040.97
4070.8
4087.22
4112.8
4125.13
4127.72
4081.46
4062.67
4056.67
4055.97
3984.09
4036.04
4053.67
4076.94
4103.08
4122.51
4118.27
4089.69
4112.15
4043.58
3966.15
3970.95
4041.75
4047.52
4035.36
4128.27
4126.43
4216.12
4140.12
4174.6
4136.53
4165.34
4156.32
4177.29
4183
4172.45
4182.8
4270.99
4205.37
4238.87
4271.75
4235.79
4242.4
4263.67
4290.93
4129.59
4071.95
4115.62
4050.94
4072.67
4076.54
4089.35
4093.67
4088.97
4067.7
4048.13
4086.52
4104.42
4110.43
4060.98
4113.81
4102.16
4140.72
4134.81
4141.73
4106.04
4055.29
4007.71
4060.75
4143.02
4173.35
4186.2
4150.62
4222.61
4187.88
4140.08
4163.62
4149.25
4150.8
4165.88
4171.8
4079.85
4140.96
4268.15
4211.3
4164.81
4073.32
4073.41
4024.31
4023.97
3987.48
3950.85
4053.12
4106.67
4169.17
4128.47
4136.94
4086.77
4057.89
4078.62
4100.57
4151.78
4120.49
4078.4
4029.77
4011.66
3997.14
4099.15
3992.53
4070.7
4071.13
4090.36
4090.76
4043.37
4009.05
4060.42
4105.28
4154.23
4165.51
4102.86
4041.31
4017.21
4054.25
4048.09
3967.23
4014.25
4024.25
4013.62
3991.19
3966.89
4031.45
4063.13
4043.75
4015.56
3992.37
3984.01
3946.39
3955.94
3965.06
3939.37
3983.66
3929.44
3928.84
3921.98
3929.34
3971.37
3982.12
4035.7
4052.85
4069.96
4086.42
4083.99
4031.33
4027.43
3983.42
3988.06
3982.53
4010.11
4057.99
4106.29
4106.4
4108.89
4111.47
4088.81
4065.54
4091.81
4089.19
4058.19
4016.15
3972.38
3959.15
3955.05
4006.35
3973.97
3949.72
3969.46
3932.39
4013.07
4039.02
3947.45
3969.72
3997.98
4047.77
4032.88
4051.21
4025.23
4048.71
4024.63
4015.99
3965.62
3996.99
3981.23
4024.28
3972.47
4000.4
4077.27
4023.17
3986.54
3966.4
3995.99
3982.85
3987.91
4010.23
4021.03
4037.37
3943.88
3947.36
3935.23
3985.66
3940.18
3953.78
3999.86
3963.66
3949.69
3955.55
4014.4
3945.14
3947.92
3937.61
3884.57
3934.56
3972.22
3972.48
3941.12
3982.31
3958.61
3927.64
3992.97
3954.3
3982.76
3965.86
3895.18
3973.38
3968.66
3979.54
3924.69
3908.93
3907.01
3945.49
3995.41
4010.32
3988.72
3955.71
3977.32
3970.7
4014.35
4030.97
3969.01
3946.58
3921.53
3946.58
3925.62
3938.59
4002.55
3998.29
3962.07
4005.5
4015.43
3972.23
3938.14
3962.44
3933.61
3963.8
3977.1
3969.03
3925.95
3970.39
3953.29
3937.17
3911.56
3926.46
3920.01
3889.17
3907.75
3916.39
3914.95
3899.55
3847.33
3889.79
3863.96
3840.51
3795.31
3838.43
3840.93
3811.49
3840.18
3870.75
3897.42
3873.45
3902.85
3900.5
3898.77
3889.19
3913.89
3958.51
3915.71
3934.27
3951.75
4049.34
3978.12
3987.61
3951.96
3906.34
3922.12
3907.95
3914.82
3955.3
3958.71
3965.82
3973.86
4043
4054.03
4020.54
3958.26
3984.52
3953.93
3964.03
3955.21
3881.39
3927.07
3966.21
3932.84
3976.34
3986.95
4006.42
3970.99
4005.31
3993.38
3992.05
3950.29
3934.38
3926.1
3921.5
3948.83
3952.38
3920.02
3911.12
3913.3
3915.65
3877.8
3879.08
3913.56
3907.65
3947.39
3909.45
3963.53
3958.11
3875.71
3892.06
3889.65
3896.49
3981.98
3911.62
3905.54
3951.4
3925.59
3926.87
3919.8
3971.96
3980.52
3972.55
3989.36
3984.11
3995.09
3955.9
3931.85
3950.71
3967.06
3908.39
3932.32
3912.31
3943.94
3964.37
3910.07
4007.65
4006.58
4045.54
4022.86
4006.44
4026.46
3974.18
3994.83
4013.15
3989.06
4016.66
4016.06
3942.92
3995.84
3994.8
3982.62
3966.59
3991.52
4030.83
4023.06
3952.94
3991.79
3943.15
4025.58
4025.75
3979.56
3962.57
3942.48
3942.68
3981.78
3978.56
3922.31
3896.06
3910.26
3904.23
3918.7
3935.91
3957
3955.22
3984.83
4002.02
3993.03
4003.69
4036.11
4019.57
3965.95
3946.02
3919.05
3891.43
3904.51
3885.44
3859.97
3858.95
3876.12
3834.43
3850.35
3872.1
3886.36
3862.89
3861.85
3834.6
3874.11
3907.44
3866.99
3903.32
3880.86
3943.6
3936.11
3880.74
3845.81
3789.15
3804.5
3821.03
3866.44
3861.72
3848.75
3833.75
3864.2
3850.4
3839.26
3861.08
3828.52
3850.89
3828.72
3896.53
3947.68
3844.33
3829.53
3818.62
3854.62
3895.13
3873.74
3801.21
3787.18
3769.86
3856
3766.4
3791.86
3826.1
3843.71
3837.97
3850.22
3824.79
3815.03
3844.44
3884.78
3872.7
3870.33
3892.73
3808.28
3815.12
3818.05
3812.03
3781.14
3776.14
3821.56
3789.75
3840.21
3821.45
3890.81
3886.1
3900.86
3889.77
3857.87
3859.9
3882.93
3899.71
3887.77
3869.6
3889.57
3895.06
3869.61
3886.45
3882.16
3917.51
3863.76
3897.33
3925.72
3943.08
3926
3914.6
3937.39
3914.06
3878.65
3883.4
3810.54
3880.4
3862.93
3802.88
3809.37
3833.39
3797.51
3846.96
3823.19
3803.31
3770.09
3739.35
3739.34
3700.85
3735.39
3756.79
3757.13
3750.48
3790.68
3800.59
3817.89
3817.3
3767.26
3800.07
3778.47
3724.67
3685.19
3734.88
3730.95
3686.46
3692.47
3709.46
3724.22
3708.96
3711.88
3679.81
3671.09
3735.44
3748.95
3733.78
3678.96
3717.77
3679.36
3689.57
3702.04
3741.85
3701.25
3704.46
3741.04
3784.1
3798.87
3811.59
3762.1
3756.65
3797.49
3787.67
3732.93
3724.22
3744.73
3753.83
3763.12
3806.26
3775.65
3831.78
3785.43
3761.16
3765.82
3706.66
3759.62
3690.48
3683.62
3716.96
3732.42
3761.71
3771.96
3772.44
3746.63
3754.45
3741.31
3737.62
3713.12
3680.99
3679.85
3693.5
3729.98
3726.96
3670.43
3668.96
3709.16
3776.4
3799.84
3799.02
3764.96
3764.5
3715.25
3740.65
3735.87
3730.95
3710.04
3718.34
3721.73
3738.67
3771.02
3763.5
3726.9
3814.24
3837.29
3823.58
3769.61
3739.44
3759.97
3719.51
3716.38
3751.07
3721.71
3711.49
3681.19
3697.48
3703.67
3669.15
3664.46
3677.14
3718.26
3695.46
3713.13
3708.69
3724.23
3692.54
3680.18
3718.02
3720.2
3708.01
3721.9
3753
3723.58
3691.23
3678.72
3751.87
3736.02
3775.36
3733.53
3706.62
3655.9
3664.37
3699.21
3695.42
3716.93
3686.51
3610.16
3647.91
3665.28
3710.99
3693.03
3680.52
3680.09
3751.02
3784.78
3769.63
3727.14
3692.58
3700.84
3664.47
3717.91
3737.4
3742.63
3755.2
3733.73
3817.67
3756.38
3741.54
3745.3
3755.4
3759.29
3757.63
3741.47
3728.31
3746.44
3694.36
3675.22
3691.57
3677.18
3677.28
3693.07
3674.17
3711.06
3679.18
3677.38
3661.93
3616.43
3653.29
3614.18
3575.27
3623.37
3634.39
3658.5
3720.41
3686.38
3676.2
3722.42
3675.38
3673.88
3708.59
3712.53
3712.79
3727.28
3708.85
3744.35
3767.96
3779.93
3756.61
3751.27
3731.61
3773.74
3721.34
3652.93
3702.45
3682.36
3748.38
3767.06
3743.27
3730.22
3725.07
3757.59
3753.32
3719.19
3704.51
3746.2
3737.51
3739.09
3742.73
3756.04
3764.85
3715.66
3688.51
3663.62
3683.01
3660.15
3637.47
3631.97
3629.1
3613.98
3615.31
3646.55
3631.2
3679.82
3696.86
3724.98
3702.42
3726.14
3674.76
3640.1
3680.72
3686.91
3686.19
3658.38
3655.27
3697.58
3643.26
3674.43
3681.62
3665.36
3670.91
3695.15
3678.23
3693.88
3716.89
3743.26
3700.11
3667.53
3656.44
3682.61
3726.61
3707
3715.62
3691.73
3701.16
3806.22
3770.71
3787.13
3758.49
3751.82
3762.72
3758.84
3775.9
3776.62
3787.48
3723.31
3726.2
3703.14
3707.31
3681.47
3659.41
3666.8
3661.62
3637.87
3662.89
3692.29
3696.43
3695.59
3702.59
3748.05
3747.08
3773.72
3747.01
3741.6
3725.95
3752.51
3731.23
3756.45
3746.34
3698.81
3685.86
3701.36
3672.34
3685.34
3693.48
3701.36
3713.39
3696.58
3693.11
3689.55
3699.71
3688.19
3701.9
3746.13
3727.01
3759.06
3698.02
3687.67
3697.85
3712.97
3742.15
3702.89
3703.35
3746.95
3723.35
3750.92
3766.15
3756.93
3686.32
3666.67
3703.39
3689.28
3703.17
3705.4
3690.82
3657.01
3608.55
3592.72
3604.3
3587.95
3590.72
3621.81
3640.95
3634.07
3614.97
3614.49
3601.97
3596.09
3592.33
3590.4
3615.21
3647.04
3612.21
3609.51
3627.05
3657.02
3633.18
3588.84
3586.29
3598.03
3656.45
3666.63
3669.41
3693.64
3706.83
3697.59
3671.19
3627.3
3614.02
3589.32
3570.17
3586.07
3578.62
3571.66
3599.09
3594.33
3614.02
3645.92
3608.61
3658.53
3624.91
3638.72
3651.93
3644.99
3686.35
3679.17
3690.36
3693.72
3694.56
3668.04
3652.76
3680.24
3680.37
3695.56
3662.67
3672.56
3628.95
3589.59
3591.65
3606.4
3609.23
3600.71
3663.6
3650.8
3672.89
3642.3
3623.1
3630.29
3645.46
3670.15
3682.11
3645.96
3627.46
3619.17
3626.94
3603.51
3602.5
3628.84
3612.56
3590.61
3577.87
3561.85
3598.64
3586.71
3584.17
3559.18
3572.13
3531.83
3538.51
3524.85
3512.04
3526.94
3510.8
3528.41
3553.09
3538.26
3568.37
3576.8
3549
3530.3
3523.43
3492.83
3509.88
3519.72
3533.58
3518.27
3532.65
3552.7
3566.18
3538.15
3573.14
3546.88
3570.07
3554.74
3558.74
3554.3
3537.85
3531.75
3560.8
3526.62
3592.9
3584.7
3575.05
3558.05
3530.42
3519.59
3505.56
3545.16
3582.32
3546.35
3565.87
3513.9
3522.7
3482.57
3502.4
3498.19
3485.52
3486.41
3485.3
3495.15
3525.81
3560.01
3549.53
3579.79
3532.02
3542.37
3575.43
3563.14
3591.48
3617.59
3619.73
3618.22
3612.92
3586.25
3611.5
3595.39
3593.16
3564.49
3547.3
3466
3504.5
3494.16
3508.7
3503.17
3497.12
3478.47
3470.36
3454.55
3477.85
3506.21
3517.99
3501.05
3487.5
3514.57
3524.7
3525.7
3569.37
3570.12
3595.45
3605.54
3609.46
3591.85
3585.94
3529.39
3484.18
3500.56
3540.01
3537.12
3528.25
3514.33
3539.54
3519.41
3516.52
3514.33
3506.59
3498.14
3498.09
3476.57
3445.02
3458.04
3472.84
3479.58
3478.13
3506.32
3459.34
3474.83
3478.45
3471.28
3464.16
3499.04
3506.02
3496.97
3469.72
3467.98
3499.59
3508.35
3535.19
3534.21
3518.67
3451.2
3436.98
3405.73
3412
3397.15
3408.58
3413.62
3410.94
3408.87
3433
3457.97
3470.35
3460.45
3473.16
3511.07
3506.68
3525.57
3508.81
3507.57
3484.61
3468.71
3446.24
3426.97
3391.93
3431.2
3454.93
3465.24
3490.34
3478.6
3455.06
3415
3421.58
3452.45
3451.16
3463.77
3472.69
3487.55
3516.53
3473.53
3494.98
3498.73
3506.85
3505.26
3514.65
3505.82
3488.47
3519.5
3481.5
3471.88
3463.76
3476.81
3472.22
3431.64
3457.93
3488.4
3504.76
3485.89
3498.87
3486.86
3451.26
3433.4
3466.89
3468.66
3484.61
3460.12
3464.38
3437.02
3445.57
3431.36
3407.52
3385.8
3417.07
3408.46
3445.14
3443.26
3417.08
3444.39
3447.46
3418.74
3434.22
3422.7
3403.82
3410.76
3402.9
3395.7
3387.88
3373.52
3366.1
3353.4
3368.73
3356.76
3374.44
3340.25
3375.75
3355.46
3368.58
3414.09
3381.32
3385.92
3357.65
3365.62
3372.89
3396.38
3397.02
3372.33
3401.39
3401.6
3396.83
3390.87
3421.61
3428.81
3381.21
3382.88
3376.76
3369.31
3356.86
3344.58
3349.12
3366.89
3371.63
3417.01
3415.42
3391.83
3369.24
3360.64
3416.98
3412.14
3441.38
3412.17
3395.92
3391.59
3385.99
3398.03
3412.83
3458.4
3489.67
3486.39
3470.57
3436.23
3470.66
3427.5
3442.9
3420.71
3440.63
3463.99
3443.96
3404.97
3405.87
3404.91
3417
3427.94
3367.11
3358.57
3387.25
3370.35
3371.73
3345.84
3320.09
3304.67
3314.2
3290.07
3287.56
3306.63
3336.33
3368.48
3357.27
3395.42
3350.75
3350.13
3350.01
3346.63
3344.27
3331.81
3341.9
3347.89
3329.81
3322.54
3322.71
3292.42
3280.8
3278.42
3287.91
3241.36
3233.91
3239.84
3253.03
3267.2
3255.47
3264.49
3280.41
3268.1
3282.84
3290.91
3302.54
3311.98
3316.23
3309.71
3311.67
3341.42
3316.63
3332.5
3340.39
3333.42
3356.31
3368.67
3349.67
3350.42
3351.76
3337.03
3317.63
3312.87
3290.11
3300.1
3300.76
3278.42
3282.21
3284.4
3259.72
3258.61
3294.55
3285.63
3272.52
3281.6
3252.71
3273.2
3265.4
3266.69
3268.93
3260.44
3271.92
3290.52
3280.2
3246.72
3244.74
3225.23
3222.66
3246.64
3228.76
3236.57
3228.46
3226.72
3227.91
3222.14
3236.67
3243.27
3227.43
3225.18
3231.88
3268.02
3259.49
3297.83
3252.28
3257.19
3253.64
3246.61
3254.2
3274.19
3259.88
3278.91
3283.99
3267.5
3242.51
3274.66
3282.96
3272.39
3259.67
3252.7
3233.15
3220.51
3256.84
3255.05
3256.35
3233.77
3234.69
3257.34
3266.2
3279.83
3258.8
3228.83
3264.77
3245.95
3225.83
3237.07
3241.89
3209.03
3224.46
3230.57
3218.5
3213.64
3232.74
3220.13
3239.47
3240.15
3246.73
3244.52
3244.88
3225.64
3228.11
3217.2
3205.02
3151.42
3147.65
3179.9
3178.79
3198.56
3190.98
3185.31
3191.28
3178.09
3188.22
3187.57
3203.62
3210.03
3211.34
3221.61
3233.85
3250.05
3251.04
3275.89
3247.69
3235.06
3245.68
3254.54
3234.9
3224.49
3231.86
3241.99
3248.57
3248.82
3221.35
3215
3233.22
3222.7
3206.13
3246.23
3252.91
3252.17
3238.48
3227.21
3257.58
3264.21
3254.41
3279.4
3243.4
3266
3271.27
3263.99
3259.33
3250.88
3290.08
3247.61
3258.97
3275.04
3278
3275.23
3274.02
3276.33
3248
3241.92
3259.45
3236
3243.81
3229.77
3232.68
3230
3215.83
3213.8
3238.29
3273.85
3288.45
3236.59
3219.9
3222.74
3260.07
3252.28
3227.07
3240.33
3203.47
3193.57
3184.76
3193.26
3196.38
3196.76
3177.95
3171.14
3185.57
3191.66
3185.8
3166.97
3173.43
3207.55
3195.97
3190.61
3167.13
3166.83
3161.96
3169.66
3190.32
3180.02
3164.02
3164.67
3140.3
3126.67
3141.99
3181.46
3174.44
3178.21
3220.6
3223.39
3227.3
3233.33
3212.45
3216.06
3224.34
3231.02
3237.11
3219.5
3215.48
3234.08
3220.14
3214.35
3225.27
3250.78
3229.67
3206.92
3180.84
3167.38
3180.34
3189.18
3182.98
3180.44
3189.14
3182.76
3188.79
3199.21
3229.78
3229.18
3211.44
3189.56
3205.89
3184.06
3182.94
3202.81
3204.01
3214.43
3196.56
3218.26
3211.22
3209.11
3227.34
3210.42
3202.36
3203.75
3234.53
3239.46
3230.38
3220.18
3208.72
3210.52
3167.81
3175.06
3173.44
3156.19
3208.39
3186.1
3205.9
3184.39
3186.58
3198.63
3199.33
3184.24
3172.5
3201.08
3179.61
3174.1
3174.56
3182.56
3173.05
3179.3
3162.89
3165.92
3182.14
3182.15
3194.83
3186.04
3171.51
3168.02
3166.64
3164.23
3160.71
3143.17
3144.32
3157.11
3181.09
3183.19
3189.99
3185.42
3171.88
3169.74
3166.21
3151.15
3168.39
3173.98
3165.04
3156.2
3147.13
3112.14
3120.15
3130.33
3136.49
3154.26
3136.03
3124.02
3114.01
3115.23
3096.27
3091.01
3088.8
3089.49
3106.08
3115.05
3096.42
3125.88
3124.6
3131.73
3144.24
3160.38
3130.32
3134.37
3131.64
3134.75
3144.27
3126.51
3120.04
3133.58
3116.5
3105.38
3126.43
3110.08
3101.44
3102.11
3098.2
3111.11
3108.05
3106.52
3116.11
3122.28
3123.75
3112.75
3108.86
3104.66
3105.35
3108.67
3112.65
3132.51
3127.26
3097.25
3084.72
3088.03
3079.16
3071.26
3073.69
3061.35
3100.24
3089.6
3101.4
3089.75
3069.4
3076.79
3073.43
3078.18
3102.65
3082.87
3084.41
3073.67
3074.57
3085.02
3069.89
3071.81
3056.66
3056.2
3058.46
3053.33
3055.19
3071.99
3044.91
3049.62
3049.15
3064.94
3059.94
3069.04
3071.49
3039.41
3049.55
3067.41
3065.73
3086.23
3064.34
3073.12
3067.2
3097.18
3114.32
3103.48
3099.38
3111.38
3107.24
3105.94
3093.42
3093.2
3091.31
3095.09
3107.73
3115.17
3106.5
3109.86
3116.65
3130.06
3118.54
3118.11
3110.76
3101.47
3083.97
3093.32
3110.17
3110.55
3120.72
3098.06
3086.22
3112.63
3092.49
3086.08
3057.13
3069.28
3070.93
3079.23
3078.43
3048.19
3043.24
3031.03
3035.86
3041.36
3044.75
3052.81
3079.25
3053.91
3068.46
3073.02
3075.76
3071.37
3055.29
3044.48
3040.42
3040.29
3035.05
3030.6
3041.46
3048.69
3070.31
3053.48
3048.7
3048.83
3027.25
3034.61
3037.18
3054.52
3060.34
3054.29
3046.89
3030.11
3021.03
3031.08
3034.72
3041.44
3031.01
3038.79
3055.32
3032.37
3029.51
3042.57
3024.96
3032.41
3036.54
3044.14
3054.55
3047.62
3063.37
3061.63
3040.38
3032.61
3025.47
3036.14
3024.6
3045.95
3040.12
3037.4
3029.75
3033.2
3031.49
3022.28
3008.89
3003.67
3024.78
3028.89
3021.12
3003.45
2998.75
2986.42
2996.57
3026.31
3012.85
3014.22
3032.05
3020.06
3029.24
3020.27
3030.57
3021.91
3030.07
3019.46
3022.57
3017.41
3013.34
3010.01
2994.72
2998.6
3011.67
3013.18
3022.01
3008.99
3028.02
3027.4
3028.98
3020.37
3025.58
3030.35
3021.86
3011.06
3012.22
3048.51
3044.01
3020.21
3019.6
3028.34
3031.69
3021.5
3010.7
3032.43
3004.81
2990.39
3001.02
3011.35
3009.47
3013.26
3018.45
3029.68
3041.57
3047.13
3045.26
3042.88
3033.69
3029.37
3015.16
3002.78
3001.26
2989.32
2977.57
2992.76
2988.39
2975.89
2982.34
2982.5
2996.95
2993.49
2997.61
3000.29
2996.65
2988.39
2977.06
2981.39
2984.9
2985.07
2960.32
2970.73
2981.8
2979.89
2975.19
2968.4
2964.83
2953.93
2947.14
2937.91
2951.28
2942.37
2961.19
2959.65
2954.67
2961.4
2971.47
2983.94
2964.89
2978.75
2971.02
2970
2972.8
2951
2955.71
2958.32
2955.24
2955.04
2942.78
2955.58
2950.68
2963.54
2960.47
2945.14
2950.33
2954.29
2952.23
2967.14
2974.14
2974.49
2953.76
2976.82
2967.05
2973.23
2986.27
2974.18
2971.54
2954.44
2960.23
2958.74
2954.85
2951.88
2955.38
2983.14
2972.69
2957.89
2944.46
2943.12
2937.05
2942.51
2951.54
2953.18
2943.38
2962.25
2956.25
2967.94
2970.15
2955.44
2963.49
2960.81
2956.87
2957.55
2957.81
2940.91
2949.49
2942.61
2942.31
2933.33
2921.85
2926.98
2934.79
2942.24
2947.72
2955.54
2960.1
2964.65
2951.81
2967.34
2959.49
2952.44
2939.26
2928.03
2928.48
2939.2
2931.99
2931.99
2945.9
2949.71
2952.47
2974.14
2951.94
2950.88
2945.97
2953.73
2962.26
2957.26
2951.49
2959.17
2969.75
2968.04
2967.36
2967.1
2960.91
2951.55
2948.46
2952.86
2941.34
2948.31
2947.16
2938.83
2922.43
2920.34
2906.59
2910.9
2912.26
2905.84
2925.03
2909.97
2917.59
2918.3
2912.54
2910.08
2906.01
2923.68
2917.84
2909.41
2903.93
2911.42
2909.7
2909.21
2909.47
2924.41
2933.5
2915.85
2923.35
2918.09
2915.01
2918.85
2913.07
2911.43
2909.74
2929.88
2921.81
2927.9
2910.66
2913.92
2903.81
2907.52
2895.83
2894.76
2891.33
2894.72
2905.29
2898.4
2897.43
2918.85
2920.29
2927.48
2924.56
2933.58
2930.68
2940.13
2937.39
2921.78
2921.03
2917.55
2909.46
2903.06
2905.78
2891.6
2896.83
2895.26
2907.97
2883.87
2893.47
2894.59
2905.49
2904.5
2895.78
2895.41
2890.76
2905.35
2893.13
2897.27
2894.9
2897.7
2896.59
2899.38
2896.94
2899.96
2899.22
2907.13
2908.2
2897.07
2899.06
2896.36
2896.15
2903.22
2905.78
2909.67
2899.43
2897.51
2904.44
2902.85
2891.58
2895.2
2889.13
2894.29
2912.88
2913.69
2898.97
2888.28
2887.23
2889
2898.85
2898.45
2900.71
2903.05
2895.27
2892.21
2878.86
2866.23
2856.55
2872.3
2860.99
2849.82
2852.01
2856.29
2857.31
2849.65
2852
2859.17
2865.17
2864.11
2868.05
2876.89
2863.34
2861.85
2876.36
2867.89
2871.39
2862.16
2867.29
2865.36
2869.36
2873.28
2849.29
2850.85
2846.72
2853.72
2855.71
2849.62
2859.76
2860.64
2856.76
2864
2845.65
2847.12
2852.61
2854.88
2852.81
2858.97
2863.65
2860.86
2860.24
2845.62
2864.07
2858.96
2868.35
2863.89
2845.33
2844.16
2843.54
2843.62
2834.14
2824.93
2835.16
2828.85
2835.72
2828.42
2827.76
2819.98
2819.86
2814.65
2825.07
2822.77
2832.37
2833.93
2824.13
2830.74
2838.86
2814.92
2826.71
2821.49
2821.86
2830.59
2841.49
2831.27
2821.01
2824.34
2818.9
2810.34
2810.08
2800.69
2808.99
2799.86
2803.36
2800.77
2803.74
2803.07
2819.95
2808.97
2818.88
2817.93
2840.68
2835.91
2834.37
2838.19
2827.96
2824.38
2815.54
2794.73
2789.45
2787.17
2783.43
2776.03
2774.9
2768.72
2770.18
2778.72
2779.4
2781.13
2780.21
2787.41
2790.62
2784.46
2789.95
2790.65
2795.4
2809.7
2811.22
2816.01
2800.99
2808.04
2791.68
2797.46
2807.46
2807.76
2802.68
2806.79
2796.75
2783.85
2791.11
2800.57
2799.22
2796.06
2798.92
2807.5
2808.25
2801.24
2798.28
2807.94
2810.69
2810.9
2803.85
2805.79
2794.56
2796.46
2791.86
2793.2
2783.69
2795.95
2795.66
2797.71
2804.37
2801.7
2795.84
2789.59
2802.43
2798.35
2796.51
2807.16
2810.96
2799.72
2818.18
2811.76
2809.79
2806.06
2806.58
2799.05
2784.04
2790.11
2786.92
2787.77
2789
2784.55
2781.02
2788.5
2784.3
2794.48
2806
2781.16
2783.81
2788.01
2779.43
2789.15
2788.23
2785.65
2780.07
2771.91
2776.16
2765.54
2759.21
2774.18
2769.27
2779.58
2773.38
2766.03
2778.61
2777.57
2770.46
2769.46
2776.44
2779.91
2781.33
2773.2
2780.67
2789.63
2785.33
2795.55
2792.53
2793.54
2801.18
2788.08
2791.63
2795.15
2805.99
2810.23
2796.89
2798.23
2793.47
2788.76
2782.15
2779.43
2781.12
2784.72
2794.05
2799.83
2787.84
2786.51
2787.38
2781.2
2780.93
2778.92
2783.38
2778.41
2772.54
2783.13
2773.05
2766.09
2763.08
2762.35
2758.67
2752.64
2748.2
2752.82
2757.66
2759.83
2758.24
2760.82
2756.23
2761.9
2747.23
2752.02
2755.46
2748.01
2753.37
2753.9
2754.27
2759.79
2754.1
2763.04
2762.31
2762.38
2758.55
2765
2758.36
2749.96
2754.91
2754.07
2753.18
2751.86
2744.06
2736.7
2739.66
2747.41
2740.34
2746.27
2735
2735.07
2743.3
2739.33
2741.73
2740.87
2744.59
2749.13
2755.18
2755.72
2757.95
2752.56
2749.07
2737.13
2735.2
2739.14
2748.12
2754.32
2747.3
2751.09
2747.93
2754.5
2754.59
2753.22
2754.35
2744.85
2739.61
2733.73
2739.34
2750.1
2752.1
2748.56
2751.07
2746.39
2754.05
2751.54
2744.51
2737.2
2728.36
2727.89
2740.32
2748.66
2751.49
2765.39
2753.19
2755.22
2752.74
2748.34
2744.66
2746.03
2751.73
2758.86
2756.14
2754.11
2756.01
2755.37
2751.7
2751.39
2761.41
2763.46
2766.85
2770.22
2764.62
2753.12
2747.47
2742.4
2741.36
2748.4
2750.69
2738.89
2738.42
2747.56
2742.66
2740.73
2738.82
2733.05
2730.06
2729.1
2747.93
2747.41
2742.53
2752.04
2752.98
2742.31
2742.99
2743.81
2740.63
2755.48
2757.32
2759.82
2758.77
2759.21
2760.42
2751.85
2747.53
2748.87
2746.31
2743.39
2747.6
2746.58
2744.24
2734.08
2730.04
2726.73
2730.04
2727.57
2730.6
2736.93
2740.76
2747.86
2751.76
2747.36
2749.41
2752.88
2754.24
2739.26
2747.21
2737.02
2736.18
2741.68
2741.2
2743.57
2741.76
2733.67
2737.38
2734.88
2733.05
2728.81
2733.78
2727.12
2740.81
2736
2737.34
2737.19
2733.98
2726.81
2727.49
2724.16
2732.84
2730.46
2728.27
2722.67
2727.8
2721.23
2719.26
2719.1
2719.63
2717.53
2727.49
2740.24
2734.43
2729.74
2733.54
2733.93
2734.3
2723.87
2726.4
2737.26
2738.65
2738.72
2739.77
2735.88
2730.69
2732.6
2728.52
2730.73
2738.83
2732.12
2738.39
2740.61
2733.26
2733.48
2734.67
2743.7
2739.76
2740.21
2730.28
2744.05
2736.05
2728.57
2732.41
2730.11
2718.29
2717.61
2714.07
2715.63
2715.3
2703.23
2700.75
2701.1
2707.04
2705.93
2710.69
2709.47
2706.39
2709.27
2712.54
2713.72
2714.25
2718.8
2715.04
2719.87
2718.69
2720.42
2723.12
2719.54
2720.72
2721.25
2715.33
2715.19
2713.98
2714.03
2710.01
2715.17
2709.78
2703.3
2700.88
2701.8
2701.52
2702.94
2697.04
2694.33
2694.29
2696.31
2690.84
2692.86
2692.25
2692.26
2698.59
2703.21
2698.83
2693.23
2695.94
2703.2
2703.37
2702.8
2704.61
2720.56
2724.75
2719.07
2716.53
2711.98
2723.69
2715.87
2715.94
2710.01
2717.64
2718.37
2719.4
2716.71
2712.61
2714.08
2712.74
2714.42
2707.61
2698.16
2690.5
2686.17
2690.93
2688.5
2688.22
2689.35
2682.86
2689.12
2689.27
2698.24
2699.42
2704.23
2706.33
2709.17
2703.22
2702.82
2702.36
2701.81
2703.83
2699.85
2701.55
2691.3
2692.51
2691.03
2695
2701.74
2705.03
2701.31
2699.28
2701.84
2710.03
2717.78
2705.29
2705.12
2695.72
2690.74
2687
2690.2
2690.2
2690.23
2687.98
2686.78
2691.48
2690.08
2684.57
2682.39
2685.21
2680.09
2686.22
2695.4
2695.91
2691.25
2688.08
2684.72
2688.17
2680.17
2681.11
2686.41
2691.54
2685.84
2688.53
2691.48
2689.35
2688.2
2681.72
2684.6
2685.14
2678.32
2684.14
2694.66
2696.51
2697.63
2698.26
2687.84
2691.03
2672.53
2670.28
2670.18
2664.01
2661.45
2666.32
2669.01
2671.08
2671.84
2672.15
2674.61
2673.98
2674.28
2670.35
2670.15
2667.02
2662.72
2664.11
2664.91
2664.64
2664.24
2663.15
2659.67
2654.66
2658.6
2659.68
2659.95
2673.04
2671.5
2670.96
2672.35
2672.05
2672.18
2671.74
2669.31
2669.32
2673.53
2674.39
2671.61
2674.28
2670.62
2662.6
2664.69
2663.8
2664.8
2660.02
2661.67
2672.15
2675.1
2672.77
2670.23
2668.55
2669.86
2670.69
2670.77
2664.46
2669.22
2668.87
2672.3
2671.45
2673.57
2672.8
2668.36
2667.73
2665.46
2663.41
2670.97
2668.84
2664.08
2667.25
2667.76
2665.7
2658.72
2658.93
2663.79
2660.94
2663.72
2660.05
2663
2666.09
2662.69
2667.95
2669.09
2667.84
2668.29
2668.06
2670.77
2674.38
2662.04
2665.91
2663.4
2659.93
2659.43
2658.36
2650.5
2646.6
2658.98
2661.26
2661.38
2660.67
2650.49
2654.32
2655.25
2657.63
2660.23
2666.58
2660.2
2653.96
2656.99
2659.46
2653.75
2656.84
2655.54
2652.02
2649.45
2648.46
2652.21
2651.43
2649.19
2650.88
2651.22
2648.73
2647.09
2647.14
2643.47
2645.2
2648.34
2648.14
2650.07
2653.58
2652.1
2651.32
2653.45
2650.29
2645.84
2644.92
2643.73
2646.4
2649.57
2652.39
2647.97
2648.22
2650.21
2644.12
2645.51
2648.49
2646.46
2643.96
2645.17
2642.59
2636.55
2641.75
2638.93
2636.9
2630.39
2627.35
2626.55
2626.66
2633.47
2635.52
2634.56
2637.26
2635.08
2640.16
2638.65
2642.46
2643.03
2643.15
2638.73
2635.72
2638.01
2635.03
2639.35
2638.49
2641.8
2646.25
2640.7
2639.14
2641.38
2639.98
2635.97
2633.44
2632.88
2638.45
2639.04
2636.82
2638.46
2636.45
2634.39
2634.42
2642.55
2641.71
2644.13
2646.33
2644.27
2641.7
2639.15
2640.54
2631.9
2631.77
2635.89
2644.24
2648.98
2644.69
2643.03
2639.52
2633.01
2636.86
2642.56
2641.36
2638.12
2642.16
2638.45
2637.97
2629.88
2633.02
2630.85
2632.45
2627.25
2626.66
2629.46
2631.58
2632.4
2626.02
2627.39
2633.46
2635.27
2630.59
2636.77
2633.63
2633.61
2630.98
2631.02
2640.63
2641.93
2636.26
2629.5
2629.49
2630.39
2635.14
2632.86
2628.25
2627.66
2627.34
2629.27
2625.47
2628.98
2628.35
2624.4
2625.53
2622.34
2623.12
2626.56
2624.55
2624.18
2625.49
2621.46
2620.97
2616.39
2618.17
2614.28
2611.57
2611.31
2617.76
2612.86
2610.12
2615.89
2620.71
2616.43
2617.89
2620.57
2618.45
2619.04
2614.75
2611.36
2610.89
2612.66
2616.33
2615.32
2615.42
2617.04
2623.18
2630.73
2627.9
2633.19
2627.12
2622.51
2622.35
2615.79
2619.44
2619.89
2615.67
2613.59
2615.67
2617.62
2615.35
2616.06
2616.65
2617.2
2615.63
2619.99
2618.96
2628.37
2626.05
2625.92
2621.29
2624.28
2626.31
2625.21
2621.3
2624.55
2628.89
2630.76
2628.26
2633.84
2632.79
2630.27
2622.06
2619.16
2620.97
2618.65
2615.4
2612.95
2618.41
2617.9
2621.64
2617.55
2619.21
2616.19
2613.79
2610.86
2614.39
2611.96
2612.55
2620.35
2621.6
2620.12
2613.27
2608.6
2608.97
2613.76
2616.13
2615.18
2613.7
2614.45
2617.89
2614.59
2612.23
2611.39
2610.65
2608.42
2603.97
2600.87
2600.09
2602.78
2604.32
2602.03
2605.65
2607.88
2612.36
2614.69
2608.41
2606.01
2607.47
2612.91
2621.22
2619.6
2617.61
2620.43
2620.21
2618.59
2620
2623.53
2620.72
2617.33
2615.87
2614.06
2612.95
2609.33
2611.48
2611.33
2614.3
2611.79
2614.3
2617.76
2616.53
2615.95
2613.02
2613.31
2610.2
2608.75
2608.84
2612.72
2613.82
2614.19
2610.6
2609.15
2608.97
2601.65
2602.98
2608.12
2610.34
2609.17
2604.82
2609.76
2608.28
2607.97
2604.99
2602.18
2604.98
2605.28
2603.55
2603.35
2604.34
2606.31
2604.76
2603.01
2601.52
2603.06
2601.57
2602.02
2601.1
2603.04
2605.24
2604.67
2611.42
2611.53
2611.62
2611
2607.31
2608.5
2611.21
2609.86
2607.06
2606.59
2606.53
2606.24
2607.41
2604.42
2608.79
2608.38
2609.7
2605.8
2607.73
2606.28
2605.73
2602.1
2600.12
2609.06
2607.94
2603.46
2601.21
2604.3
2603.38
2603.87
2597.8
2596.9
2597.42
2596.12
2592.58
2590.46
2588.13
2595.33
2598.15
2598.39
2594.72
2595.81
2593.77
2595.61
2596.55
2599.9
2592.45
2593.53
2593.68
2593.17
2591.83
2588.9
2588.53
2590.93
2591.97
2592.49
2595.09
2591.13
2593.37
2595.41
2594.11
2590.4
2590.67
2593.5
2594.27
2595.53
2596.23
2594.32
2593.18
2600.68
2599.25
2592.97
2593.53
2596.69
2597.73
2597.23
2595.35
2597.16
2598.91
2597.49
2601.08
2599.11
2602.75
2602.7
2598.22
2594.55
2596.19
2594.5
2595.25
2600.59
2594.85
2594.07
2594.93
2592.72
2590.39
2587.6
2588.38
2592.42
2590.74
2592.38
2590.95
2590.12
2590.26
2591.73
2593.57
2594.33
2591.57
2590.72
2591.83
2588.08
2587.49
2585.63
2586.35
2584.95
2588.86
2589.25
2587.36
2585.16
2584.53
2584.25
2584.21
2583.8
2582.66
2581.47
2581.88
2586.2
2588.48
2589.28
2588.67
2588.88
2587.77
2584.99
2584
2584.82
2583.09
2587.16
2583.26
2581.27
2579.32
2582.26
2583.47
2583.56
2586.1
2585.02
2584.25
2581.55
2581.06
2581.01
2582.7
2582.67
2585.77
2587.51
2585.52
2585.15
2585.64
2587.02
2591.05
2589.03
2589.45
2587.38
2584.36
2588.01
2584.16
2584.69
2583.35
2583.09
2579.24
2575.15
2579.72
2579.53
2577.23
2578.74
2575.84
2576.83
2577.54
2580.57
2578.13
2577.76
2584.32
2582.7
2587.22
2586.23
2584.64
2587.64
2589.34
2591.02
2590.38
2588.86
2584.77
2582.5
2583.52
2584.15
2584.98
2580.76
2583.84
2584.95
2581.46
2582.2
2581.76
2584.13
2583.16
2580.85
2578.95
2578
2577.54
2575.29
2575.89
2576.37
2578.63
2578.42
2577.01
2578.49
2575.32
2573.97
2570.95
2573.11
2574.67
2571.22
2569.47
2572.73
2572.39
2573.9
2576.14
2574.66
2570.55
2572.28
2571.68
2569.51
2570.47
2568.12
2565.4
2567.06
2571.84
2570.83
2571.32
2568.78
2568.03
2566.39
2564.43
2563.13
2563.13
2565.29
2568.1
2566.08
2564.35
2566.3
2567.99
2563.91
2565.23
2565.51
2566.54
2565.19
2563.98
2563.9
2566.77
2562.58
2561.78
2562.61
2562.08
2562.14
2564.01
2569.07
2567.62
2564.33
2566
2566.41
2567.59
2563.71
2563.75
2562.22
2558.6
2558.47
2554.91
2555.22
2556.07
2556
2553.93
2551.96
2550.25
2548.88
2551.16
2552.27
2554.02
2556.12
2553.47
2551.87
2548.87
2552.96
2553.19
2557.03
2553.83
2554.79
2554.05
2555.9
2554.91
2553.46
2551.51
2550.93
2550.41
2550.83
2552.07
2551.3
2550.43
2547.33
2549.27
2548.43
2545.47
2545.19
2547.64
2548.66
2549.27
2549.04
2551.88
2546.6
2549.52
2546.76
2546.77
2548.54
2543.86
2545.62
2547.12
2546.59
2546.75
2548.24
2548.18
2546.88
2546.74
2546.86
2545.25
2546.67
2548.94
2546.75
2549.15
2551.1
2551.46
2553.38
2550.83
2548.83
2546.52
2548.66
2545.7
2545.67
2547.07
2543.75
2546.87
2545.68
2544.22
2542.36
2540.53
2540.19
2544.06
2546.78
2545.48
2544
2543.6
2544.86
2542.72
2544.5
2547.19
2546.12
2548.5
2547.01
2546.47
2548
2547.55
2547.84
2546.44
2544.99
2546.81
2545
2546.34
2546.6
2547.36
2547.77
2546.93
2545.17
2545.29
2545.26
2547.13
2543.79
2545.38
2550.36
2547.3
2544.63
2548.07
2544.51
2546.69
2549.51
2552.75
2550.98
2550.6
2550.74
2548.21
2547.7
2548.31
2549.39
2547.89
2550.87
2548.31
2548.21
2547.08
2547
2545.5
2546.28
2546.64
2549.55
2547.26
2549.13
2547.06
2547.14
2551.48
2550.46
2549.08
2548.53
2546.62
2547.16
2547.61
2547.34
2549.37
2549.34
2547.71
2548.07
2546.14
2544.67
2547.5
2545.67
2546.67
2544.08
2545.11
2547.54
2544.11
2543.65
2543.57
2544.02
2544.14
2541.43
2541.74
2540.75
2541.94
2546.12
2542.37
2543.29
2544.35
2544.25
2542.43
2543.33
2544.4
2541.87
2540.07
2543.66
2546.74
2544.18
2544.52
2544.72
2542.22
2543.1
2543.63
2540.24
2538.65
2539.87
2540.95
2539.33
2538.39
2539.04
2540.06
2538.27
2539.53
2538.67
2537.28
2536.11
2536.55
2535.35
2537.21
2536.64
2540.02
2540.26
2542.11
2542.64
2544.09
2542.68
2541.65
2541.31
2538.92
2535.15
2537.59
2537.69
2536.89
2538.44
2538.65
2537.17
2538.24
2537.13
2536.7
2538.19
2537.76
2538.5
2537.54
2535.29
2535.41
2535.9
2535.97
2537.65
2536.46
2534.82
2536.66
2537.19
2538.88
2539.22
2544.95
2543.84
2542.5
2540.91
2543.76
2542.21
2539.34
2539.51
2537.49
2537.93
2539.16
2540.36
2538.03
2539.15
2537.76
2534.06
2536.57
2536.99
2532.95
2532.33
2534.24
2534.02
2535.33
2535.04
2534
2534.72
2534.17
2534.12
2534.7
2537.97
2539.06
2538.73
2537.73
2538.68
2540.23
2542.6
2540.3
2541.72
2539.51
2541.15
2539.32
2537.81
2539.96
2540.47
2540.8
2540.43
2539.8
2540.41
2538.15
2536.3
2536.61
2538.04
2539.15
2539.74
2536.65
2537.35
2538.82
2538.27
2538.07
2536.88
2537.63
2537.64
2539.67
2538.62
2539.82
2538.95
2541.35
2541.86
2541.25
2538.91
2539.04
2538.34
2537.61
2539.15
2536.7
2537.52
2536.45
2536.51
2537.51
2535.03
2534.84
2530.59
2529.85
2531.21
2531.77
2531.57
2530.59
2529.41
2529.01
2530.31
2531.73
2530.86
2532.74
2532.98
2533.43
2533.07
2534.25
2533.59
2531.47
2532.2
2531.71
2531.47
2533.94
2534.61
2533.56
2531.83
2534.52
2535.05
2537.77
2536.61
2536.59
2536.36
2537.94
2535.96
2533.35
2535.78
2539.25
2540
2538.28
2536.91
2537.18
2536.53
2535.79
2531.85
2535.44
2533.2
2533.78
2534.08
2533.53
2533.04
2532.62
2534.16
2534.51
2536.22
2535.66
2536.85
2535.66
2536.57
2535.68
2533.53
2534.57
2533.78
2532.08
2533.03
2529.33
2530.23
2531.15
2530.59
2530.15
2528.82
2527.25
2528.49
2530.04
2531.74
2531.26
2527.74
2528.45
2526.66
2527.93
2528.88
2531.99
2530.95
2533.63
2532.74
2531.39
2529.88
2530.59
2530.85
2529.97
2530.09
2531.04
2530.25
2530.9
2529.03
2528.53
2528.3
2527.6
2526.05
2527.87
2529.23
2529.56
2530.68
2531.36
2529.49
2530.68
2531.39
2531.83
2530.92
2531.18
2531.02
2529.25
2528.34
2527.99
2528.51
2528.52
2528.83
2529.46
2530.06
2528.21
2528.56
2528.05
2526.84
2527.59
2527.88
2528.64
2527.99
2530.3
2531.1
2530.99
2530.79
2533.76
2533.15
2532.32
2533.26
2534.23
2534.41
2531.07
2531.2
2530.51
2531.89
2530.11
2530.42
2530.14
2526.7
2527.84
2526.81
2527.52
2526.34
2528.76
2527.64
2527.72
2528.73
2529.38
2529.25
2527.54
2528.26
2528.84
2527.82
2529.23
2530.05
2530.66
2532.7
2531.17
2532.83
2532.11
2532.51
2532.52
2532.29
2531.13
2531.66
2530.12
2529.22
2529.66
2529.91
2529.55
2530.73
2530.42
2528.34
2527.24
2526.23
2526.24
2530.7
2529.22
2529.72
2526.36
2527.19
2528.65
2529.04
2529.06
2528.65
2527.74
2527.57
2527.95
2528.34
2529.04
2528.6
2527.99
2528.4
2527.82
2530.36
2530.8
2530.79
2530.18
2532.31
2533.17
2533.59
2532.32
2531.49
2530.33
2530.09
2531.05
2530.13
2528.61
2530.47
2527.45
2528.3
2529.11
2529.03
2528.29
2528.05
2530.31
2530.12
2531.83
2530.57
2529.51
2528.39
2529.44
2528.29
2528.19
2528.54
2529.51
2527.9
2526.73
2527.44
2528.89
2528.45
2529.48
2530.3
2530.22
2529.86
2528.92
2528.75
2530.12
2529.58
2530.4
2529.9
2527.17
2527.27
2529.36
2530.8
2528.42
2527.22
2527.61
2527.38
2528.97
2528.62
2527.71
2527.17
2526.66
2524.87
2524.04
2524.5
2525
2524.34
2525.33
2524.15
2522.24
2522.12
2524.49
2524.33
2524.66
2524.86
2525.69
2527.09
2526.82
2526.33
2524.85
2523.49
2524.28
2523.59
2522.67
2523.4
2523.68
2522.2
2520.51
2520.73
2520.48
2522.49
2523.63
2522.55
2523.08
2521.1
2521.37
2520.89
2522.21
2520.86
2522.37
2521.06
2519.59
2519.64
2518.3
2519.54
2520.46
2519.35
2520.59
2519.76
2519.83
2521.77
2517.25
2516.91
2515.01
2515.54
2515.61
2514.36
2514.53
2514.96
2514.63
2515.33
2515.81
2517.91
2518.42
2516.51
2516.43
2516.79
2515.63
2515.18
2516.6
2515.45
2515.1
2516.67
2517.49
2517.85
2517.2
2516.45
2516.03
2515.8
2517.64
2517.17
2516.04
2514.76
2514.26
2516.1
2517.92
2517.96
2515.96
2515.91
2516.58
2517.54
2516.73
2515.83
2515.23
2514.25
2514.84
2514.77
2514.54
2513.48
2512.96
2511.96
2512.99
2512.93
2512.78
2513.45
2513.7
2513.81
2515.87
2515.18
2514.86
2513.71
2512.22
2512.14
2512.19
2511.42
2512.98
2514.48
2516.4
2515.35
2514.54
2514.31
2513.55
2513.16
2514.46
2513.68
2515
2514.93
2513.86
2512.67
2512.38
2511.78
2511.68
2511.84
2513.75
2513.75
2513.95
2512.92
2511.94
2510.68
2510.38
2510.43
2510.17
2510.58
2512.03
2512
2511.77
2513.11
2512.58
2514.27
2514.79
2516.58
2516.54
2515.51
2515.69
2514.69
2514.36
2515.45
2514.97
2513.87
2514.38
2511.82
2511.19
2513.04
2511.28
2511.35
2511.72
2510.68
2511.33
2511.38
2511.25
2511.59
2510.6
2511.83
2511.8
2511.25
2509.81
2509.84
2508.98
2508.41
2507.59
2509.07
2509.65
2509.94
2510.11
2510.03
2511
2512.31
2512.55
2511.57
2512.32
2512.2
2513.11
2512.6
2511.3
2511.44
2510.09
2510.88
2510.67
2510.89
2512.09
2512.87
2513.02
2513.22
2511.51
2512.76
2512.81
2513.07
2512.99
2511.77
2512.36
2511.4
2510.94
2510.72
2510.55
2511.36
2511.4
2511.07
2511.8
2512.93
2514.81
2513.84
2515.04
2515.81
2516.34
2516.25
2513.95
2513.73
2515.12
2514.04
2515.66
2515.09
2513.32
2513.41
2513.46
2513.51
2514.49
2515.61
2515.12
2515.57
2514.81
2514.73
2513.46
2513.48
2513.64
2513.19
2512.66
2511.46
2511.45
2511.41
2511.77
2510.68
2510.17
2509.67
2510.31
2509.95
2511.25
2510.18
2510.03
2510.6
2510.88
2511.18
2510.9
2509.88
2510.44
2510.35
2509.65
2510
2510.13
2511.34
2511.89
2511.58
2511.06
2509.57
2510.23
2510.5
2510.14
2509.66
2508.96
2508.57
2509.76
2509.58
2510.93
2509.28
2508.79
2508.74
2507.94
2509.1
2509.31
2509.66
2508
2507.9
2508.84
2508.61
2508.38
2509.1
2509.29
2509.75
2509.16
2508.16
2507.88
2507.48
2508.49
2510.06
2509.48
2510.76
2509.8
2509.53
2509.69
2509.89
2509.64
2509.08
2509.67
2509.1
2508.15
2509.9
2510.1
2510
2509.78
2510.8
2510.63
2509.63
2510.18
2512.18
2511.6
2510.62
2511.55
2510.68
2509.46
2509.72
2509.51
2508.91
2508.24
2508.52
2510.1
2510.28
2511.9
2512.13
2512.95
2512.03
2512.76
2513.21
2512.45
2512.75
2512.9
2512.57
2512.7
2511.19
2509.97
2508.07
2509.34
2507.54
2506.57
2507.74
2507.99
2509.02
2508.65
2508.8
2508.61
2508.48
2510.1
2510.64
2510.59
2509.84
2510.7
2510.42
2511.72
2511.1
2510.26
2511.19
2510.49
2511.11
2509.7
2509.8
2509.99
2509.87
2510.75
2510.94
2511.99
2511.48
2512.15
2510.95
2511.83
2511.4
2511.96
2511.57
2510.81
2510.11
2510.26
2508.93
2508.76
2508.89
2508.29
2508.7
2508.99
2507.7
2508.17
2507.1
2506.93
2507.84
2508.34
2506.5
2506.48
2506.92
2507.69
2506.25
2506.04
2505.98
2506.22
2507.64
2507.55
2507.3
2507.74
2506.75
2507
2506.53
2506.29
2506.16
2507.22
2506.81
2506.87
2506.69
2506.56
2507.84
2509.04
2508.52
2507.71
2507.36
2507.33
2506.71
2505.59
2505.65
2505.65
2506.08
2505.74
2506.08
2505.87
2504.77
2505.84
2504.04
2503.7
2503.33
2504.55
2505.06
2504.3
2504.66
2506.18
2506.51
2507.76
2507.15
2506.43
2506.26
2507.53
2506.5
2505.31
2505.94
2505.66
2505.45
2505.41
2504.59
2504.98
2506.26
2507.33
2507.65
2507.11
2506.61
2506.56
2506.7
2507.31
2507.78
2506.32
2506.13
2506.04
2505.79
2505.95
2504.9
2504.38
2504.98
2503.47
2504.63
2502.89
2503.58
2503.5
2503.8
2503.28
2503.29
2503
2502.3
2501.7
2502.18
2502.24
2502.27
2501.53
2502.05
2502.61
2502.68
2503.57
2503.42
2502.98
2503.01
2503.01
2503.19
2502.51
2502.76
2503.08
2503.38
2503.77
2504.19
2504.05
2504.47
2504.44
2504.71
2504.64
2504.37
2504.27
2504.12
2504.26
2505.01
2504.84
2504.95
2505.19
2504.36
2504.37
2504.57
2503.08
2502.76
2502.93
2503.54
2503.35
2503.7
2503.8
2503.47
2505.06
2504.72
2504.24
2503.64
2503.46
2503.25
2503.5
2503.73
2502.97
2502.95
2504.48
2503.62
2503
2504.04
2503.59
2503.51
2503.62
2505.19
2504.96
2504.69
2505.43
2505.56
2505.49
2506.61
2506.55
2505.82
2505.16
2506
2505.43
2504.78
2506.2
2505.77
2505.83
2505.94
2506.86
2506.32
2506.94
2506.53
2505.79
2504.76
2505.52
2506.24
2505.32
2504.8
2505.44
2505.45
2505.68
2506.33
2506.23
2506.24
2505.67
2505.76
2505.9
2504.63
2504.08
2503.92
2505.64
2504.97
2504.68
2504.49
2503.89
2504.63
2504.77
2504.49
2504.93
2504.82
2503.31
2502.41
2503.3
2503.14
2503.46
2505.2
2505.13
2505.7
2505.03
2505.01
2503.34
2503.5
2503.36
2502.12
2502.84
2502.54
2502.48
2502.63
2502.28
2501.52
2501.28
2501.78
2502.27
2503.41
2502.25
2502.09
2503.27
2502.94
2502.37
2502.27
2501.51
2501.23
2501.2
2501.38
2502.54
2501.97
2501.38
2501.79
2502.13
2501.9
2502.31
2503.28
2502.97
2502.59
2502.87
2502.5
2502.55
2501.81
2502.26
2502.69
2502.78
2502.08
2502.05
2502.04
2502.14
2501.84
2501.69
2501.04
2501.05
2500.39
2500.69
2500.19
2501.13
2500.51
2500.7
2501.39
2501.48
2501.27
2501.62
2500.58
2500.38
2500.72
2501.24
2500.83
2500.5
2500.32
2501.26
2500.26
2500.18
2499.35
2500.01
2500.16
2499.31
2498.52
2498.6
2498.55
2499.53
2499.47
2500.3
2500.65
2500.41
2500.86
2500.72
2500.68
2500.49
2501.61
2501.93
2501.36
2500.37
2500.37
2501.24
2501.56
2501.18
2502.41
2502.2
2502.27
2500.55
2501.32
2500.9
2500.89
2500.52
2500.61
2501.4
2501.55
2502.26
2501.67
2501.68
2500.86
2501.36
2501.97
2501.7
2501.98
2502.58
2501.65
2502.2
2503.16
2502.64
2501.75
2501.47
2501.38
2501.44
2502.01
2500.78
2500.41
2501.7
2501.26
2500.74
2501.39
2501.12
2500.74
2500.83
2500.81
2500.52
2500.5
2500.87
2501.02
2499.72
2499.95
2500.32
2500.57
2501.53
2500.32
2500.74
2501.06
2500.5
2500.4
2500.26
2500.66
2500.22
2500.26
2500.57
2500.5
2500.69
2500.37
2500.6
2501.63
2501.15
2499.9
2499.91
2500.49
2500.69
2500.45
2501.11
2501.51
2501.23
2500.49
2499.81
2499.85
2499.9
2500.49
2500.31
2500.09
2499.6
2499.83
2500.22
