Mut_X Mut_Y Mut_Size Mut_Rot Mut_R Mut_G Mut_B Mut_Type Time_Sec
58425 57319 65808 59790 67042 67707 66844 55732 1642.02
0 0 0 0 0 0 0 0 1642.02
--- Historial MSE por cambio de temperatura ---
14305.1
14206.5
13842.9
13911.3
13895.2
13994.8
14125.7
13896
13527.5
13640.3
13839.3
13661.7
13365.7
13056
13220.9
13228.8
13883.3
13658
13651.9
14068.9
14260.6
14409.8
14849.1
14565
14704.4
14822
14625
14256.5
14625.6
14604.4
14775.8
14306.8
14262.3
14096.2
14168.2
14155.7
14081.8
13889.8
14136
13722.1
13436.6
13525.7
13709.4
13737
13569.2
13509.7
13616.3
13833
14178
14082
14024.3
14249.1
14031.7
13954.5
13641.4
13906.2
13861.3
13553.4
13396.5
13560.6
13861.4
13723.2
13441.5
13457.2
13778
13980
13745.1
13802.8
13847.9
14067.8
13716.1
13223
13528.8
14013.2
13616.6
13668.9
13559.1
13327.1
13685.1
14050
14022
13535.4
13632
13452.9
13508.1
13613.8
13665.7
13715.1
13519.3
14021.3
13734.2
13567.1
13455.8
13592.9
13144.1
13192.5
13303.9
13787.2
13412.9
13515.2
13731
13929.3
13371.7
13308.7
13245.8
13114.7
12860.2
13135.3
13249.3
13190.2
13358
13440.4
13276.9
13507.2
13558.6
13474.7
13931.1
14295.3
14435.3
14207.7
13956
14164.5
14315.6
13922.2
14129.7
13768.2
13616.1
13796.1
13629
13967.1
13593.2
14359.7
13869.3
14100.2
14167
13716.6
13327.2
13105.3
13003.5
13031.9
13185.9
13516.4
13120.9
12897.3
13364
13607.1
13534.2
13156.9
13172.3
13074.5
13499.4
13283.1
13130.2
12868.4
13239.8
13707.4
13808.5
13810.5
14311.5
14019
13585.9
13575.8
14137.6
14569.6
14516.4
14538.8
14539.2
14727.9
14393
14155.6
14425.6
14545.8
14409.6
14099.4
14427.6
14494.8
14669.5
14562.8
14093.1
14152.3
14695.8
14673.5
14324.9
14699.3
13921.8
13376.1
14073.7
13787.2
13541.2
13333.2
12968.4
13589
13592.3
13072
13332
13692.7
13891.7
14050.6
14084.8
13881.8
13633.6
13815.3
13177.5
13157.9
13307.7
13343.7
13236.1
13337.7
13978.1
13606.8
13174.4
13352.4
13515
13782.2
13962.5
13381.2
13628.8
13453.5
13744.6
13663
12906.3
12715.4
12593.3
12868.9
13325.8
14053.8
13796.1
14240.4
14014.1
14166.2
13921.5
13914.7
13621.3
13255.3
13556.2
14151.6
13418.4
12858.5
13113.8
13646.2
13442.1
13675.4
12708
12853.7
12844.9
13090.5
12928.4
12963.1
13983.6
14258.8
13564
13997.3
14329.3
13593
13110.8
13448.7
13959.1
14685.9
14370.7
13941.4
13729.8
13163.4
12866.1
12915.4
13258.8
12980.2
13098.7
13014.5
12692.7
13157.5
13438.3
12497
12451.1
12638.8
12616
12841.5
12665.2
12720.6
12511.6
12928.6
12527.1
12608
12949.6
12631.5
12496.7
12264.2
11997.2
11730.5
11518.3
11287.7
11555.2
11555.3
11570.8
11738.5
11858.3
11883.7
12172
11688.7
11795
11899.1
11814.4
12209.3
12699.3
12936.5
13307.7
13854.9
14151.2
13204.2
13464
13934.2
13969.2
13986.1
13714.4
13535.7
13149.5
13171.3
12929.3
12733.5
12913.6
12575.7
12874.9
12786.2
12850.6
12954.1
12793.8
12545.2
13008.6
13050.2
12623.1
12821.9
12893.1
12690
12352.1
12783.8
12323.3
12102.6
12382.8
12547.1
12499.6
12619.1
12374
12564.8
12880.5
12435.1
13169.7
13440.8
13347.9
12861.9
12529.8
12739.8
13563.5
13348.6
13639.6
13616.8
13892.4
13875.6
14278.6
14046.1
14119.2
14281.6
13780.9
13607.8
14051.2
13689
13225.3
13583.9
13675.2
14157.8
14084.7
14374.7
14272.4
14451.2
14207.4
14128.5
14011.5
14045.9
14152.5
14256.9
14430.1
14156.2
14240.4
14216.1
14744.8
14998.9
14393
14535.3
15240.4
14528.6
14766.9
14927.5
14303.7
14038.4
14053.4
14465.5
14254.4
14906
15211.7
15678.8
15210.8
14916
14795.1
14789.1
14618.7
14757
15094.2
14581.7
14470.7
14433
14127.7
14684.5
14426.3
14272.6
13810
14262
13366.8
13335
13110.9
13913.4
14267.7
12789.7
13889.8
13877.1
13627.3
13845.9
13986.4
13695
14614.1
14758.5
14268.5
14849.4
14811.8
14591.7
14093.5
14050.3
14645.2
14147.4
14003
14177.3
14007.2
13855.8
13646.4
14036.1
13675.2
14006.4
14074.2
13866.8
13645.6
13503
13605.9
13350.7
13173.6
13770.3
13021.3
13451.4
14069.1
14414.3
13907.2
14396.2
13962.1
14462.3
14237.6
13882.9
13964.6
13893.4
14106.8
13937.4
14178.6
14013.6
14342.2
14073.5
13717.9
14109.4
13664.4
14460.6
14086.5
13844.6
14027.5
14156.9
14420.1
14577.7
13743.1
13343
12682.1
12946.3
12704
13270.1
13181.5
13276.1
13649.3
14097
14067.7
14166.6
14036.5
14360.9
13951.3
14375.1
14246.1
14091.1
14058.1
13645.1
14311.3
13493.3
13577.2
13458.7
13493.1
13141.6
13129.9
13438.8
13475.5
13512.8
13296.4
13069
13570.8
13666.3
12964.5
12788.7
13343.2
12707.3
12984.7
12652.7
12725.7
13022.1
12795.9
12579.6
12385.1
12721.9
12971.5
12559.9
13001.8
13427.9
13276.9
13249.4
12986.3
12922.8
13420.8
12482.2
12890.5
12715.4
12574.9
13333
13402.9
13663.6
14235.8
14316.6
13292.1
13445
14294.3
14079.9
13819.9
13683.7
14245.4
13783
14100.6
13924.1
13998
13823.2
14023.7
13842.2
13919.6
13718.9
14297.1
14352.6
14694.4
13897.5
13570.2
13771
13462.5
13924.8
13722.3
14007.6
13888.1
14516.3
14838.5
14166.1
13584.9
13893.1
13770.3
13565.5
13448
13475.7
13804.9
13738
13939.2
13725.6
13729.2
13350.3
13434.2
13527.4
13772.7
13704.6
13933.4
13809.7
14135.4
14525.2
14378.4
14158.1
13595.3
13622.3
13339.3
14220.3
14158.7
14326
14869.3
14899.4
14853.6
14147.7
14229.2
14075.2
13843.8
14429.7
14215.7
14083.6
14592
14396.1
13870.9
14000.7
13984.6
14171.7
13990
14246.9
13972.1
13603.7
13722.7
13496.2
13433.6
13055.6
13246.1
13709.3
13888.4
13790.9
13441.5
13946.6
13965.9
14065.1
14356.4
14646.4
14583.6
14519.3
14327.6
14050.9
14567.9
14473.9
14453.5
14678
14553.7
14404.3
14117.5
14008.2
13910.5
13539.2
13575.9
13618.1
13521.6
13650.9
13411.4
13374.5
13844.9
13273
13821.5
13012
13558
13531
13560.3
13389.8
12724.7
12836.9
13196.5
13160.7
13074.4
13438.3
12651.2
12847.6
13401.9
13229.8
12526.1
12204.1
12190.1
12402.1
12437.4
12625.4
12962.1
12797.2
12604.3
13069
13391.7
12894.1
12308.7
11981.5
12130.6
12240.8
11867.7
11735.1
11823.2
11710.5
11780.1
11842.2
12225.8
12703.5
12132.1
11870
12190.8
12137.8
11936.9
12004.5
12032
12482.9
12692.1
11772.9
11668.2
11366.1
11242.5
11666.6
11832.2
11443.6
11454.1
11346.2
11234
11480.6
12007.8
11178.5
11304.1
11051.7
11427
11256.3
11503.1
11858.7
11788.2
11711.2
11258.3
11160.1
10683.2
10880.1
10970.2
11223.9
10409
10785.9
11309
10991.5
11300.1
10733.7
10620.4
10923.6
10817.4
10539.6
10927
11245.6
10321.9
10063.9
9921.84
10040.8
9760.16
10006.3
9863.58
9646.34
9979.71
9645.02
9735.17
9729.56
10673.3
10645.5
10326.4
10500.6
10464.1
10333.8
10702.3
10809.6
10139.3
10657.5
9801.52
9609.19
9397.62
9487.97
9771.25
9321.22
9468.84
9119.14
9179.44
9682.15
9905.58
9758.22
9744.01
9661.51
9321.5
9351.55
9444.99
9000.65
9055.95
8769.12
8561.94
8286.17
8435.98
8409.98
8378.54
8484.14
8705.38
8602.65
8434.92
8383.78
8782.18
8652.69
8546.33
8186.31
8272.72
8580.25
8808.04
8286.29
8287.67
8350.49
9364.6
9226.27
8449.49
8228.73
8393.44
8402.39
8742.01
8535.83
8466.22
8424.47
7760.6
7773.85
7631.23
8212.62
8441.39
8498
8496.7
8274.32
8191.43
8144.62
8257.43
7988.16
8185.89
8138.39
7711.55
7568.86
7734.66
7435.5
7609.04
7614.21
7951.98
7875.98
7392.02
7822.91
7477.34
7826.81
7557.67
7657.8
7969.9
7886.48
7987.81
7892.92
8559.99
8667.7
8145.28
8014.47
7736.11
7701.02
7977.89
7681.56
7615.26
7945.01
7487.17
7391.61
7644
7647.61
7864.76
7577.06
7317.93
7769.19
7715.88
8243.7
8236.82
8232.57
8173.94
8468.97
8046.19
8559.74
8218.63
7973.37
7976.43
8311.78
8087.07
8132.62
8475.2
8450.87
8011.34
7876.82
8178.5
7901.73
7934.9
8082.75
8263.13
7879.15
7775.5
7700.45
7307.06
7033.86
6972.68
7091.14
6729.02
6948.86
7090.17
6871.77
6987.58
7244.49
7095.63
7136.27
6743.5
6389.36
6043.61
6637.65
6779.03
6468.23
6221.92
6060.34
6227.88
6048.5
5986.7
6226.23
6519.67
6315
5885.96
5897.59
5724.58
6013.83
5723.54
5864.52
5574.27
5580
5639.54
5572.71
5187.86
5065.01
5169.98
4983.1
5609.61
5554.59
5556.79
5537.66
5231.14
5311.25
5561.7
5457.89
5072.18
5242.44
5470.3
5101.57
4933.08
5295
5952.11
5605.84
5516.71
5433.79
4999.05
5224.92
5338.72
4748.45
5064.93
4838.13
4787.81
4947.83
4863.12
4724.69
4740.95
4871.31
5020.37
5097.57
5230.01
5454.85
5358.42
5285.28
5716.19
5620.33
5514.81
5101.31
5239.52
5514
5634.25
5277.37
5203.39
5172.25
4860.39
4960.3
4987.03
5085.62
5232.73
5144.25
4665.96
4771.99
4800.21
4897.9
4696.32
4456.76
4580.84
4590.77
4743.07
4857.51
5094.92
5307.57
5038.22
5050.1
4755.05
4454.42
4477.96
4451.56
4711.19
4636.16
4452.54
4607.88
4346.25
4505.19
4690.83
4918.79
4884.09
4647.44
4339.02
4261.13
4396.72
4405.24
4274.54
4104.89
4225.34
4311.34
4397.83
4345.84
4235.39
4320.62
4075.76
4148.62
4077.86
3991.2
4165.76
4235.49
3863.16
3759.67
3586.23
3476.97
3363.82
3577.82
3817.64
4031.85
4265.07
4046.35
4200.77
4029.79
4065.54
4169.76
4320.78
4342.6
4539.47
4149.39
3941.72
3891.09
3828.81
3875.96
3767.93
3948.65
3733.56
3583.49
3532.06
3410.74
3643.48
3711.49
3638.66
3430.77
3479.65
3469.65
3416.39
3333.51
3420.35
3715.91
3589
3657.5
3581.71
3605.13
3617.67
3593.71
3579.94
3388.65
3549.28
3564.04
3342.25
3257.89
3372.57
3756.57
3710.65
3517.48
3386.77
3458.7
3370.42
3208.42
3324.69
3349.97
3213.41
3314.06
3474.12
3524.44
3498.31
3467.37
3134.65
3052.76
2926.02
2844.51
2825.6
2833.44
2960.99
2984.32
3117.2
3230.25
3326.49
3219.59
3201.68
3131.03
3060.92
3169.02
3347.09
3208.55
3071.24
3173.12
3030.89
3116.38
3046.03
3095.78
3145.33
3314.01
3270.15
3333.99
3335.68
3505.93
3340.76
3396.12
3274.51
3271.65
3462.85
3341.32
3330.83
3200.45
3137.69
3207.29
3134.8
2957.23
2991.91
2986.42
2941.66
2943.45
2911.47
3031.31
3256.31
3103.2
3153.54
3078.29
3103.18
3136.36
3068.59
3143.27
3076.36
3015.37
2961.65
2970.52
2958.08
2924.12
2958.36
2870.48
2884.89
2866.43
2856.48
2681.99
2760.31
2651.31
2601.28
2536.89
2633.15
2596.85
2756.76
2792.48
2743.63
2703.97
2720.71
2700.94
2615.63
2702.95
2753.27
2828.3
2821.18
2757.3
2862.47
2800.76
2708.96
2762.61
2767.79
2834.52
2826.19
2860.43
2761.45
2723.67
2691.34
2778.86
2677.06
2610.69
2585
2596.41
2657.69
2772.04
2871.9
2899.53
2700.98
2629.63
2550.67
2619.28
2528.92
2575.66
2618.5
2573.48
2377.55
2355.77
2417.45
2411.6
2323.63
2222.82
2279.34
2382.84
2459.09
2463.1
2478.84
2369.62
2367.98
2271.47
2289.85
2205.49
2242.75
2231.08
2050.09
2058.9
2031.06
2021.92
2064.88
2078.38
2056.96
1979.74
2040.68
2023.96
1986.42
1914.05
1936.69
1976.53
2049.14
2037.63
2031.17
1981.58
2072.81
2120.1
2280.88
2224.21
2228.98
2160.03
2203.46
2158.99
2108.43
1968.37
1967.57
1949.33
1861.13
1766.06
1756.07
1789.04
1893.99
1990.46
2050.94
2054.13
2179.18
2172.2
2083.15
2114.95
2040.21
2133.75
2055.57
2041.12
1890.98
1830.06
1850.27
1915.54
1957.75
2039.76
1981.07
2011.07
1982.04
1902.53
2005.2
2060.47
1993.37
2019.34
1921.62
1895.73
1832.42
1812.79
1768.02
1821.1
1739.31
1775.95
1835.68
1800.39
1784.81
1743.92
1755.8
1698.69
1756.46
1719.87
1698.06
1653.84
1719.48
1684.33
1734.11
1715.14
1661.65
1686.04
1706.15
1681.3
1676.09
1721.33
1661.41
1711.17
1745.97
1698.12
1796.23
1733.91
1765.3
1768.57
1663.41
1723.08
1612.49
1640.9
1628.64
1572.78
1621.38
1586.74
1562.76
1627.42
1652.76
1599.43
1679.78
1666.31
1694.09
1637.29
1598.7
1486.66
1441.47
1547.51
1512.1
1574.46
1617.35
1628.78
1561.45
1603.28
1584.54
1578.85
1567.31
1563.43
1506.31
1548.26
1515.41
1506.23
1459.12
1425.17
1427.01
1430.71
1474.73
1481.77
1473.92
1403.36
1459.67
1460.66
1482.23
1516.07
1528.84
1592.1
1607.99
1523.11
1549.06
1583.63
1561.14
1546.64
1568.92
1526.13
1517.52
1516.72
1484.04
1472.86
1460.24
1437.96
1444.34
1421.13
1439.54
1432.99
1486.11
1462.43
1449.65
1508.99
1422.94
1439.16
1422.11
1418.57
1405.6
1361.25
1381.11
1373.58
1386.9
1441.49
1340.2
1367.97
1382.23
1444.32
1468.08
1403.72
1389.69
1413.14
1384.19
1398.52
1345.07
1293.07
1330.76
1317.12
1358
1343.05
1336.23
1389.9
1387.41
1296.77
1279.57
1287.99
1280.75
1317.07
1312.21
1308.22
1331.58
1318.99
1316.01
1338.08
1355.68
1328.21
1278.53
1286.99
1236.79
1239.61
1218.45
1294.91
1243.63
1205.85
1193.65
1170.17
1172.2
1172.37
1203.53
1206.94
1164.44
1215.97
1211.75
1198.9
1224.73
1252.51
1252.89
1189.28
1165.13
1137.21
1140.52
1167.21
1199.17
1206
1187.09
1199.46
1240.82
1227.5
1253.89
1308.82
1343.36
1322.98
1303.26
1221.1
1195.94
1188.93
1143.52
1188.74
1150.06
1193.17
1153.19
1138.73
1182.78
1129.18
1131.85
1125.6
1154.72
1151.34
1174.38
1190.32
1173.43
1148.84
1148.12
1123.97
1143.27
1134.99
1130.61
1185.13
1166.07
1115.43
1102.81
1124.1
1138.56
1127.18
1118.16
1092.28
1090.5
1053.26
1049.71
1034.47
1028.9
1010.85
1023.27
1015.84
1035.37
1054.05
1056.66
1022.21
1008.62
1020.15
1015.57
1006.45
1000.16
984.954
972.62
998.541
989.193
990.084
1010.35
1028.23
1007.23
991.326
1018.8
1050.1
1054.3
1019.91
987.752
1000.31
1009.67
1032.33
1000.76
978.909
976.911
1014.99
1010.22
1039.42
1086.18
1061.59
1049.59
1036.31
1066.12
1027.22
1016.9
987.905
959.757
954.381
975.272
956.288
958.628
954.926
974.775
960.582
935.365
921.071
919.736
910.533
913.861
913.377
901.527
925.328
916.69
890.759
930.837
936.658
915.844
908.207
917.164
921.01
907.609
916.117
922.009
891.85
892.485
893.158
891.934
911.211
917.857
889.896
885.547
901.265
890.015
885.756
894.054
913.904
892.634
871.204
871.333
917.397
918.385
936.159
939.588
921.359
911.721
909.648
926.798
904.897
889.723
874.304
873.13
853.476
865.476
881.973
879.416
866.226
850.044
839.193
860.463
861.339
852.14
850.912
867.008
869.214
889.07
886.104
870.746
874.625
871.446
865.012
845.291
841.13
846.556
845.561
839.919
855.168
850.884
872.368
902.944
881.798
862.002
863.741
868.552
842.873
839.94
826.415
825.793
819.002
844.336
833.766
834.922
835.72
820.619
824.719
814.197
817.614
805.133
804.863
788.69
788.349
779.738
797.031
809.962
795.479
784.175
790.743
804.36
807.583
787.596
777.174
773.912
769.562
772.675
778.168
780.939
772.447
784.817
784.838
765.2
760.452
759.179
762.055
771.807
785.244
785.646
771.828
763.631
752.79
753.879
745.738
746.06
755.848
768.608
757.373
749.296
745.875
753.56
753.623
750.507
754.803
755.459
750.318
760.948
755.67
747.156
733.532
731.085
721.076
722.804
725.795
715.82
713.485
715.459
715.689
707.724
709.009
702.217
704.278
702.134
700.059
700.204
701.178
703.856
702.711
714.318
708.011
706.557
703.416
703.031
711.036
705.231
703.258
691.305
694.096
699.355
707.037
698.693
681.203
674.446
683.246
675.316
675.916
678.744
671.203
672.912
665.624
655.759
662.806
655.938
667.813
672.912
669.615
663.218
654.564
659.55
654.471
659.45
673.861
670.809
667.565
662.526
665.774
660.171
651.225
656.151
654.385
654.729
654.33
654.436
657.423
662.988
669.62
670.924
664.894
661.188
644.39
652.503
667.261
651.488
644.242
646.509
653.843
643.249
633.541
628.229
633.417
625.993
627.413
628.912
627.717
620.456
618.241
621.29
624.816
623.285
612.048
611.419
603.869
603.638
607.36
604.085
600.381
596.864
606.388
606.657
608.707
588.011
586.182
587.641
576.132
564.036
560.997
562.236
562.296
565.608
562.574
559.876
566.343
564.858
559.579
563.419
563.752
561.328
557.003
555.124
559.423
562.066
562.167
559.757
550.012
549.426
554.692
554.093
549.469
549.558
549.682
551.414
543.496
545.788
546.563
546.614
544.607
548.047
550.977
539.26
542.032
541.154
540.939
543.5
542.679
543.26
543.729
541.359
538.024
528.893
535.466
529.528
527.667
526.391
525.662
529.564
528.684
524.245
526.193
530.226
531.17
526.576
528.504
519.424
525.979
529.903
528.061
524.719
528.22
529.236
537.088
532.057
533.424
531.873
536.742
537.263
529.789
524.943
532.792
533.476
530.189
527.319
530.491
526.943
533.133
523.234
523.346
524.293
531.981
525.22
526.222
531.907
527.841
524.391
522.485
522.139
523.084
517.577
519.28
516.855
516.044
520.719
521.756
523.328
521.34
520.506
520.485
518.592
517.848
512.96
513.623
506.627
509.207
508.145
502.458
507.309
505.124
505.072
505.559
506.77
512.754
510.505
509.432
510.622
506.756
501.155
504.676
502.225
505.138
496.618
496.497
495.562
495.503
491.83
493.105
490.672
486.301
486.815
486.295
486.263
482.645
484.819
485.767
482.366
482.342
480.484
480.87
478.733
482.766
484.891
484.92
478.774
475.519
475.964
468.455
471.705
473.9
472.057
470.558
471.026
470.235
468.987
470.778
468.742
468.098
465.11
464.948
463.951
466.207
466.535
466.395
466.243
463.039
460.272
458.196
457.222
457.884
458.616
461.514
460.946
463.943
460.48
460.07
457.521
458.421
458.354
455.823
451.637
449.494
448.025
447.821
453.848
454.006
452.708
448.213
448.58
447.89
448.674
449.715
448.979
449.093
443.429
440.335
440.442
444.372
445.153
442.284
443.589
442.397
439.705
438.262
436.684
434.874
436.53
435.255
431.302
434.943
432.748
432.978
433.522
432.515
428.674
427.715
428.808
422.88
425.829
424.033
421.88
421.313
419.661
419.644
417.971
418.214
424.265
427.272
429.569
421.045
420.367
419.95
418.221
416.397
416.066
416.723
415.097
415.179
415.408
416.389
410.381
410.962
410.232
411.234
410.994
410.687
410.384
409.621
405.756
404.479
405
405.053
405.651
406.79
407.396
406.904
408.58
410.677
410.779
408.406
405.977
404.815
405.159
401.914
398.365
398.961
400.685
397.67
399.336
398.633
399.941
400.991
401.854
402.056
397.54
394.859
393.989
392.286
393.64
391.038
390.207
389.752
389.903
389.716
388.324
387.588
388.39
389.606
390.627
391.396
391.513
392.436
391.678
390.939
390.652
390.574
391.51
391.101
392.149
390.35
391.821
391.869
391.515
390.365
388.024
388.174
387.66
388.525
386.77
386.8
385.683
387.041
387.249
385.384
384.907
383.554
380.964
380.726
381.401
379.467
379.931
378.586
378.761
379.736
378.999
378.819
379.368
380.085
377.46
375.255
374.78
375.875
375.434
376.547
375.52
374.769
374.213
374.946
373.534
373.089
372.197
370.399
369.633
367.519
367.814
366.062
365.68
365.409
366.388
367.446
367.319
366.769
366.242
364.98
366.251
366.059
365.763
363.362
362.178
363.111
361.313
361.741
360.679
360.452
359.733
361.49
363.114
362.199
361.291
360.697
359.1
357.399
356.984
356.239
354.508
356.251
356.758
356.789
356.418
356.48
355.287
354.953
353.772
353.017
353.267
354.094
354.822
352.886
353.36
354.778
353.637
353.572
354.326
353.325
353.866
354.147
353.91
353.621
352.827
353.572
351.517
351.6
350.924
351.05
350.706
350.977
349.479
349.283
347.755
347.896
348.573
350.243
349.876
349.693
349.983
349.096
349.401
348.113
346.756
346.133
346.689
347.464
347.299
347.963
348.342
347.938
347.135
347.512
347.775
346.838
346.836
346.526
345.58
345.131
345.776
346.614
347.171
346.541
345.05
344.645
344.574
344.566
344.347
344.324
344.2
344.299
343.444
342.868
342.508
343.062
344.549
343.285
342.93
342.293
342.122
342.116
342.387
342.764
342.745
341.49
341.614
341.348
342.321
341.238
341.096
341.376
341.544
342.393
342.463
342.737
343.699
342.641
343.258
342.74
341.636
340.81
340.793
340.09
340.658
339.621
339.39
339.438
339.787
340.121
339.608
