Mut_X Mut_Y Mut_Size Mut_Rot Mut_R Mut_G Mut_B Mut_Type Time_Sec
145797 141596 167500 147923 165535 165457 166653 136579 3232.29
0 0 0 0 0 0 0 0 3232.29
--- Historial MSE por cambio de temperatura ---
26581.7
26304.4
26269.2
26514.6
26190.4
25666.1
25953.7
26253.8
25973.7
26504.5
26478.9
26136
25982.3
25922.4
25996.4
25796.1
25439.9
24692.8
25672.4
25663.4
26036.3
25889.1
25481.7
25624.7
24765.8
24940.9
24722.3
25090.4
24836.1
24454.1
24213.9
25139.3
25090.6
25901.1
26260.5
26036.1
25576.6
26187.9
25644.8
25438.2
25293.4
25188.4
24920
25485.3
25518.5
26388.1
26149.9
26446.3
26386.1
26613.9
26206
26478.3
25871.8
26221.3
25555.3
25673.5
25659.8
26011.2
25926.9
25390
25582.8
25867.3
26756.2
25779.9
25969.9
26807.6
26524.9
26445.2
26519
26257.4
26681.7
26623
26571.4
26927.1
26679.5
26738.9
26778.9
26383.8
26020
26304.8
26368.7
26141.7
26380.1
26586.7
26467
26594.4
26740.9
26975.6
26908.9
27225.8
26995.9
26295.5
26564.9
26283.3
26666.4
26799.6
26949
26536.3
26402.4
27176.9
27498.3
27558.5
27444
27110.7
27393.6
27117.9
27126.2
27026.9
27594.9
27431.1
26958.8
26431.7
26507.3
26179
26621.9
26184.1
26263
26360.3
26261.1
26119.5
26887.1
26367.1
26147.4
26228.5
26471.4
26719.3
27181.4
27127.7
26141.8
26904.9
26970.1
26350.6
25874.1
26589.3
26181.1
26282.8
26015.2
26742.5
26745.9
27004.5
27132.6
26887.1
27057.1
26809.8
26717.6
26648.1
26682.9
26781.5
26719.4
26980.3
26615.9
26489.4
26533.4
26452.8
26249.1
26255.9
26814.7
27276
27199
27107.2
27438.2
27148
27377.1
27622.9
27422.8
27656.4
27372.1
27028
26918
27159.1
27735.7
27223.2
27604.9
27662.1
27514
27593.8
26860.9
26817.8
26389.7
26643.4
26565.4
26979.9
26692.7
26230.3
26890.2
26938.8
26962.3
26879.6
27378.4
27490.4
27230.9
27322.7
27501.1
28116.1
28331.4
28132
28638.5
28684.4
28046.3
27739.2
27505.1
27733.4
27354.2
27057.5
26772.3
26460.7
27003.2
27041.6
26771.8
27248.6
27678.5
27371.4
26884
26792.3
26556.4
26737
26377.1
26457.1
26594.3
26583.2
26506.4
26126.7
26617.8
26999.2
27166.2
26908.8
27764.8
28030.6
27974.5
27319.9
26904
26517.9
26119.9
26279.3
26680
26448.4
26234.9
27036.4
27421
26735.5
26243.7
26561.2
25528.1
26613.6
26233.3
25596.1
25111.3
25095.2
25123
25494.3
25640.7
25841.1
25459.6
24871
25282.3
24714.8
24742.3
25092.8
25246.5
25346.7
25642.8
25829.2
25832.8
25338.2
25255
25036
25359.2
25282.8
24896.1
24944.6
24143.1
24321.4
24560.5
24721.6
25115.6
25655.6
25461
25405.8
25302.3
25387.5
24876.9
25105
24802.5
25300.1
24679.8
24584.2
24977
24566.5
24926
24991.6
24775.4
23625.9
23934.7
24621.2
24439
25007.8
25239
25169.7
24650.6
24418.5
24931.9
24673.3
24132.5
24248.6
25092.3
23469.9
23540.6
23120.8
22648.5
23715.5
23480.6
24308.2
24488.2
24059.7
24195.7
24333
23815.5
24069.1
23825.1
23917.8
23648.8
24203.4
24119.1
24784.5
25150.8
24945.8
24476.8
24622.9
23671.3
23954.5
24420.9
24368.5
24892.3
24299.8
23987.2
24471.8
24017.3
24462.2
25137.2
24636.2
25339
25280.5
25158.9
24657.7
24708.7
24255.6
24255.9
24291.3
24292.8
24593.1
24555.6
24137.3
24507.2
24631.4
24805.5
25032.6
24738.2
24942.9
25096
24903.1
25321.4
24707.4
24838.7
24146.7
24266.6
24656
24207.3
24770.2
25746.9
25716.6
24638.9
24981.8
24323.7
24243.7
24008.2
23776.5
23326.5
22446.9
22870.7
23210.7
23481.4
23150.7
22416.3
22485
22927.4
22939.1
23428.9
23543.7
23290.7
23669.9
23456.6
24024.7
23196.2
22952.2
22809.1
23494.3
23167.2
23431.4
23618.3
24020.3
23535.6
23340
23533.5
23469.9
23938.7
23533.1
23018.1
23931.6
24083.9
23738.1
22930.4
23429.2
23952.7
24957.7
24543
24068.2
24703
24770
24744.1
24945.8
24348.4
23970.6
24681.5
25187.4
24851.2
24525.4
25392.4
25814
25669.4
24886.9
24502
25296.9
25210.3
25419.6
25377.4
25701.1
26062.9
25777
25446.1
25439.3
26161.8
25486.3
24861.2
25223.4
24512.1
24254.7
24539.9
24653.4
24880.3
24137.1
24334.1
23960.9
25002.5
23933.2
23869.2
24949.6
24916.1
25039.2
25293.6
23977.2
24295.8
24416.7
24082
23242.5
24148.4
23999.9
22594.1
22679
22421.7
22154.5
23010.3
23378.8
23700.4
23276
22346.3
22734.3
22620.9
22772.5
22732.1
23161.2
22980.6
23128.3
23911.8
24153.4
23646.2
22461.8
22600.7
22668.7
22686.7
21981.9
22062.7
22700.9
22485.2
22201.4
22727.5
22578.8
22503.9
22466.4
22410.4
22181
22015.2
22072.9
23462.3
23274.2
22614.9
22452.1
22825.1
22198.3
22678.9
22649.3
23439.9
23109
22805.8
23400.4
22761.9
23091.3
24002.1
24086.3
22986.4
23273
22907.3
22945.9
22999.3
23503.8
23662
23836.6
23873.5
24500.4
24531.6
25502.1
24719.2
24739.6
24935.2
24183.1
23836.5
23741.4
24778.2
24668.7
24812.4
25019.3
25330.7
25371.5
25767.8
25344.1
25240.1
24076.6
24535.1
23643.8
23758.6
23164.3
23757.8
24272.1
24868.4
24157.7
23525.6
23180.7
22945.1
23041.9
23559.5
23547.8
23658.8
24206.8
24344.8
23781.6
23098.5
23741.1
23973.3
24059.1
24300
24530.5
24699.8
23963.2
23148.1
22349.8
22540.8
23617.6
23296.4
23891.4
24413.2
24230.6
24472.8
24876.5
24543.7
23701.5
23859.2
23808.9
24445.1
23781.9
23552.1
24640.2
24980.9
24638.8
24791
24795.3
24901.4
25000.7
24721.7
25146.4
25044.8
25390.3
24712.3
24969.2
23889.7
23710.4
24000.6
24109.4
24504
23753.6
23649.6
23442.7
23505
22716.6
23265.6
23641.1
23209.4
23965.4
22912.4
22641.5
22851.5
23250
23550.1
23764
23945.3
23818
23723.4
23297.3
22625.3
23031.2
22102.8
22610.7
23165
24528
24330.5
23475.2
23256.6
23720.1
23785.9
23695.6
22537.6
21683.9
21993.7
21854.8
22162.7
22413.1
22692.4
22597.6
22843.2
23057.8
23249.5
23657
23544.8
22956.9
22117.3
22185.7
22953.4
21956.5
21719.3
21401.3
21119.3
21798.5
21777.3
21479.9
21897.4
21942.7
21462.6
22845.9
23031.2
23511.2
23502.9
23773.2
24014.1
24200.3
23264
23337.2
23383.5
23635
23856.9
23657.6
23666
22968.7
22141.2
22749.8
22732.6
23160.9
23652.3
22814.4
22621.6
22666
23264.5
22984.6
23019
23734.1
23250.5
23552.5
24279.1
23192.3
22504.9
22548.5
23103.5
23194.8
22833.1
23518.7
23503.3
22992
21894.3
21883.9
21549.7
21970
21874.4
22127.8
22194.5
21880.9
21898
21623.9
21399
21374.4
21588.5
20607.6
20462.5
21340.2
21009.2
21084.4
20946.4
20349.4
20041.4
21143.7
20866.5
20778.5
21302.9
21251.6
20718.8
21299.6
21398.3
21510.5
21310.5
21546.5
21742
22286.1
21298.9
21324.2
21160.6
21203.9
21667.3
22214.9
22901.3
22776.7
22695.7
23419.5
23527.1
22197.4
22108.2
22098.1
22439
21711.4
21564.2
22021.3
22421.5
21325.3
20785.3
20965
20545.5
21033.4
20636.9
20747.3
20166
20142.5
20312.1
20559.4
20375.2
20035.3
20199.9
20723.3
20544.1
20556.4
20757
20781.5
20803.6
20737.9
20489.7
20295.7
20219.1
20276.9
19836.1
20942.2
20835.1
20743.7
20522.1
20484.8
20661.6
19842.1
19453.4
19294.8
19996.8
19545.8
18768.1
18961.4
19548.9
20717.3
19157.5
19513.5
19717.2
19366
19123.6
19196.6
18700.9
19040.1
18876.1
18536.4
18963.7
18706.4
18757.5
18941.5
18800.3
19693.7
19781.4
19406.1
19865.2
19119.3
19634
18619.6
18725.4
19267.6
18700.6
18976.7
18992.9
18863.7
19245
19174.4
19287.7
19404.8
19535.5
19885.6
19116.3
19634.3
19496.8
19711.6
20210.9
19230.8
19643
20409.6
20854.5
20885.1
21253.1
20825
20561.1
20950.9
21315.2
21167.4
19968.2
20661.4
19995.7
20587.6
21084.4
20179.7
20589.2
21204.7
21348.3
20864.9
21699.1
22176.4
21873.9
23023.2
23109.3
22599.6
22426.6
22330.8
21512.1
22104.7
21734.1
20702.1
21299.8
21108.6
21605.1
22098.9
21490.3
21351.8
21751.3
21604
21503.4
21939.7
21746.3
22227.2
22892.3
23024.7
22841.4
21522.5
22136.5
21404.8
21305.4
21251.9
21109.4
20162.8
20495
20695.8
21004.6
21056.2
21363.3
20325.9
20758.6
20609.7
20580.1
20319.2
19763.3
19793.3
19898.7
19884
20575.4
20015.7
20460.1
20473.4
20374
20963.4
20233.4
20501
20018.7
20476.3
21692.5
21525.5
22563.9
22475.6
21698.2
21345.5
21909.9
22812.2
23230.7
23562.4
23599.4
22953.2
22336.4
22393.6
21282.8
21388
21816.2
22192.2
21996.3
22591.7
21862.1
22550.2
22961.2
22902.3
22341.7
22428.2
22398.3
21717.6
21502.5
21387.2
21359.5
21859.3
22015.8
22219.5
21560.6
21348.6
21921.5
20840.4
21773.2
21544.2
21411.4
21868.7
21533.1
21175.7
21221.4
20960.9
21022.9
20278.2
20162.1
19948.8
19924
20401.5
20920.6
20028.5
19981.7
20452.2
20753.4
20778.7
20812.6
20630.2
20720.4
20088.4
20701.6
20803
20172.9
20564.7
20835
20761.2
20767.6
20630.7
21064.8
20764.5
20456.2
20287.8
20691.8
20019.4
20428
20094.2
20154.7
20327.5
21206
21250.1
20646.1
20471.1
20507.5
20813.6
20099.4
20265.2
20163.8
20801.4
20957
20035.3
20082
20182
20337.4
20091.4
19816.5
20048.9
20150.2
20285.1
20886.6
20637.5
20591.2
20393
21214.7
20696.2
20958
20842.4
20643
20392.3
20443.6
20308.8
20628.5
20716.7
20221.3
20589.5
19754.2
18910.3
18874.8
18666
19506.7
19155.8
19633.8
19126.8
18750.7
18635.3
18933.6
19510
19384.9
19553.8
18860.7
18205.5
18927.1
19563
19303
19505.6
19037.3
20026
19047.1
18362.1
18978.4
18917.2
20016.3
19627.6
19368.8
19774.2
19672.8
20400.8
19442.3
19310
20489.6
20503.8
20573.3
19998.8
19052.4
18839.9
18547.7
18238.9
18126.5
18030.4
18278.6
18572.2
19105.9
18378.4
17785.6
18008.8
18525.1
18119.7
17510.4
17603.4
17709.3
17538.2
17363.3
18988.4
18315.1
18331.2
17911.5
17101.2
16951.1
16802.2
16885.1
16976.6
17461.4
18136.2
18588.3
19193.6
18162.1
17045.1
18028.9
17675.9
18622.4
17494.4
17780.9
17923.3
17854.2
17560.2
17403.3
18388.3
17668.7
18450.1
18508.9
18778
17844.2
18342
18001.2
18181.2
18812.6
18186.2
17973.5
17316.6
17856.3
17598.8
17285.5
16615
17421.8
17616.6
17906.7
17800.2
17770.8
18131.5
19226.1
19165.3
19239
18234.8
17209
17307.9
16937.4
17586.2
17393
17316.2
17294.8
17069.3
16151.5
16973.7
17953.8
16182.1
15243.2
16109.1
15780.3
16092.7
16555.7
15965.8
15436
16025.7
15704.2
15941.8
15846.4
15916.9
16371.4
16740.6
16747.6
16991
16921.5
16245.7
16599.7
15992.6
15788.5
16123.4
17211.7
16927.8
16993.2
16748.6
15634.7
15914.6
16826.3
16367.6
16450.6
17690
17443.1
17744.4
17946
17776.7
17516.5
18268.3
18255.2
17910.2
17959.9
17791.3
17364.7
17267.6
17908.5
17577.8
17099.8
17476.4
17258.1
16968.7
15957.2
16622.9
16207.5
15471.7
16011.1
16601
16401
16690.6
16999.7
15948.8
15870.3
16236.9
16554.1
16866.4
16880.3
17644.1
17122.6
16303.8
16344.2
15941.2
16409.1
16505.2
16964.5
16077.2
15418.2
15399.6
15538.2
15416.9
15597.3
15299.3
15931.2
15411.4
15821.3
16696.5
17049.9
16319.8
15374.5
15911.4
15770.7
17150
16804.5
16349.5
16033.6
16148.9
16254.1
15181.5
15740.1
16125.2
15863.8
15687.9
15779
16449.5
16189
16866.7
16332.9
16104.6
15562.4
15939.2
15913.8
15771.7
16382
16286.2
17099.7
17439.4
16541.9
16725.1
16994.9
16760.1
17628.9
17331.9
16416.7
16367.6
16717.7
16556.4
16616.6
17002.7
17297.1
16684.4
17039.7
15861.1
15743.1
15701
15673.6
16550.8
16075
16170.5
16606.4
16956.7
15567.8
15707.5
16124.4
14989.4
15039.9
16285.8
16184.8
16058.2
16247.5
16631.6
16385
16386.2
16825.6
17802.7
16872.7
16886.7
16773.8
17483.5
18012.3
17568.4
17139
16071.3
16113.5
15909.8
16608.5
17018.8
17254
16384.8
16839.3
16692.6
16565.3
15836.3
15781
15809.4
16166.1
16641.5
15819.1
14743.1
15346.7
15782.4
15807.3
15125.5
14821.3
14225.6
14289.1
14166.4
14746.9
14285.2
15357.7
15376.2
15515.3
14506
13918
13830.7
13328.8
13151
13234.7
13173.6
13486.3
13630.8
13793.1
13734
13153.3
13207.8
13037.4
13796.2
13229.9
13837.8
14220.9
14123.6
15081
15212.2
14684.9
14804.3
14710.6
14495.5
13556.8
14918.3
14883.3
14376.3
14689.2
14766.5
13507.4
14217.4
14085.7
13619.9
13689
13854.4
15199.1
16541
15659.2
15755.2
14895.6
15502.5
14971.2
15034
14700.9
14739.6
15048.8
15517.9
14892.9
15506.6
15493.5
15763.9
14984.4
13961.7
14961.5
14885.6
15605.6
15063.5
15303.3
14990.4
15237.6
14920.6
14859.2
14518.9
14470.3
14552.5
15282.7
15484.1
14238.3
15547.9
16287.4
15973.3
15572.2
14017.9
14448.3
13839.7
13868.1
14899.2
14594.1
13799.3
13123
13698.1
13740.9
14219.5
14729.2
14581
14524.3
15089.7
15259.3
15541.2
15132.5
15335.7
14919.9
14756.4
14044.9
14522.2
14432.4
15131.7
14139.5
14362.9
15284.4
14976.8
14617.8
14830.3
13669.7
14826.4
15039.7
15380.2
15864.5
15234.4
15455.1
15069
15699.1
15388.1
15237.7
15012.2
15021.2
16265.4
15664.7
15000
14698.7
14011.2
13127.2
12464.4
13777.1
13586
13122.3
13270.7
13684
14578
14129.7
14126.2
13596.8
13795.7
13369.3
13418.7
13205.3
13100.1
13160.3
14034.7
13970.1
13459.4
12955.8
12708.7
13014.6
13711.8
13509.7
14118.8
12723
13425.2
13298.7
12851.5
14322.1
14121.2
14208.1
14656.7
15488.4
15260.2
14410.2
14231.1
14836.8
13640.4
13034.2
13587.6
13599.9
13918.2
13811.9
13911.5
14552.6
13662.8
13156
12942.1
13799.9
13844.9
13603.8
14109.3
14183.8
15048.4
14286.5
14167.8
14395.9
14551.3
14242.5
14170.8
14439.4
14780.6
15648.1
15971
16108.6
17151.7
17167.2
16535.4
15451.1
15408.8
15325.6
15888.7
16092.4
15630.6
16356.7
15860
15683.4
14890.5
15533.7
15421.1
15566.5
14835.3
14526.9
15437.2
15114.4
15868.8
15769.2
15176.1
14938.9
14479.6
14679.6
15342.6
15469.8
15488.5
15327.2
14871.3
14939.3
14524.3
14049
13921.2
14183.3
14470.2
13726.4
14032.2
13509.8
12903
13182.4
14296.2
14497.1
13721.6
13918.1
13601.9
13550
13313.2
13181.8
13911.3
14105.9
14591.3
14985.7
13867
13319.6
13316.8
13680.9
13864
13378.1
12451.4
12666.4
12815.5
13311.2
13543.7
12429.5
11708.6
11790.2
11667.3
12439.3
12722.9
13050.4
12268.7
12162.9
12374.3
13142.8
13020.6
13266.9
12605.8
12437.4
12835.2
12931.9
13530.8
12678.7
12979.7
13037.6
12798.8
12608.5
12990.9
12042.8
12163.7
11977.6
11740.2
11291.7
12005.3
12335.8
12185.2
12174.9
12055.2
11829.8
11971
12443.2
11906.4
12253.9
12154.5
12187.6
11396.9
11922.3
12025.9
11982.6
12247.2
12513.4
11526.4
11590.1
11221.9
11822.7
11727.7
11235.6
11000.9
11502.8
12235.7
12077.3
11934
12323.8
12215
12051.5
12832.6
12889
12759.1
12241.7
13070.4
13269.3
14264.9
13856.5
13954.2
13872.7
13532.3
12817.9
12455.6
11739.1
11915.1
12112.9
12762.7
12924.3
13242.7
12601.5
12998.2
12650.1
12632.4
12502.3
13111.3
13011.3
13008.4
12816.9
12218
12359.3
12055.6
13101.5
12321.3
12721.2
12472.9
12118.9
11721.2
12476
12708.6
12302.9
12941.3
12549.7
12377.9
11278.6
11349.6
11136.1
10994.7
11020.4
10890
11186.3
10953.9
11502.6
11265.3
11404.7
11311.4
11564.4
12067.8
11889.8
12231.5
12132.2
12158.7
12924.3
12800.3
11947
11505.9
10902.3
11810.2
11877.3
11727.3
11422.9
11290.6
11612.3
12354.1
11641.2
11834
11817.8
11906.2
12103
12103
11252.4
10676.4
9660.37
10520.3
10281.7
10378.9
11182.8
11356.9
10869.4
10503.5
11427.6
11113.1
10683.7
9970.53
10079.9
10088
10464.7
10740.6
10516.6
10853.1
11020
11797.3
11470.4
11818.4
12343.1
11998.1
12227.4
11236.2
10569.1
10438.7
10993.7
11509.1
11288.3
11219.7
10531.1
10577.5
10101
9675.73
10342.5
10918
10835.4
10203.3
10438.4
10334.1
10088
9843.8
10079.8
10051.1
10101.1
9364.02
9973.41
10030.6
8714.14
8897.02
8019.22
7566.72
7827.6
7833.42
8327.1
8521.04
8578.45
8885.96
9251.78
8984.39
9988.44
9430.92
10311.4
9179.46
8956.57
9040.96
8961.43
9167.24
10333.9
10154.5
10277.5
10244.3
9785.53
9407.76
9608.24
9985.07
10831.8
11758.3
12158.1
11827
12307.1
12315.1
11431.9
11966.7
11911.8
11870.9
12136.5
12324.9
12493.8
12332.3
12268.5
12518.2
12501.8
11161
11358.2
11143.7
10575.2
10278.9
10285.5
11204.5
11581.5
11239.7
10853
11058.1
11415.8
11832.5
11137.4
11445.2
12072.4
11896.4
12346.6
12358.6
11568.3
11070.2
10938.1
11034.9
11035.6
10707.9
11291.7
11064.3
11303.9
11153.8
10809.6
10801.8
10225.7
9676.51
9894.12
10161.1
10099.2
9961.81
9760.57
9525.69
9183.7
9224.84
8914.94
9045.39
9555.78
9419.39
8775.5
9100.72
9261.25
9590.62
10578.5
9583.63
9508.26
9221.19
9416.64
9216.68
9372.17
8968.46
9344.16
9403.04
9474.66
10088.2
10326.1
9932.06
10121.7
10055.3
9848.86
10359.3
10201.1
9864.48
9570.68
9130.37
8849.77
9150.55
9477.31
9115.16
9299.82
9212.2
8804.38
8954.23
8972.35
9268.36
8812.05
9209.96
8620.26
9539.48
8916.89
9211.62
9518.32
9873.69
10264.1
10083.6
9673.48
9724.67
9680.92
9766.99
10217.8
9937.78
10641.5
9961.69
10409.6
9746.17
9321.37
9383.72
9375.71
9857.07
9550.32
9538.19
9499
9232.78
9679.45
9424.32
10428.8
9812.94
9738.32
9036.49
9706.5
9533.25
10324.1
10067.9
9981.33
9866.67
10022.9
10295.2
10180.3
10219
10069.8
9698.29
9538.72
9327.85
9448.67
9050.32
9091.71
8246.53
7894.05
8222.79
8637.17
8548.56
8594.68
8159.92
8268.78
8652.29
8440.98
8076.29
8504.57
8320.17
8360.74
8168.25
8398.75
8856.76
9032.89
9195.94
9701.81
9221.17
9048.21
9403.41
9349.79
9485.2
9658.73
9448.68
9804.26
9367.17
9121.01
9436.15
10117.8
9864.37
9499.79
9238.16
9465.19
9247.49
9204.1
8953.06
9227.78
8992.24
9622.11
9799.97
10043.4
8935.32
8706.5
9327.59
8932.68
8536.95
8758.92
8634.61
8509.7
8775.44
8899.23
8368.73
8269.88
7847.43
8256.93
8060.54
8786.99
8833.21
8563.97
8832.28
9197.46
9613.88
9268.79
9224.31
9140.72
9335.83
8995.82
9138.9
8819.82
8458.59
8466.5
8560.99
8641.38
8991.87
8013.37
7815.22
8089.67
8044.27
7939.83
7722.04
7959.4
7848.31
7531.7
7636.45
7483.28
7798.82
7760.12
7813.55
8369.12
8085.29
7907.96
7818.47
7524.25
7424.03
7403.74
7097.73
6678.99
6884.19
6980.06
7331.52
6611.45
6825.46
6710.97
6804.24
7122.85
7189.21
7545.25
6721.68
6761.51
6492.3
6193.22
6133.37
6638.43
6691.1
6309
6952.11
7061.02
6603.85
6992.28
6989.79
7388.99
7801.48
7467.37
7709.84
7649.48
7624.29
7357.19
7201.45
7446.86
7362.89
8018.98
7567.55
7577.14
7633.18
7775.07
8115
7848.12
8547.72
8585.7
7800.66
7607.7
7389.16
7182.03
7090.09
6449.81
6910.76
7170.04
7439.74
7080.85
7079.26
7284.23
6625.42
6580.71
6337.57
6437.12
6509.57
6527.41
6486.02
6384.89
7110.49
7094.19
6658.16
6660.6
7152.05
6752.09
6848.8
6726.94
6291.85
6616.93
7320.62
7936.32
8061.38
7672.37
7459.54
7668.44
7280.09
6681.79
6599.03
6924.3
7183.85
6730.55
7079.11
6573.67
6396.09
6087.63
6301.02
6320.02
6215.3
6724.99
6252.44
6912.28
6416.62
6511.99
6348.57
6133.18
6077.96
5890.48
5773.3
5882.87
6107.88
5915.55
5757.83
5801.66
5535.86
5925.22
6053.79
5742.82
5627.1
5391.67
5538.09
5569.16
5932.09
5929.02
5902.01
5781.83
6021.71
5391.35
5873.22
6035.51
6163.99
6496.98
6185.72
6355.73
5799.13
5498.3
5558
5687.62
5378.27
5492.24
5890.05
5483.96
5632.03
5360.15
5456.11
5773.94
6576.06
6267.03
5910.09
5641.76
5798.3
5911.78
6066.63
5314.91
5578.23
5415.9
5354.99
5329.11
5225.72
5139.91
5255.82
5273.65
5249.15
4922.26
5349.41
5445.26
5757.11
5422.28
5322.36
5681.16
5477.25
5644.04
5362.61
5754.01
5248.78
5169.96
5190.84
4882.5
4724.41
4765.37
4632.82
4829.82
4891.99
4511.19
4847.06
4885.02
4544.74
4125.36
4645.66
4997.46
4754.13
3834.23
4540.04
4472.49
4412.5
4198.33
4353.44
4308.57
4181.05
4508.69
4277.32
3944.57
3980.32
4076.45
4061.01
4238.44
4527.61
4864.6
5215.12
4807.21
4652.16
4526.82
4745.12
4706.94
4575.67
4499.39
4659.67
5027.42
5439.1
5323.6
5413.93
5301
5112.29
4933.26
4805.1
4714.92
4808.1
4883.74
4802.97
4800.52
4768.02
4768.5
4920.22
4560.48
4608.46
4894.27
4591.43
4470.37
4495.92
4748.14
4471.32
4457.65
4694.49
4490.03
4864.66
4731.02
4889.07
4390.63
4569.77
4702.33
4602.36
4470.55
4532.01
4224.06
4079.34
4984.29
4891.32
4575.97
4682.79
4601.75
4327.24
4104.16
4278.98
4668.38
4771.98
4448.71
5051.36
4912.94
4890.28
4684.28
4704.04
4812.19
4653.53
4324.57
4037.03
4162.42
4123.05
3918.1
4100.17
4383.62
4581.58
4554.11
4826.99
5176.05
4895.33
4919.97
5051.84
4233.29
4479.79
4497.61
4412.57
4379.11
4618.26
4801.08
4872
4879.84
4711.09
4958.13
4762.55
5038.14
4950.15
4834.43
4821.43
4661.52
4778.06
4354.27
4464.71
4305.34
4274.35
4019.57
4096.93
4321.94
4350.61
4424.53
4429.6
4558.39
4635.6
4829.65
4916.31
5117.11
5544.56
4987.88
4702.51
4393.55
4584
4664.7
4323.25
4283.93
4671.69
4846.22
5021.72
5066.53
4872.05
5020.58
4863.7
5146.73
4676.63
4422.07
4545.59
4448.3
4141.08
4425.73
4045.37
3737.63
3769.88
3851.47
3969.85
4035.29
4269.78
4462.24
4451.39
4389.07
4472.38
4493.91
4362.38
4361.46
4647.85
4430.42
4397.59
4136.37
4063.32
3945.81
4059.18
3969.74
4017.18
3864.29
3763.23
3742.05
4043.11
4457.89
4426.33
4301.82
4185.51
4278.57
3959.4
3727.28
3861.19
3993.82
4012.98
3951.23
3894.86
4186.38
4053.9
4203.16
4633.31
4569.4
4564.62
4401.01
4612.09
4500.35
4531.72
4389.05
4734.22
4581.14
4671.48
4281.86
4119.68
4066.18
4413.8
4674.27
4774.74
4645.86
4760.81
4783.44
4730.45
4735.5
4642.56
4676.69
4560.39
4482.08
4209.06
4362.28
4478.4
4360.9
4655.63
4543.12
4899.67
4309.28
4473.28
4408.58
4488.67
3982.35
4074.74
4370.17
4086.74
4218.02
4376.63
4349.24
4838.72
4649.15
4816.7
4569.68
4697.95
4551.68
4503.56
4195.18
4587.49
4812.26
4574.54
4671.55
4349.47
3962.25
4104.2
4162.48
4108.86
3986
3732.45
3916.23
4217.23
4100.84
4017
4075.35
4023.81
4010.29
4112.54
4125.62
4192.17
4383.72
4248.14
4144.85
4183.56
4138.21
4255.73
4323.52
4050.43
4348.71
4169.15
4437.5
4666.12
4629.06
4454.21
4631.33
4221.26
4103.62
4136.95
4275.1
4238.3
4232.25
3886.73
3502.84
3870.22
3610.09
3811.24
3719.54
3586.51
3537.31
3523.33
3583.6
3842.85
4018.02
3640.17
3595.25
3557.39
3659.37
3572.8
3590.03
3711.64
3573.63
3823.12
3462.53
3579.03
3421.32
3198.67
3111.78
3165.84
3241.38
3523.16
3399.29
3553.89
3521.3
4059.26
3750.64
3803.24
3945.07
3913.22
3562.04
3456.55
3386.26
3561.1
3788.34
3515.84
3723.82
3721.93
3661.69
3589.6
3452.59
3210.03
3112.68
3148.55
3175.33
2673.21
2870.32
2898.74
3223.04
3087.32
2960.92
2995.49
3224.67
3048.16
2872.96
2885.69
2414.9
2475.5
2533.24
2681.62
2699.87
2580.47
2620.32
2480.25
2632.6
2702.43
2663.44
2853.2
2689.59
2827.66
3078.79
2964.56
2893.6
3045.64
3289.14
3201.6
3202.4
3253.67
3251.47
2782.44
2931.46
2791.47
2898.27
2912.36
2920.77
2888.25
2921.98
2976.23
3091.25
2953.27
3029.53
2932.38
2790.65
3043.96
3216.07
3000.24
3305.84
3438.67
3292.11
3237.97
3124.65
3161.72
2945.86
3107.57
3011.86
3114.2
3213.65
3085.03
3005.64
3077.75
3178.11
3135.09
2928.57
3141.9
3111.62
3263.65
3152.75
3318.94
3681.52
3116.52
3147.29
3057.33
3089.71
3199
3289.32
3496.62
3429.78
3356.41
3174.81
3170.75
2918.09
3237.15
2861.26
2658.06
2807.78
3083.73
2892.41
2823.41
2746.07
2562.96
2679.48
2789.68
2644.93
2633.22
2644.3
2546.63
2883.73
2793.81
2701.95
2844.6
2819.71
2673.05
2545.91
2758.72
2616.6
2634.8
2673.54
2573.67
2806.37
2717.6
2584.16
2548.22
2645.46
2669.58
2514.69
2543.94
2595.75
2883.21
2680.45
2822.56
2733.68
2494.95
2584.22
2531.54
2692.75
2720.65
2580.62
2367.46
2514.59
2331.1
2305.69
2270.13
2321.24
2332.9
2308.28
2322.27
2289.91
2480.68
2476.96
2559.11
2728.45
2688.4
2619.1
2527.67
2538.84
2561.62
2435.69
2485.64
2543.15
2449.31
2500.43
2570.74
2648.44
2339.76
2450.37
2606.2
2443.98
2563.87
2535.63
2492.32
2362.79
2403.19
2426.68
2456.17
2533.58
2346.42
2414.45
2377.86
2238.14
2191.35
2302.46
2288
2390.84
2510.11
2381.47
2196.27
2285.49
2337.64
2276.35
2173.98
2011.17
1943
2059.72
2107.32
2621.29
2382.83
2369.33
2224.8
2401.93
2304.65
2395.14
2467.66
2296.24
2253.62
2374.07
2522.52
2455.24
2309.44
2312.53
2141.25
2287.32
2332.34
2342.67
2378.76
2393.69
2342.89
2312.93
2304.52
2213.21
2065.09
2071.52
2124.73
2276.82
2189.58
2253.84
2181.36
2174.3
2269.92
2316.14
2363.24
2349.45
2390.61
2386.36
2380.31
2245.47
2403.7
2346.64
2392
2499.51
2424.71
2412.12
2418.16
2387.27
2478.91
2467.64
2523.13
2549.44
2565.13
2674.7
2596.48
2525.04
2597.04
2613.63
2540.15
2607.52
2692.11
2581.57
2600.37
2403
2338.81
2340.15
2345.93
2403.31
2246.61
2313.45
2319.17
2428.4
2364.22
2256.93
2241.5
2204.61
2209.2
2400.1
2305.62
2376.91
2503.48
2481.29
2446.75
2254.26
2324.9
2378.03
2182.46
2293.67
2118.43
2108.35
2143.59
2122.02
2159.95
2076.15
2287.54
2238.38
2214.5
2141.65
2204.46
2199.97
2256.17
2372.4
2167.92
2247.41
2078.99
2115
2154.1
2272.53
2356.74
2307.56
2350.01
2398
2625.68
2467.59
2409.48
2428.59
2314.99
2324.11
2269.93
2275.87
2292.86
2283.02
2399.88
2421.92
2373.59
2324.21
2434.6
2423.54
2505.48
2465.38
2465.19
2544.51
2772.1
2761.26
2804.94
2715.48
2687
2678.94
2407.09
2492.57
2489.31
2522.43
2539.25
2461.7
2409.33
2545.98
2561.15
2451.47
2407.97
2346.59
2309.68
2309.1
2359.35
2384.02
2379.75
2308.87
2327.88
2148.72
2147.59
2369.86
2199.1
2214.17
2358.13
2504.75
2297.51
2149.05
2073.76
1943.52
2047.79
1971.93
1964.76
1821.31
1961.29
1904.91
2012.44
1853.5
1824.67
1757.87
1827.27
1963.5
1936.47
2014.97
2156.27
2108.11
2178.34
2225.26
2239.63
2107.45
2027.95
2033.27
2213.26
2203.41
2316.21
2204.54
2196.15
1962.96
1898.59
1875.93
1948.49
2072.61
2094.59
2043.64
1957.67
2046.12
2139.62
2162.07
2050.45
1999.66
1969.65
1988.07
1916.18
2032.78
1949.87
1994.04
1975.89
1937.96
1956.24
1982.2
2132.08
2121.53
2211.02
2190.55
2287.19
2271.55
2281.65
2333.5
2339.5
2269.47
2293.93
2365.55
2187.46
2182.69
2160.09
2018.57
2056.06
2089.58
2099.55
2030.64
2095.3
2156.69
2209.2
2124.27
2080.44
1988.52
2021.88
2065.36
1997.36
1890.39
1811.18
1861.37
1829.67
1984.16
2017.49
2049.67
1993.22
2102.71
2109.34
2050.83
2115.39
1974.88
2170.74
2110.58
2097.72
2056.72
1967.33
1961.68
2014.9
2122.2
2264.44
2211.79
2195.27
2108.92
2186.63
2117.96
2004.38
2074.43
2068.85
1925.89
1916.78
2053.63
1950.95
2003
2065.61
1976.44
2058.87
2031.05
1967.7
1925.21
1845.46
1800.78
1841.94
1900.88
1765.81
1863.4
1816.03
1802.42
1768.4
1845.56
1888.21
1904.76
1747.02
1811.5
1713.44
1764.01
1779.79
1763.28
1692.19
1661.94
1671.65
1727.63
1699.06
1848.93
1756.82
1532.74
1477.83
1505.86
1622.85
1603.15
1660.91
1524.32
1543.27
1706.95
1627.09
1512.37
1570.67
1734.21
1714.06
1718.41
1839.21
1847.08
1781.2
1834.01
1857.35
1893.07
1794.48
1806.52
1649.85
1608.74
1656.15
1654.28
1683.35
1613.41
1629.42
1510.88
1547.62
1533.98
1460.9
1512.5
1542.4
1561.19
1391.8
1500.46
1547.44
1542.66
1616.61
1562.48
1589.79
1524.23
1536.74
1630.43
1659.56
1632.66
1627.32
1621.72
1640.22
1670.65
1725.17
1760.42
1694.23
1747.52
1860.07
1764.54
1834.07
1815.67
1631.32
1572.59
1549.2
1608.29
1647.39
1628.37
1684.29
1646.98
1593.58
1541.9
1615.69
1681.51
1675.16
1779.11
1836.96
1867.24
1849.09
1651.71
1619.6
1620.09
1623.14
1572.28
1639.08
1665.71
1745.66
1608.52
1592.9
1698.97
1679.05
1587.73
1666.99
1678.37
1674.99
1622.12
1601.94
1721.95
1667.09
1623.15
1555.21
1545
1500.55
1493.35
1539.88
1693.85
1618.45
1576.89
1573.09
1603.55
1555.28
1562.58
1562.9
1639.58
1690.61
1711.09
1651.01
1665.46
1601.28
1647.49
1750.56
1821.09
1766.83
1639.37
1662.57
1660.67
1683.47
1659.79
1619.56
1635.34
1581.96
1562.17
1529.54
1451.43
1428.2
1352.04
1367.44
1347.11
1355.84
1390.9
1367.59
1473.4
1421.01
1397.14
1475.34
1520.06
1539.87
1605.18
1693.15
1557.84
1642.85
1609.21
1563.88
1556.39
1551.15
1450.38
1468.55
1537.63
1552.36
1472.17
1510.86
1467.31
1519.79
1563.64
1590.83
1580.71
1662.82
1579.42
1569.11
1565.66
1619.78
1518.96
1531.47
1535.32
1524.6
1425.57
1424.49
1380.28
1354.4
1399.16
1423.63
1412.75
1442.96
1441.96
1456.47
1450.07
1468.13
1407.02
1441.62
1361.08
1341.65
1284.65
1303.03
1407.01
1385.39
1326.04
1303.72
1371.6
1360.69
1423.17
1437.81
1423.67
1420.5
1433
1401.18
1419.87
1377.49
1431.55
1428.48
1465.02
1492.09
1521.42
1451.52
1474.41
1487.26
1427.34
1415.38
1505.39
1523.8
1515.89
1554.8
1657.4
1587.04
1550.88
1545.57
1428.59
1420.03
1464.03
1527.31
1516.38
1484.01
1502.9
1454.92
1416.25
1376.68
1391.48
1405.66
1358.6
1309.19
1288.54
1313.83
1268.62
1220.74
1280.6
1256.08
1362.22
1279.5
1284.5
1302.41
1294.93
1337.53
1276.81
1262.14
1321.8
1404.45
1460.83
1388.16
1352.6
1470.47
1405.09
1474.2
1364.83
1389.86
1457.07
1409.56
1429.37
1445.82
1484.15
1371.65
1334.18
1317.88
1380.78
1360.01
1415.38
1415.36
1334.36
1333.98
1325.37
1261.69
1243.31
1287.8
1350.49
1414.47
1376.41
1331.31
1368.58
1333.53
1311.54
1261.29
1334.42
1347.35
1267.63
1249.45
1254.25
1210.6
1232.51
1200.99
1256.6
1277.03
1268.23
1265.51
1238.04
1273.22
1322.09
1297.78
1349.32
1309.87
1286.98
1344.79
1322.59
1317.92
1328.49
1337.65
1320.41
1334.37
1349.17
1362.08
1391.59
1381.74
1326.68
1345.9
1310.04
1371.95
1352.3
1255.7
1270.02
1242.63
1222.37
1231.99
1288.93
1320.54
1338.32
1356.84
1353.33
1312.84
1377.17
1355.95
1315.97
1259.09
1229.96
1264.57
1263.45
1276.21
1306.43
1284.41
1257.76
1227.98
1250.34
1254.58
1237.24
1285.02
1307.37
1248.79
1222.94
1242.67
1268.35
1193.49
1253.58
1232.67
1310.82
1304.08
1268.2
1277.5
1232.66
1190.94
1205.8
1189.68
1231.89
1257.86
1250.89
1294.32
1315.46
1291.67
1307.36
1305.88
1300.52
1315.92
1268.06
1283.19
1297.53
1301.3
1242.16
1258.8
1182.56
1162.13
1223.11
1209.68
1175.63
1153.34
1131.91
1095.83
1102.49
1053.44
1086.16
1070.14
1088.28
1108.72
1160.26
1205.31
1211.86
1239.45
1200.05
1235.83
1214.73
1329
1328.15
1316.86
1250.25
1244.94
1232.28
1218.79
1233.77
1235.49
1164.47
1173.68
1153.51
1136.95
1102.89
1114.09
1185.22
1130.76
1107.22
1129.61
1154.86
1097.81
1129.87
1121.52
1117.48
1135.53
1113.82
1102.12
1111.98
1146.92
1135.11
1127.11
1141.79
1145.52
1149.2
1158.77
1169.83
1123.25
1119.34
1107.33
1152.96
1179.09
1163.17
1149.84
1121.42
1137.38
1067.25
1105.43
1055.61
1115.42
1113.49
1113.52
1103.07
1072.15
1063.64
1059.21
1069.71
1067
1124.8
1102.06
1101.41
1102.65
1091.13
1146.57
1204.18
1129.74
1100.31
1121.21
1138.36
1128.94
1129.91
1157.17
1139.47
1172.45
1166.1
1175.72
1207.43
1218.6
1246.68
1265.6
1238.66
1198
1223.11
1166.18
1214.51
1211.17
1215.53
1222.05
1191
1216.87
1290.76
1248.47
1210.02
1159.01
1170.82
1170.52
1136.83
1154.12
1152.09
1173.9
1185.12
1200.87
1180.52
1202.33
1265.59
1235.79
1292.18
1283.42
1225.68
1188.75
1160.17
1189.63
1139.87
1187.14
1207.57
1174.04
1175.5
1212.74
1174.73
1150.96
1130.27
1110.12
1116.08
1109.09
1186.3
1157.02
1168.73
1217.55
1207.6
1262.7
1200.81
1178.27
1208.72
1228.16
1202.82
1196.22
1197.74
1168.25
1202.56
1163.74
1152.18
1163.21
1157.42
1176.35
1194.69
1205.57
1181.85
1202.38
1192.2
1172.99
1132.97
1121.3
1113.73
1123.45
1109.74
1122.77
1164.55
1150.78
1113.37
1124.72
1123.69
1094.48
1094.09
1059.66
1074.17
1080.51
1095.32
1074.37
1071.51
1095.16
1068.13
1006.29
1046.76
1020.93
1007.45
1020.96
1057.39
1022.44
975.262
1006.54
1024.99
1007.74
992.583
980.368
1012.41
1060.07
1036.07
1036.82
1027.36
1005.85
1020.76
984.536
970.408
1017.07
1008.05
984.542
978.704
1018.23
1015.29
1027.02
1037.24
1019.25
1027.62
1045.99
989.089
961.519
939.128
942.01
984.018
976.788
972.614
990.633
961.139
957.161
952.494
938.92
954.226
955.499
947.4
942.61
923.785
965.962
905.003
929.509
896.906
907.007
935.124
953.012
943.272
945.309
961.154
974.085
1004.44
988.644
971.512
997.159
999.9
1002.64
968.16
980.571
981.725
941.254
960.294
956.608
971.264
972.033
982.866
971.67
984.412
997.365
1021.93
1027.59
1025.55
1018.05
979.149
968.629
952.264
963.756
999.885
1007.68
960.09
957.481
931.24
943.118
977.543
962.758
951.994
962.142
935.128
957.298
965.015
995.02
994.757
1003.44
977.845
959.627
970.41
976.721
973.616
975.737
1002.87
1024.01
1042.18
1066.4
1054.84
1023.22
1016.19
993.674
975.154
978.597
980.646
989.724
991.119
1004.36
984.804
969.111
1012.73
974.778
964.985
981.359
980.442
937.9
887.619
942.336
931.979
943.544
956.914
976.137
963.306
983.898
1008.09
1002.91
967.285
984.524
992.04
997.638
1003.45
969.524
961.124
960.052
926.033
949.368
972.645
979.591
973.133
945.169
970.674
945.081
945.075
970.028
985.784
998.578
965.627
976.99
971.811
964.628
973.932
951.172
934.688
958.118
961.548
949.395
953.796
954.091
949.436
972.399
949.449
942.35
960.014
968.456
986.65
978.731
971.797
969.55
969.069
960.799
1003.91
1015.19
988.638
994.427
999.476
996.807
977.462
973.029
969.228
957.25
966.749
946.389
970.006
945.619
975.828
966.858
945.073
968.053
983.395
955.99
906.439
884.355
891.768
885.772
906.468
912.585
940.08
896.634
887.531
894.083
890.664
899.673
891.679
912.343
906.595
935.72
925.362
923.672
912.475
919.559
903.362
928.768
926.92
895.375
895.664
859.496
847.482
830.305
834.292
835.231
861.5
876.363
882.051
856.003
841.478
856.081
854.14
844.999
862.629
885.617
899.051
885.047
912.855
935.749
906.516
882.413
883.046
884.83
891.538
921.575
888.955
920.445
912.217
909.615
932.123
913.567
898.325
890.059
881.827
889.61
881.023
866.851
864.148
874.476
858.565
886.902
890.895
889.341
886.22
889.803
853.526
821.479
815.964
813.401
824.889
828.908
855.771
845.587
851.251
842.821
840.16
818.289
816.351
849.066
830.885
838.514
824.903
828.041
865.541
844.012
840.311
825.07
834.25
813.334
829.356
852.61
873.102
887.846
843.575
825.408
811.858
814.668
805.35
833.069
848.954
862.817
847.508
843.073
813.991
813.348
831.632
843.264
813.01
854.275
832.104
808.132
794.476
815.402
828.93
840.139
835.624
825.094
817.271
813.13
822.228
825.524
844.483
871.605
882.11
866.301
871.968
838.461
798.492
807.675
816.967
815.948
814.706
841.846
812.133
826.063
831.738
843.51
803.886
810.933
820.979
840.276
832.246
835.096
822.115
819.408
811.39
792.307
791.777
781.416
803.345
813.889
813.951
809.247
834.928
835.129
819.938
847.806
829.939
828.419
827.068
823.104
827.869
813.97
793.963
813.212
824.994
814.175
826.687
822.846
815.144
821.114
817.994
829.494
834.62
811.618
807.271
814.266
793.72
763.769
776.054
778.936
768.833
766.173
770.308
772.775
772.784
775.551
776.625
770.498
739.905
763.041
757.032
753.45
742.515
737.892
741.44
744.767
752.338
755.089
765.036
755.337
779.567
764.364
771.759
784.644
777.885
783.874
763.198
766.962
769.405
756.754
767.289
755.566
767.838
783.762
785.78
771.922
760.636
755.656
728.213
725.642
725.677
747.588
739.165
729.089
741.292
736.104
738.367
726.491
731.925
734.7
739.606
746.925
740.174
743.915
727.5
763.209
764.19
756.615
771.292
778.404
784.036
763.869
756.854
762.211
778.162
769.271
773.925
770.759
779.846
763.654
768.761
776.096
765.128
779.931
765.352
773.97
760.341
761.686
735.583
738.834
783.703
776.913
777.55
759.737
765.666
768.246
750.399
767.895
783.964
784.075
785.222
795.383
804.559
785.032
791.888
776.199
759.49
753.735
747.277
751.685
726.266
729.261
731.174
724.102
706.914
718.301
721.043
740.451
737.058
728.411
739.461
755.732
744.118
743.428
743.182
750.554
737.583
703.657
700.414
700.422
701.568
713.56
730.336
724.023
724.657
727.118
729.32
711.619
717.025
699.774
710.173
710.291
717.346
722.338
724.548
726.164
733.885
719.372
707.2
697.983
696.338
689.116
689.481
717.644
733.433
730.66
706.39
714.059
701.133
703.608
711.23
709.41
688.931
684.498
701.353
697.196
699.417
712.571
705.385
725.459
705.565
696.344
705.527
691.96
678.159
677.712
700.132
683.897
687.235
692.145
671.916
673.147
689.361
694.728
693.453
683.928
684.196
686.778
680.158
675.939
672.273
690.426
695.507
695.781
700.454
683.949
667.925
662.316
655.521
661.21
663.518
664.78
662.062
664.85
659.676
677.791
698.63
679.89
694.932
679.438
695.386
688.901
697.483
687.19
666.763
671.966
673.954
682.231
666.831
665.202
658.457
654.092
657.045
650.405
660.33
653.867
644.854
649.865
657.375
663.904
656.255
657.643
663.982
659.617
651.811
666.945
667.811
675.005
655.785
656.078
650.64
634.392
640.085
648.763
633.429
641.965
643.674
658.061
658.433
659.346
671.427
658.388
651.4
650.771
644.939
639.191
639.598
646.167
644.423
641.981
644.03
649.774
647.461
637.304
641.526
653.809
645.336
636.128
629.672
633.225
640.255
642.916
636.972
644.087
649.61
654.659
657.363
668.152
663.958
654.256
649.704
647.199
643.483
657.34
645.268
639.419
650.437
657.266
660.595
657.765
669.739
655.867
661.536
665.039
658.823
668.899
670.308
662.196
665.375
660.374
662.956
653.312
663.238
652.738
657.858
663.024
661.56
681.268
677.378
666.027
668.702
670.752
672.598
673.914
656.032
658.479
654.527
651.907
640.335
651.106
654.233
649.15
648.975
631.428
653.543
642.039
649.468
663.488
664.113
667.695
676.009
673.792
662.074
657.283
653.954
672.19
677.191
673.922
669.382
666.153
654.35
649.174
648.239
655.034
648.624
656.009
656.236
656.511
659.74
652.552
651.544
650.639
640.487
649.182
665.238
657.258
647.522
646.532
647.738
650.619
660.73
650.422
637.479
641.017
651.191
655.574
654.489
646.446
640.14
648.348
651.316
659.448
660.349
666.426
662.891
667.381
671.599
670.921
673.773
674.31
654.171
647.397
649.525
654.766
658.627
653.482
671.066
656.081
652.396
645.323
637.918
641.968
649.118
641.912
636.926
638.93
631.99
627.618
627.114
616.662
628.085
632.835
634.952
626.532
643.175
641.653
638.717
639.33
642.922
640.15
629.708
625.627
618.581
623.508
628.581
637.743
636.383
643.966
647.189
628.745
625.682
632.915
620.049
622.067
613.853
602.986
604.95
606.006
597.734
595.402
599.472
599.264
604.725
605.801
619.31
609.52
615.528
619.057
616.234
621.416
623.392
637.352
625.727
621.144
612.11
609.961
609.173
604.903
613.344
607.972
606.271
601.608
607.008
609.354
613.623
621.689
616.358
601.941
598.999
598.661
593.784
592.422
596.898
604.877
607.032
606.727
601.137
601.267
603.652
603.71
601.986
593.249
602.948
604.25
600.704
601.773
605.868
607.326
610.101
599.464
591.186
575.933
579.332
583.862
580.827
582.372
579.583
576.529
578.536
571.007
569.771
583.186
596.011
577.972
577.64
581.702
579.038
571.39
571.526
569.283
564.098
562.136
568.031
570.342
565.244
561.651
560.689
563.384
570.408
573.042
571.865
571.362
568.179
568.612
565.335
560.384
552.49
567.906
568.356
570.712
560.774
569.588
573.128
573.453
567.16
556.518
560.477
570.273
570.059
569.384
575.359
579.65
572.293
565.21
563.463
560.9
561.251
565.395
563.933
552.914
551.07
557.152
558.65
555.711
550.955
552.579
546.825
537.683
543.198
545.332
545.318
535.676
538.495
535.391
537.039
532.874
531.914
534.945
533.107
527.783
535.405
536.926
534.255
539.709
547.052
544.163
546.053
550.429
554.424
559.703
550.263
543.897
541.658
540.253
538.986
541.864
542.679
556.262
550.026
545.281
541.97
540.474
541.502
538.497
540.439
532.449
527.28
523.535
531.554
530.762
536.798
539.163
543.442
532.322
531.686
529.185
528.086
526.131
523.62
516.784
518.678
513.08
519.98
515.956
513.592
516.894
516.257
514.115
516.427
526.426
522.208
528.055
525.755
523.699
518.366
518.153
519.665
521.476
522.137
516.474
517.926
518.912
524.22
531.33
532.128
519.39
518.031
513.53
516.401
521.793
530.638
532.347
533.683
535.082
537.224
531.852
527.288
525.619
528.282
527.162
518.732
527.093
522.104
520.111
515.415
513.846
517.929
527.745
529.256
534.09
529.817
525.567
523.364
519.896
526.364
535.182
533.078
533.603
531.347
536.7
528.315
525.076
520.73
516.277
520.333
522.836
520.975
515.735
513.079
507.959
508.037
499.971
508.946
509.519
509.772
510.358
501.436
506.483
506.975
503.451
508.578
498.797
498.475
495.122
493.212
496.615
500.221
510.941
519.384
517.595
517.556
517.931
510.812
509.242
514.201
512.37
506.255
505.166
493.937
493.965
496.664
497.734
495.809
495.635
492.645
486.217
495.068
493.673
495.244
493.782
498.901
494.848
491.864
492.656
495.549
494.063
500.692
491.742
489.57
492.314
499.282
500.612
499.21
499.622
497.444
489.952
487.865
488.017
487.614
490.187
491.396
491.32
491.798
486.548
492.013
487.032
483.972
487.053
491.815
490.84
483.856
486.525
487.253
488.02
481.276
491.685
490.895
489.955
492.377
496.934
498.589
497.496
492.594
495.586
491.717
492.225
492.837
494.452
493.225
494.506
498.251
495.184
493.04
495.48
493.082
492.04
491.385
493.965
495.606
497.906
493.119
491.688
487.991
488.572
480.562
479.206
477.012
478.643
476.806
469.777
469.932
469.758
464.19
461.642
461.017
459.443
460.582
462.299
455.596
461.806
462.695
462.375
462.815
458.461
465.33
466.938
464.818
457.037
464.287
461.508
452.97
449.397
450.221
452.297
454.064
454.079
454.271
453.144
450.962
453.513
450.183
452.379
448.779
448.183
451.244
448.039
449.64
451.681
455.678
456.227
452.041
453.45
451.281
452.868
448.737
450.482
449.338
450.333
448.099
451.709
449.383
451.107
453.382
450.37
448.698
451.039
453.488
452.436
454.201
455.884
455.448
456.095
464.438
465.151
465.294
465.704
462.906
464.979
460.859
456.665
458.492
456.846
454.561
452.822
455.857
457.593
458.455
462.261
458.003
457.845
457.703
456
457.746
453.903
454.761
454.77
458.69
454.065
455.015
451.717
450.28
448.769
447.959
453.221
449.935
450.581
450.456
448.213
451.52
449.24
453.837
449.656
452.326
450.442
458.128
455.616
454.956
450.627
454.612
447.554
445.602
438.589
440.507
439.52
435.832
436.894
442.719
445.035
440.152
435.435
434.903
435.127
434.234
436.919
439.053
441.817
445.091
445.327
442.624
445.087
438.237
439.989
440.267
439.084
436.176
442.716
438.94
434.81
435.36
438.913
438.693
441.286
443.042
444.411
443.61
442.867
442.901
439.335
439.628
439.809
443.414
442.853
440.741
438.523
436.455
436.657
435.549
436.638
436.202
436.394
439.111
439.189
442.381
441.955
441.104
436.796
438.081
441.108
441.204
439.499
436.747
431.597
431.617
429.119
430.429
427.935
428.009
426.908
434.497
433.021
432.216
435.895
435.406
432.288
431.81
430.652
431.872
432.873
429.574
428.379
432.301
431.976
431.088
431.66
429.096
430.193
429.932
433.798
433.957
433.243
435.04
434.857
437.693
435.316
435.338
432.332
434.67
433.426
430.931
429.994
434.481
435.425
435.561
432.588
429.942
429.395
427.507
425.253
426.724
423.545
423.153
422.894
426.416
427.424
429.428
428.155
427.611
426.661
424.842
425.146
421.912
419.286
419.053
420.107
419.873
419.904
417.1
414.919
415.835
414.005
414.185
411.682
411.87
414.066
414.787
417.697
419.385
422.34
417.939
416.773
416.982
415.875
416.944
418.754
412.73
412.954
412.245
410.857
407.392
405.987
404.582
404.889
404.699
405.917
405.386
406.689
409.248
412.17
409.084
408.573
408.592
411.942
411.986
413.097
413.639
411.902
412.265
411.777
412.289
413.488
412.582
414.246
413.72
414.81
415.971
414.039
414.736
413.938
412.209
412.999
408.062
405.647
408.037
405.306
403.078
407.081
405.122
403.327
402.019
401.286
401.912
403.062
402.517
401.66
399.469
399.704
401.363
399.234
401.823
400.192
399.31
401.01
402.923
404.062
402.152
402.351
401.086
397.018
397.836
396.554
399.054
400.666
400.655
398.221
395.531
399.049
398.594
397.804
395.06
393.27
394.437
393.588
397.455
397.906
397.529
395.071
394.476
399.173
397.071
396.117
394.128
395.244
394.769
396.301
395.831
396.833
393.251
393.496
396.135
391.742
393.798
393.632
394.297
393.508
392.271
391.646
392.311
392.28
390.16
389.899
393.874
392.857
390.881
392.463
391.263
392.126
392.753
392.77
392.611
389.52
386.823
388.711
388.001
387.725
387.954
388.873
386.174
388.868
388.732
387.285
389.582
388.925
387.664
388.596
391.947
386.979
387.385
385.05
384.904
384.797
385.216
381.733
383.496
384.693
384.511
386.539
385.362
386.651
384.28
383.053
383.767
385.927
387.479
388.078
388.795
388.356
390.676
388.971
389.998
388.875
390.225
387.817
385.867
382.287
381.743
380.972
380.297
381.791
381.379
380.904
382.481
382.299
378.803
377.847
376.487
378.463
377.807
380.564
379.742
377.94
377.358
376.417
376.582
377.916
379.844
378.819
376.082
375.976
377.513
376.678
375.568
375.714
375.978
378.014
377.694
375.508
375.832
375.16
372.767
374.201
373.538
371.26
372.821
373.438
371.683
373.868
371.829
371.857
370.941
373.408
373.639
375.67
375.455
372.944
372.535
373.753
371.37
372.634
372.752
371.065
369.249
369.425
373.388
373.003
372.354
370.6
370.019
369.458
368.435
366.422
367.734
368.757
369.47
373.14
370.337
369.492
368.982
370.141
370
370.283
368.469
369.398
369.332
368.82
371.727
371.588
373.806
370.609
371.177
371.97
371.239
370.171
369.665
369.67
367.241
367.352
367.493
371.032
370.708
369.531
368.772
369.609
371.059
370.468
367.323
368.114
369.408
368.94
370.07
371.181
370.688
369.376
370.724
371.318
372.75
372.548
372.085
371.089
370.814
372.021
371.781
370.822
372.357
371.061
369.44
371.467
372.381
373.189
374.305
374.618
372.715
370.083
367.956
367.441
367.971
368.374
368.715
368.194
367.231
367.106
367.421
366.772
365.548
367.296
367.571
365.916
365.555
365.707
365.154
365.712
366.15
367.607
365.243
363.522
364.279
363.427
364.777
364.549
363.953
364.597
363.857
363.777
363.992
363.429
363.77
364.623
365.952
368.172
364.102
365.374
365.256
365.066
364.532
363.944
364.689
365.739
365.166
362.183
360.875
362.168
361.902
360.901
361.183
361.69
361.8
363.12
363.411
362.48
362.161
361.154
360.7
363.89
360.261
360.06
362.799
361.293
362.292
363.374
363.802
364.548
364.561
365.01
365.549
364.277
366.665
364.931
366.645
363.988
361.817
363.19
361.785
360.941
360.332
360.401
361.123
359.926
359.784
360.127
359.752
359.637
360.267
358.842
358.436
357.198
357.002
357.815
358.208
357.433
357.14
356.95
359.035
358.812
360.27
361.83
360.276
357.997
357.925
358.152
357.714
354.588
356.069
354.963
355.976
355.834
355.647
354.979
355.766
355.052
354.928
355.536
355.814
354.755
355.071
355.792
355.948
355.865
355.247
353.872
351.726
351.552
351.755
352.071
352.812
351.456
350.943
350.196
351.766
351.259
351.825
351.019
351.311
350.517
350.181
349.133
348.207
348.969
349.839
349.153
349.079
349.8
349.878
349.031
348.979
349.42
350.125
348.305
349.044
348.986
350.151
350.861
349.669
349.126
348.829
348.778
348.112
349.105
349.425
347.18
347.684
346.553
345.03
346.011
345.429
344.767
344.179
343.453
342.256
342.469
342.231
340.262
340.511
339.798
340.266
340.487
341.692
340.551
341.203
340.214
339.554
340.2
340.349
342.43
343.15
343.799
342.792
342.673
342.483
343.169
343.507
344.853
343.346
342.475
341.258
341.133
342.953
342.754
341.688
341.816
341.574
342.153
342.828
342.718
341.873
341.704
341.07
340.723
340.87
340.688
341.214
340.575
341.505
342.148
341.693
343.145
342.039
342.828
342.783
341.73
341.797
341.694
340.861
340.85
342.803
341.185
340.523
339.18
339.313
340.492
340.081
340.155
338.677
339.166
338.599
338.273
338.676
338.042
337.918
338.809
338.339
337
337.101
337.015
335.637
335.888
336.937
335.145
335.278
337.326
336.086
336.221
336.523
335.245
334.081
334.184
334.359
334.207
333.613
333.812
333.979
334.363
335.167
334.702
335.035
334.068
334.797
334.341
333.553
334.271
334.633
335.497
335.325
334.777
335.147
334.917
335.012
334.294
333.093
334.187
334.603
334.852
336.523
334.981
335.983
334.833
334.502
334.046
334.501
336.121
334.878
335.549
335.533
335.704
334.684
335.022
334.227
333.932
335.502
335.782
334.763
335.057
335.144
334.353
332.986
333.738
335.015
334.866
334.421
334.51
333.87
334.443
334.448
333.916
333.284
333.53
334.253
334.172
334.391
334.329
333.694
333.816
334.067
335.366
334.876
335.254
334.854
335.29
333.131
333.105
334.17
334.165
333.822
332.986
332.959
333.228
332.498
332.344
333.425
332.444
332.618
332.177
332.211
331.732
331.787
332.065
332.53
332.759
333.121
332.318
332.021
332.219
332.129
331.082
331.248
331.836
332.052
331.655
331.475
331.781
333.12
332.795
332.429
331.904
331.19
331.487
330.769
330.05
329.77
330.517
330.457
329.85
329.68
329.784
329.929
329.622
329.935
330.953
331.001
