Mut_X Mut_Y Mut_Size Mut_Rot Mut_R Mut_G Mut_B Mut_Type Time_Sec
273687 279857 326565 279390 331623 331221 330577 263111 2642.51
0 0 0 0 0 0 0 0 2642.51
--- Historial MSE por cambio de temperatura ---
20080.3
19843.3
19835.2
19321
19184.8
19252.4
19349.6
19508.9
19799.4
19752.1
20300.5
20204
20167.8
20002
19937.1
19804.2
19958
19379.5
19181.4
19373.4
19794.7
19960.8
19813.6
19760.2
19423.5
19860.3
19502
19691.6
20197.1
19870.5
19071.4
18964.1
19026.4
18825.5
18185.7
18243.7
18357
18526.9
18202.9
18459
18295.7
18219.7
18540
18700.1
18056.8
18169.5
18593.7
18941.6
19253.4
19601.2
19986.3
19624.6
19600.1
19623.5
19430.9
19476.5
18828.8
18944.2
19267.9
19547.3
19123.1
19083.6
19517.3
19174.1
19596
19657.3
19272.1
19512.2
19789.8
20178.9
20632.8
20186.4
20236.2
20923.4
20625.8
20771
21156.8
20945
20859.9
20576.5
20740.4
20368.5
20104.2
19929.9
19951
19797.7
19448.9
19851
19784.7
19972.3
19855.6
19605.2
19967.5
20419.7
20145
20207.5
20433.1
20688.6
20339.2
20879.4
20422.8
20016.8
19870.1
20188.9
20272
19752.5
19985.1
19883.6
19404.7
19193.6
19368.9
19004.3
19202.1
19581.4
19350.9
19901.8
19634.1
19707.2
19981.3
19682.3
19523.5
19098.1
19622.7
20067.2
20031.4
19736.6
19307.4
19089.7
19369.9
19459.9
18842.5
18858.9
18618.7
19230.5
18997.8
19050.3
18483.4
17999.1
18910.4
19164.9
18960.1
18965.4
19436.6
19057.4
19327.9
18952.9
19134.7
18590.2
19350
19437
19772.4
18934.8
18942
19328.2
19420.3
19493.1
19516.9
19691.3
19236.8
19333.7
19110.7
18607.3
18555.1
18877.4
19273.7
19487.7
19470.5
18587.7
18718.7
19073.8
18825.2
18904.1
19224.3
18736.3
18762.3
18609.6
17949.4
18403.6
17919.9
18225.3
18233
17908.3
17303.2
18341.8
18555
18460.6
19054.2
18861.9
19621.9
19874.1
19509.5
19947.9
19777
19604
19736.5
19283.9
19189.5
19228.6
19280.4
18964.1
18393
18281.4
18744.5
18475.3
18614.6
18707.1
18535.3
18863.9
18753.6
18543
19321.4
19493.9
18907
18627.3
18879.2
19094.6
18748.1
18883.1
18634.7
18709.1
18495.9
18478
19533.6
18920.9
18805.8
19047
18690.2
19621.6
19228.6
19218.1
19248.7
18809.6
19279.1
19492.8
19006.4
18483.3
18975.7
19583.8
20142.3
19719.5
19068.8
19686.6
19781.5
19056.2
19158.4
18845.4
19049
19096.6
18737
18889.2
18244.8
18660.8
19137.3
19003.9
19297.3
18751.7
18931.8
18538
18438.1
19098.7
19496.4
19552.4
19282.1
18675.6
19169.6
18552.1
19142.4
18912.7
18791.5
18987.2
18865.3
18876.8
19368.3
19554.6
18701.3
18464.2
18698
18540.3
18677.6
18415.8
18736.4
19083.9
19031.7
18890
18868.4
18723.2
18592.1
19105
18856.7
17999.1
18487.1
18555.3
18320
18054.2
17391.2
17538.3
17730.7
17288.7
17153.6
17909.9
17622.8
17543.4
17382.6
17163.2
16677.9
16838.2
16933.9
17329.3
18319.9
18229.9
18152.2
18589.3
19072.9
19464
18895
18332
18157.6
17693.3
17783.8
18350.2
18353.3
18301.6
18254.8
17841.8
18619
18373.1
17881.6
18024.1
17993.7
18524.3
18462.9
18457.8
18370.3
18133.3
18050.5
17449
16964.9
16898.8
17577.6
18182.3
17610.4
18441.5
17709.4
17832.2
17871.6
17940.1
18427.9
18486.1
18304.7
18041.5
18208.5
17559.8
16840
16772.2
16643
16644.1
16330.9
16449.5
16164
16308.1
17113.8
17157.3
16752.9
17091
16710.8
16396.6
16414.5
16469.4
16912.3
17355
17273.2
17138.1
16546.8
16780.1
17526.8
16898.7
17491.7
17494.6
17533.5
17077.3
17290.8
17961.4
18232.9
18004.5
17955.5
17367.7
17079.4
17720.1
17914.9
17492.8
18150.4
17646.7
17284.7
17287.3
17201.2
16748.5
17031.8
17229.3
16999.9
17127.3
16849.8
16810.9
17109.3
16738.8
17158.9
17693.2
18126.4
18082.7
17936.3
18098.3
17616.6
18130.8
18009.8
18053.1
18053.8
18530.2
18655.1
18037.3
17828.5
17290.4
17322.6
17721.3
17820.8
17386.4
18433.2
18089.8
17900.1
17653.8
17193.5
17607.8
17961.9
17742.1
17540.8
17572
18433.1
18215.1
18550.5
18501
17746.4
17789
17552
17575.8
18035.3
17647.6
17004.7
17240.3
16847.2
16628.7
17333.3
17925.4
17662.4
17521.3
17045.2
16605.8
16823.2
16742.2
17505.5
17579.9
17418.9
17487.3
17988
17596.8
17211.2
17224.1
16791.6
17376.7
16710.4
17226.7
16813.9
17192.5
16976
16084.2
16645.4
17057.8
17021.6
16413.7
17016.2
17087.9
17624.6
17578.5
17240.5
17402.5
17289.1
17250.1
17519.4
17762.1
17855.9
17599.7
18177.6
17568.8
18578.9
19047.8
18507.6
18331.3
18255.5
18307.9
18625.6
18604.6
18343.9
18672.6
18748.6
18876.6
19025.6
19093.1
18577.1
18366.7
16935.8
17611.7
17949.8
17666.2
17757.9
17811
18303.4
17939.3
18003.2
17768.7
18117.8
18319.5
18420.6
18623.9
18390.4
18365.2
18429.6
17730.2
18421.2
18031.2
17941.4
17749.4
18015.2
18185.3
18935.7
19029.8
18616.2
18902.2
18677.5
18268.8
18575
18304.2
18594.5
19266.6
19087.6
19635.6
19403.9
19357.3
20176.1
20326.7
19818.1
19422.7
19348.5
20349.3
20306
20127
19457
20073.1
19953.2
19417.8
19446.7
19596.2
19069.1
19290.1
18962.2
18894
18911.8
18807.5
18567.2
17745.9
18184.2
18528.6
18271.5
17455.3
17293.9
17578.2
17802.3
17629.2
17482.8
17403.4
17547.5
17232
17321.9
17412
17703.3
17794.5
18290.3
17465.6
16040.9
15945.4
16548.2
16475.4
16049.5
16642.2
16609.3
16032.6
15390
15567.9
15582.2
15141.9
15388.5
15929.4
15852
16482.3
16040.7
16415.3
16723.3
15897.7
16402.8
15965.2
16375.6
15469.9
16797.4
17210.7
17269.2
17643.6
17283.3
17382.1
17290.4
17526.6
16419.3
17093.1
16208.1
16560.3
16617.3
16382.4
15382.4
14814.9
14907.4
15729.6
15618.2
16353.7
15900.9
15935.3
15362
15883
16098.9
17414.6
16984.8
17081.2
16272.7
17048.6
16585.9
17226.8
16141.4
16634.9
17094.5
17718.2
17711.4
16966.4
17339.3
16270.4
16981.9
16789.6
16493.9
17151.4
17104.1
16568.2
16218.7
15985.1
15660.2
15794.3
15430
16781.5
16549.5
16379
15933.2
16319.2
15483.7
15793.9
15712.4
15161
14986
14778.6
15080.6
14508.3
15125.9
16103.8
15749.5
15440.7
15642.7
15036.1
14894.5
15186
15599.9
15767.6
15600
15706.7
15511.1
15028.7
14731.5
14652.5
15206.4
14929.1
15689.3
15871.9
15732.5
16141.5
15903.3
15836.7
15515.8
15374.8
15616.4
16430.9
16617.3
16262.4
16971.1
17011.7
17426.9
18078.9
18410
18229.8
17548.6
17477.4
16870.9
16046.4
15984.7
16609
16509.2
16087.2
16101.4
16882.8
17201.2
17291.2
16593
16329.6
17381.2
18548.6
17821.4
17807.1
18405.5
17248.9
17172.3
16054.9
15990.3
16102.5
15948.8
16380
15496.9
15844.3
17009.4
16634.7
17425
16810.7
15969.7
16280.6
16152.3
16505.9
16630.2
16860.2
16874.2
16965.2
16190.9
16151.8
16700.4
16675.2
16321.9
16160.3
16192.8
16577.3
16804.3
17352.2
17847.6
17040.2
16847.6
16283.2
16785.1
15958.9
15867.4
15829.5
15799.9
16038
15774.9
15533.9
15058.2
15869.1
15803.8
16453.2
16686.4
15892.3
16086.9
15747.5
15427.4
15916.1
15573.3
14988.6
15319.7
15420.2
15330
15943.8
15621
15973.4
15138.7
15931.7
16156.1
16607.6
16964.4
16778.3
17079.1
17705.8
16847.2
16610.2
16774.6
16164.2
16362.5
16727.1
16767.4
16358.3
16493.7
16717.4
15867.2
16805
16693.3
16762.2
16648.2
16673.9
16343.2
16967.5
16970.8
16502.9
16510.3
16365.8
16044.5
15817
16021.5
15671.6
16296.7
16824.2
16684.8
16309.5
15812.1
15174.3
15325.9
15262.5
15101.7
15141.2
14514.3
15495.5
14917.3
14668.5
15888.8
16520
16515
16602.7
16915.7
16740.2
16808.9
16471.3
16479.2
16859.9
16287.5
15753.1
15776.4
15591.4
15583
15375.5
15601.4
15714
15419.1
15904
16160.7
15671.4
15480.4
15745.9
15752.4
16446.7
16570.8
16175.1
15879.6
16384.1
15754.3
15892
16185.8
16391.3
16349.5
16477.8
15997.1
16424.7
15986.8
16080.3
16974
17227.9
17239.4
16416.3
15999.2
16754.5
16396.1
16464.8
16772.9
16563.4
16336
16384.4
17044.3
17146.7
17187.7
16849.5
16988.3
16262.2
16696.1
16391.3
16764.3
16799.1
17442.7
17425.2
16646.4
17216.4
16636
16648.5
15670.1
15332.1
15066.3
15360
15410.4
15020.7
15525.9
15714.6
15380.7
14501.9
14774.9
14736
14926.1
14728.4
14906.1
15463.4
15003.6
14912.4
14864.6
15269.2
15319.3
14930.3
15380
15579.1
15431.9
15184.9
14396.8
14221.1
15002.4
15757.6
15420.6
14934.3
15932.6
16383.3
14440.4
13934.5
14676.9
15290.2
14955.9
15117.3
15033.9
14388.7
14661.3
15002.1
15588.6
14894.8
15128.7
14955.7
15265
15377.5
15100.4
15636.7
15857.4
14965.7
15072
14126
13774.1
15073.9
15458.6
14409.5
14538
14539.8
15386.6
14809.5
14678.5
14540.9
15212.9
14390.3
14624.9
15112.7
15285.7
15859.7
15835.2
15823.2
16414.7
15428.6
15431.9
15981.9
16425.4
15784.9
15641.1
15420.4
14894.1
15164.9
14971.5
14915.2
14335
14081.2
14504.7
14799.7
14085.6
14054.2
13938.3
13652.4
13686.4
14152.2
14080.4
13803.2
14752.7
14522.1
15191
15665.6
14986.6
14945.8
14547.6
14956.5
15177.9
15236.7
15664.4
15447.7
14749.9
15362
15256.2
15454.2
15728.1
16200.7
16179.4
16433.6
17207.6
17006.1
16812.9
16824
16568.9
16149
16036.5
16833.4
16699.4
16498.4
16647.7
16296.4
15757.1
16189
15992.9
16242.1
16370.1
16358.2
16751.2
16190
16581
17082.1
16406
16087.2
17332.2
16406.4
16444.9
16419.7
16579.7
16697.1
17009.6
17000.9
17029.8
17906.7
17788.3
15924.9
15897.9
15924.9
15768.8
15479
15317.5
15605.8
15460.8
15324.9
14844.3
14706.6
15277.5
15662
15923.2
16766.8
15897.1
16466.7
15836.7
15946.2
16232.2
16125.5
16235
16868.8
16330.7
16369.4
16438.8
16645.6
17923.8
17561.3
16736
16635.2
16740.9
16134
15903.7
15982.8
16639.3
16549.5
16577.2
16983.8
15719.2
16242.6
16719.2
16587.7
16797.6
17010.7
16655.3
17243.3
16580.8
16533.1
16827.7
17083.3
17451.2
17385.7
17141.8
17289.3
16473.1
16088.2
15767.3
15810.2
15529.5
14822.8
15851.3
15214.3
14920
15816.7
15592.1
16219.4
15971.9
16259.8
16232.9
15685.6
14887.7
14759.7
15428.7
15517.6
14783.7
14061.5
14652.8
14632.8
14497.1
15093.8
15161.4
14992.8
15335.6
15238.8
15241.7
15363.7
15360.9
15070.6
14916.6
15775.3
15662.7
15244.8
15108.3
15738.3
15516.9
15503.6
14827.6
14634.4
14508.2
14232.4
13313.8
14091.1
14457.7
15032.7
14733.8
14308.1
15160.7
15296.1
15100.7
15520.7
15244.1
14856
15003
15454.6
15642
15636.9
15803.3
15699.1
16229.8
16185.5
16122.1
16760.3
17022.3
15502.6
15204.8
14930.4
14354.7
14888.9
14796.5
14791.8
14483.5
14833.8
14566.3
14761
15060.4
14659.3
15483.1
14970.2
15177.8
14912.4
14214.7
14379.1
14574.5
15273.6
14517.5
15336.7
15638.7
15402.7
15697.8
14526.8
14687.6
14525
14275.1
13787.7
13188.6
13479.8
14019
14621.6
13866.9
13384.4
12859.2
13159.2
13481.5
13205.1
13383.6
13109.6
12950.2
13454
13304.5
12915.8
13282.7
13068.5
13346
13657.5
13442.1
14262.6
14502.7
14034.2
13842.1
13652.1
13206.9
13954.7
13577
13733.8
14396.3
14033.5
13591.7
13763.4
13881.4
13680.8
13038.7
13603.7
13697.7
14348
14854.1
13766.8
13484.2
12904.4
13284.5
14000
13416.2
13235
13898
13498.9
12672.9
13479.9
13438.1
12958.3
13197.4
12478.9
12233.9
12540.5
12684.3
12878.8
12463.8
13263.7
13125
13050.8
13335.4
13601.2
12948.6
12995.6
13899.1
13543.9
13315.4
13666.5
13342.2
12421.8
11942.6
12257.7
11937.9
12050.3
11868.8
11578.7
11089.8
10929.1
10969.4
10850.1
10715.8
10834.3
11266.8
11903.7
12435.7
12412.5
12205.5
12676.1
12816.5
12156.8
12481.8
12301.7
12426.7
11917.2
12669.7
12984.7
12555
12975.4
12913.5
12573.1
12544.2
13250.7
12497.9
12287.3
12450.7
12186.2
11879.5
11492.8
11393.6
12151.2
12541.4
12063.2
12978
11423.3
11736.5
11252.9
11379.3
11402.7
11472.6
11372.4
11153.7
11472.1
11456.2
10955.1
11388
11608.7
11867.7
12033
11062.5
10294.8
10932.8
10651.6
10557.4
11071.7
12090.3
11417.2
11077.4
10974.9
11116.5
11889.5
11030.5
10924.6
10990.6
11892.9
11626.6
12228.4
11589.3
12709.6
12435.9
11450.6
11344.1
11746.9
11943.4
10940.5
10625.7
11385.7
11540.1
11511.1
10858.8
10736.3
12179.3
12050.9
11652.6
11672
12452
12554.5
12792.4
12234.9
11710.3
12009.8
11666.5
11462.9
11248.7
11158.4
12208.1
11911.2
12213.8
12144.1
11719.6
13019.3
12617.9
12514
12156.5
12780.3
13053.2
12535.9
12516
12498.4
11688.4
12169.9
12336.1
12213.6
12281.5
12324.8
11827.8
12005.2
11948.2
11665.1
11882.8
11005.3
10635.2
11624.6
11720
12454.4
12272.9
11799.8
11764.9
11940.1
12651.6
12891.7
12789.7
13629.3
12745
12531
11837.5
11808.3
11915.2
11871.8
12294.4
11383.3
11598.8
11088.7
11280.9
10578.5
11709.4
11693.6
12167.6
11834.5
11188.9
11850.2
11102.6
11176.3
10529.2
11448.5
11247.5
10786.6
9659.71
9350.21
9998.05
10087.8
10646.4
10637.1
10072
9915.03
9500.43
10293.7
10296.3
9300.96
9114.82
8855.09
9253.62
10290.5
9565.63
10055.8
10025.6
9494.64
8956.49
9405.38
10058.1
9927.58
9423.14
9858.87
9452.65
10009.7
10439.6
9822.83
9894.26
9555.97
10795.2
10959.2
11640.8
11620.8
13205.9
12475.6
11741.4
12398.5
12076.2
11415.3
11293
10816
10313
10728.8
10590.5
10751.4
10697.4
10678.5
10867.8
11442.7
11338.1
10805.3
12183.6
12050.8
10742.3
11462
11370.2
11216.3
10503
9938.65
10869.4
10676.2
11044.6
10190.2
10764.1
11079.2
11264.1
10785.9
10975.7
11545.9
11997.6
10742.7
11121.8
11209.2
10426.1
10586.2
11666.1
11236.1
11731.8
11369.4
12480.1
11342
11924.8
11858.2
11089.6
11231.2
12037.1
11602
11663.1
11336.9
11097.1
11772.7
11859.9
11545.8
11416.2
11847.7
12200.4
11918.8
12182.9
11885.7
11138.2
11879.8
11866.9
11847.4
12730.3
12594.6
12617.4
12165
12672.7
11431.4
11469.3
11951.7
12568.7
12456
11333.7
10786.5
11926.3
11853.5
12044.3
11915.8
12158.6
11995.6
10885.6
11112.6
11104
11168.8
11980.1
11129.9
11765.4
11830
12614
12344.7
13313.6
12416.6
13467.1
13225.4
11917.8
12224.2
12314.2
12722.9
13158.8
13294.7
13145.3
12722.5
13929.2
13952.6
14105.1
13360.4
13451.8
12441.5
11245.2
11184.5
11414.4
11596.7
11876.1
12389.3
12669.3
12723.5
12682.2
13282.4
12842.4
12617.1
12280.3
12992.8
12730.3
13597.8
13217.1
12344.7
12400.3
11670.4
11419.3
11136.3
11386.6
12364.8
13223.2
12890.7
12926.6
13217.8
13343.6
13609.8
14008.3
12978
14070.1
14110.3
13847.5
14684.6
14547.3
15363.7
15172.1
15448
14816.3
14418.2
14512
14783.1
14600
14877.8
14161.4
14152.8
14283.1
13653.1
13788.7
13082
13367.3
12907.8
13274.3
13911.7
13331.7
13194.3
13402.3
13294.2
13156.2
13253.1
13461.1
13371.2
13013
12583
12670.7
12698.7
12643.2
13142.4
12872.2
12955.7
12705
12889.1
12395.2
12672.6
13165.5
13207.4
13336.8
13218.9
13038.3
13997.9
13000.2
12534
12428.7
12609.4
11817.9
12166.4
12621.7
12550.4
12537.4
12875.3
12540.5
12887.4
12524.2
12687.5
11867.5
12064.7
11625.5
11882.7
11817.1
11895.2
11597.5
10634.1
10345
10201.6
10729.4
10465.4
10533.7
10603.8
10715.4
10271.9
9987.34
10750.7
10462.7
10692.2
10376.3
10846.6
11156.6
11872
11535.1
11657.3
12160
13341.6
12505.3
11679.3
11771.6
12463.1
12963.3
13346.6
13385.2
12991.5
12692.4
12497
12416
12738.8
12710.4
12607.4
12484.7
12481.4
11760.9
12508.4
12888.4
12446.2
12368.1
12758.4
12010.3
12075.3
11248.6
11555
11522.6
10903.3
10890.2
10491.4
11965.6
13187.7
13644.9
12694.4
11808.2
11960.4
10897.5
11338.5
11379.2
11501.9
11971.8
12398.9
11343.4
11162.9
11324
11498
11579.5
11389.5
11639.5
11541.1
11534
11745.3
11973.3
12741.9
12570.3
13126.4
13090.9
12849.6
12512.5
12680.7
12608.6
12712.1
13003.5
13442
12600.6
12688.9
13097.4
12341.4
12159.9
11550.5
11281.7
10526.3
11652.2
11843.1
11319.8
11841.6
12667
12789.4
12680.4
12839.8
13114.3
13481.8
13484.5
13717.5
13411.3
12756.9
12018.1
12397.2
13461.4
13191.5
12453.4
11855.8
11815.4
11883.6
12009.5
13206.2
13245.6
13494.4
13070.5
13093.3
12683.4
12236
12279.2
11692.2
12316.3
12075.2
11529.7
12139.2
12491.7
12126.3
11296.2
12424.6
12682.9
12808.3
13161.6
12164.2
12305.4
12901
12410.2
13337.6
13030.8
13245.2
13071.2
12805.9
12991
11862.8
11764.3
12107.8
12000.9
12316.6
12287.9
12470.1
12501.6
12110.4
12037.1
11828.5
11918.5
11389.5
11492.7
11133.7
10945.7
11430.8
10938.2
11209.6
10494.4
10643.5
11854.2
12160.4
12012.2
11134.7
11673.1
12111.9
11591.9
10885.5
11088.2
11521.9
10358.2
10884.3
11062.3
11511.9
11198.8
11314.6
10982.5
10955.2
11417.6
10912.1
10970.3
11375.8
11868.6
11071.6
10685.8
11524.5
10869.6
11628.3
12117.7
12132.1
12194.1
12578.6
12630.2
12002.8
12251.6
12505.9
12442.6
13586.4
13268.7
12961
13191.9
13143.4
12159.3
12354.7
12407.8
12002.8
12421.2
12732.1
13500.9
13232.6
12482.9
12410.8
12321.9
12292.2
13198.1
12872.3
13012.2
13225.9
13232.6
13920
13223.3
13630.6
13280.6
12583
12630.2
12947.3
13143.2
12024.3
12367.5
12864.9
12778.5
13162.3
11026.4
11911.7
12138.4
11948.8
11570.8
11978.5
11989.7
12440.1
13159.1
13634.4
13327.7
12763.6
12779.9
12438.7
12382.5
11363.2
11949.6
12146.9
12520.9
12841.1
12578.3
11992.6
11183
11485.7
11482.4
11519
11802.8
12287.2
11985.8
12394.6
11619.3
11773.5
10718
11590.6
10951.3
10811.5
10481.3
11155.8
10868.8
11087.8
10219.9
10666.2
11067.1
11153.2
11184.2
11759.1
11206.7
10715
10485.4
11121.4
10813.3
11260.9
11969.7
12115.5
11392.2
12209.5
12397.5
12323.6
12258.5
11400.9
11390.2
11501
10986.6
10765.2
10774.7
11440.1
11506.6
12138.3
10752.1
10822.1
12015.8
11815.1
11215.6
10509.4
11083.7
10374.3
10953.9
9942.08
10509.6
11187.6
9957.56
10084.3
11357.2
12077.1
11487.4
11295
11669.6
11337.5
11218.7
12013.7
12178.9
12764
13671
13579.9
13208.6
13118.6
12333.9
11608.7
12269.4
12434.8
12576
12875.5
13099.4
11969
12096.1
10818.4
11076.8
11020.3
11653.3
11240.8
10589.3
10771.6
10559.6
10455.5
11384.3
11257.9
11691.1
11342.7
10842.6
10948.5
11136.5
11434.6
11136.7
10587.3
10702.9
10930.7
10423.9
10911.1
10516.7
10667.3
11117.4
10391.7
10464.9
11922.5
12491
11830.8
12144.9
11533.8
11477.6
11848
12297.8
11871.6
10917.3
10714.1
10747.5
10291.1
10681
11110.5
11132.2
11091.6
10975.3
10495.2
10662.4
10922
11190.1
11182.2
11323
10723
11159
10846.7
10775.9
11110.1
11215.4
11428.3
11222.7
11104.4
10656
11378.8
10586
10767.4
10255.6
11310.4
10255.9
9941.05
9612.15
9828.94
9819.53
10363.6
10920.8
10296.5
10911.4
12143.5
13209.1
12916
11686.2
11635.4
11574.3
11649.6
10865.9
10681.9
10456.4
11471.7
10767.7
11294.2
11240.9
11033
10745.1
10499.2
10280.5
10436.7
10508.2
10427
10873
10138.4
10833.9
10589.7
10977.5
9330.62
9121.64
9177.63
9595.57
9037.82
9187.48
9248.06
9411.95
9771.16
10028.8
9850.32
10318.2
10281.7
10055.8
10246.3
10872.5
11192.7
9849.03
9456.85
9904.13
10570
10137.2
9687.4
9506.76
9648.05
9425.46
9073.42
9311.47
9766.04
9680.63
8747.53
9233.91
8784.62
9461.27
9456.27
9472.96
8574
9473.59
8675.28
9728.76
10765.9
10740.6
11456.2
11340.2
11505.1
12049.9
12129.5
11562.6
11876.8
11817.4
11702.7
11894.9
11461.1
10422.9
10201.9
10551.7
10079.3
10828.1
10927.2
11515.3
10568.6
10615.4
10516.6
10821.6
9665.82
10310.9
10801.7
11016.6
11007.4
11089.8
10983
9960.57
10023.2
10148.9
10023.7
10298.4
10216.7
10588.8
10735.4
10390.1
10498
10742.8
11083.7
11353
11020.8
10660.2
11087.6
10835.1
11229.8
11066.1
11221.2
11177.4
10792
10686.9
10575.4
10171.5
9960.57
10026.1
9704.36
9955.13
10270.6
10591.9
10699.6
10496.9
10675.6
11155.1
11225.7
10729.9
10904
10960.4
11020.8
11770.3
11407.5
10981.1
11144.7
11028.4
10811
11527.6
12254
12209.3
11731.9
12281.3
11916.6
12033.9
11878.5
11326.9
11423.1
11962.2
12003
11892
11822
12557.1
12105.3
13231.5
12278.3
11580.6
11510
12232.9
12319.2
11816.8
12125.3
12463.9
11791.2
11732.7
12434.2
12249.9
12302.8
12848.6
13085.2
12531.9
12328.1
13032.4
12528
12622
12475
12521.1
12418.5
12320.4
12156.3
12576
12064.8
12768.6
12709.3
13034.2
13154
12676.8
12854.1
12298
13040.5
12825.7
13157.4
13002.3
13476.8
13416.8
12457.5
12381.8
12450.3
12820.7
12812
12151.9
12267
13142.1
12584.2
11839.2
12456.5
12671.9
11969.2
12326
11448.5
12153.4
12089.4
12115.4
12350
12219.5
11888.9
12330.9
12688.4
12814.3
12767
12783.7
12761.8
12556
12725.4
12555.7
12550.5
11528.7
11998.9
11215.7
11096.2
11520.5
12446.4
11627.1
11867
12089.7
11970.1
12037
11746.2
11943.3
12003.9
12859.3
12611.8
12511.6
11678.9
11813.3
11886.5
11730.2
11936.1
11903.4
11379.4
11571.8
11469
11210.8
11675.7
12456.8
12953.7
12571.1
12227.9
12075.2
11847.8
11707.5
11536.4
12363.5
12102.3
12132.1
11904.4
11739.3
11344.7
10997.2
11151.9
11609.3
11674.6
11607.2
11645.2
11533.9
11217.1
11108.5
10879.4
11346.1
11105.2
11339.6
11725.2
11824
11435.6
11405.6
11029.5
11312.8
11875.1
11623.3
11795.4
11004.9
11508.5
11816.3
12076.8
11568.4
11622.8
11392.9
11410.5
11192.7
11896.7
11570.1
11035.8
10832.6
11336.2
11467.8
11512.9
11381
11221.4
11651.8
11392.2
11239.7
10426.3
10158.2
10539.5
10550.6
10878.4
11001.6
10938.3
11284.6
11071.7
10982.5
10673.5
10996.8
11082.1
11074.2
11290.4
10991.2
10775.8
11312.9
11388.9
11229.7
11211.7
10779.5
11065.7
11370.1
10892.8
11384.7
10849.1
11056
11097.3
10835.6
11035.8
11262
10904.6
11279.8
10688.8
9779.76
10390.3
10300.9
10760.9
10389.3
10888.2
10328.4
10530.6
10169
10216.3
10583
10211
10163
10659.2
11151.3
10861.3
11348.2
10698.3
11275.7
11039.6
10611
10927
10826.7
10567.8
10695.1
10142.4
9995.4
10036.3
10694.6
10503.2
10979.5
11117.7
10479.9
10618.8
11140.6
11262.3
11283.9
11201.8
10400.8
10497.5
10978.2
10777.4
10765.9
11103
11138.8
10487.8
10716.1
10741.3
10697.2
10571
10215.3
9511.47
9767.34
10003.5
9698.14
9905.03
10043.3
10528.6
10652.5
11405.4
10680
10815.6
10223.5
9945.49
9824.75
10208.1
10207.3
10879.1
11486.1
10948.9
10789.4
10529.6
10570
10663.8
10827.5
11301
11358.6
11276.7
10785
11229.6
11156.1
11109.3
10987.1
10843.7
10667.8
11076
10589.4
10742.8
10540.1
10701.5
10208.8
10755.6
10831
10666.2
9813.75
10111.2
10333.6
9783.25
9637.48
9593.04
10400.3
10432.3
10364.7
9966.25
9893.12
9978.06
9899.1
9442.25
9568.18
9994.26
9771.33
9390.89
10141
10423
10950.2
11036.9
11244
10191.2
9704.67
9922.95
10572.4
11169.9
10963.7
11819.4
11469.3
11397.1
10754.8
10322.1
10874.9
11774.7
11892.3
12651.3
12881.6
11747.9
11302.8
11818
12080.4
11472.8
11316.8
11212.4
11134.1
11307
11497.4
11453.2
11332
11899.8
11389.3
10565.9
10598.9
10915.4
11375.4
11314.2
11180.2
11628.4
11376.1
11377.3
11053
11125.3
11067.9
11654.4
11512.5
11220.9
11435.3
12112
12366.1
12150.5
11922.3
12003.3
11831
11228.2
11162.4
10295.6
11172.8
11753.5
11902.9
11687.3
11003.8
11182.7
11699
11667.3
11123.5
10882.8
10485.1
10410.5
10723.3
10790.8
10846.1
10943.6
11454.4
12185.6
11899.4
11584.2
11697.7
11314.1
11458.3
11134.4
11524.3
11734
11595.6
11461.4
11401.9
11233.2
11316.2
10992
11927.8
11697.9
11093.8
11301.5
10842.4
10429.1
11720.2
11282.9
11264.5
11162.3
10718.2
10553
10479.1
10492.7
9953.62
10267.2
10766.5
10140.9
10156.6
9693.93
10016.5
10156.7
9805.1
9616.33
9748.49
9929.3
9911.77
10127.1
10271.9
10173.1
10586.7
10875.4
10703.7
10441.4
10474.1
10422.2
10523.9
10570.8
10800.7
10914.4
11172.1
11271.8
11192.2
11180.9
11486.4
11244.6
10365.8
10739.4
10642
10397.5
10487.1
10455.5
10090.7
9697.67
9885.13
9674.34
10107.7
9562.36
9981.64
9737.53
9595
10462.5
10438.5
10235.4
10183.3
10630.2
10605.2
10726.2
10472.2
10493.9
10441.1
10406.8
10871.1
11450.2
10910.9
10598.7
10643.9
10295.1
10352.9
10739.9
10439.6
10094.5
10508.6
11023.5
10826.5
10270
9905.36
10918.6
10104.2
9787.63
9425.44
10050.5
10166.9
11436.6
11903
11262.6
12075.6
12238.3
12471.4
12038.2
11445.3
11410.1
11044.4
11307.9
10481.3
10522.4
10696.7
10399.2
10371
9585.3
9450.11
9308.33
9277.5
9143.58
9647.88
9756.32
9819.66
9547.03
9812.11
10082.7
10260.9
10134.3
10512.5
10212.2
10897.7
10345.9
10563.4
9819.59
9861.43
10246.3
10125.2
10192.9
9902.48
9841.17
10154.9
10199.7
10465.3
10471.8
10344.2
10305.7
10852.1
10325.2
10169.3
10589.1
10611.1
10344.7
10064.3
11026.3
10589.5
10733.8
10281.9
10227.7
10319.9
10366.7
10511.8
10531.6
10349
11039.3
11003.6
10945
11124.5
11056.2
10622.1
10965.6
11262
10660.3
10882.8
11290.5
11205.6
11089.1
10870
10847.8
11186.9
11401.4
10687.5
11332
11320.9
10595.3
10294.2
10100.7
9953.77
9664.02
10095.1
10136.4
10496.7
10246.4
10282
10885.6
9862.33
9372.64
9310.85
9633.73
9105.75
9762.88
9384.05
10057.3
10613.2
10656.7
10716.9
10371.1
9976.44
9348.34
9497.07
9335.29
10041.5
10676.3
9530.88
9530.83
9494.94
9837.54
10132.5
10038.6
10346.4
10209.2
9953.03
10324.7
10919.1
10924.5
10977.4
10302.5
10495
10158.6
10696.1
10601.5
10078.8
9835.73
10162.7
9612.17
9703.46
10131.5
10120.1
10351.8
10145.7
10264.1
10764.1
11203.4
11293.3
10740.7
10720.9
10315.9
10531.7
10132.1
9646.74
9743.05
9555.69
9238.39
9645.53
9801.25
9044.41
8699.33
8785.41
9166.23
9043.63
8989.11
8885.6
9345.28
8521.94
8927.83
9629.63
8944.37
8723.48
8805.71
8956.09
8245.47
8866.19
8708.39
8693.99
8774.89
8696.43
8988.59
8888.18
9093.72
9361.52
9518.32
9981.49
9952.01
9528.59
9151.35
8514.3
8703.8
8406.07
9165.15
8638.58
8132.95
7945.52
8707.12
9067.72
8735.9
8814.8
9037.55
9396.53
9314.84
9317.03
8891.13
9087.55
8779.63
9256.91
9434.92
10313.5
10589.3
10562.3
10639.9
10975
10485
9728.91
10312.7
10399.7
9841.87
10187.4
10129.5
9871.5
8955.36
9101.31
8635.83
8170.34
8829.26
8615.6
8996.07
9030.23
9370.27
9138.23
8827.39
7844.07
7972.86
8157.33
8356.4
7889.99
8640.09
8822.52
9357.66
9292.46
8986.18
9015.16
8529.8
8500.2
9037.41
8898.66
8694.75
9305.27
9739.01
10046.6
9917.71
9599.09
9868.09
9497.71
9228.72
9237.96
9833.9
9498.85
9436.81
8535.6
8766.41
8260.03
7862.89
8448.61
8783.84
8786.37
8658.19
8786.37
8503.87
8082.53
8328
8573.95
8758.6
9123.51
9258.02
9033.62
9044.86
9599.13
8988.2
9355.03
9070.97
8950.46
8727.36
8967.1
8408.28
8222
7998.63
8457.74
8328.31
8218.22
8447.01
8540.47
8723.32
9003.21
8659.22
8303.06
8175.63
8450.15
8019.54
7740.35
8600.91
8936.04
9143.35
9284.71
9198.84
9109.42
9737.18
9146.12
9602.21
10098
10237.7
9736.58
9714.47
9279.15
8344.23
8752.29
8555.84
8153.03
8699.06
9510.12
9262.18
9147.12
8769.9
8702.87
9238.36
9499.35
9600.26
9188.51
8661.57
8645.72
8870.05
8945.06
8700.89
8777.32
8865.19
8442.46
9330.95
9203.96
9273.07
8974.03
9345.21
9010.43
9090.62
8680.61
8335.63
8335.95
8503.11
8469.13
8668.54
8341.25
8517.27
8447.08
8257.85
8657.71
8760.78
8750.67
8769.33
8965.13
8447.3
8460.19
7874.01
8050.46
8524.9
8062.63
8410.76
8740.94
8633.41
8436.76
8582.29
8031.13
8253.68
8467.27
8321.77
8005.74
8792.3
8740.16
7757.37
7840.3
8432.11
8428.02
8275.44
8220.74
7744.33
8245.25
8151.98
8420.07
7755.42
7597.4
7872.19
8228.18
8620.37
8392.73
7695.58
7947.56
7701.14
7418.51
7044.44
6824.53
6779.9
6990.6
6876.4
7310.06
7867.32
7617.26
7576.22
7322.85
7349.24
8241.88
7804.34
7743.32
7634.12
7749.45
7453.79
7789.74
7758.58
7886.15
7880.59
7750.76
7881.33
7711.08
7498.66
7604.2
8147.67
8309.03
8320.53
7485.12
7830.63
7758.83
7578.62
7745.75
7237.8
7530.29
7243.5
8295.59
7923.07
7946.63
7460.37
7419.76
6965.13
6669.8
7497.8
7024.1
7422.26
7989.63
8204.83
8134.14
7989.16
7941.66
7724.48
8331.38
8417.43
7964.83
7795.19
7788.04
7762.13
8366.8
7707.64
7592.5
7762.71
7879.5
8423.71
8231.77
7804.91
7404.81
7794.82
8806.39
8172.54
8091.26
8921.81
8470.05
7635.81
7390.52
8014.77
7590.93
7426.71
7649.87
8323.2
8323.43
7319.99
7982.4
7686.69
7286.7
7820.44
8527.48
8137.19
8441.63
8309.16
8698.83
8849.61
8449.12
8402.96
8854.02
8380.7
7615.05
8209.67
8176.87
8105.11
8120.22
7900.39
7867.78
7540.61
7585.85
7350.14
7354.59
7537.44
7722.68
7914.49
8072.36
8212.35
8020.05
8077.21
7996.65
8495.27
8017.07
7842.38
7236.25
7733.08
7729.91
7534.56
7202.32
7468.94
7787.46
7910.64
7959.47
7577.14
7434.56
7446.69
6960.84
7045.9
6914.8
6779.94
6954.72
6591.5
6319.54
6760.13
7142.47
6718.52
6918.31
7174.16
7106.39
7774.89
7426.97
7499.16
7459.64
7638.13
7299.88
7137.28
7968.49
7607.88
7949.28
7612.65
8624.13
7979.68
7942.25
8597.01
8460.99
8160.14
8562.66
7944.48
7590.31
7663.39
7930.88
8096.86
8251.74
8656.8
8876.21
8250.68
8658.25
9061.2
9153.81
8884.83
9026.57
8887.11
8897.07
8697.89
8494.85
8326.37
8515.52
8021.18
8652
8639.57
8667.14
8841.8
8891.52
8859.53
9155.2
8541.83
8691.15
9641.43
9343.75
9288.26
9449.6
8687.64
8710.14
8450.65
8777.11
8262.66
8093.4
8701.59
8855.71
8832.5
9029.47
8951.85
9057.9
9696.41
10323.3
10158.5
9738.46
9397.78
9440.55
8946.35
8970.09
8897.79
8913.17
9228
8963.61
8621.03
8574.53
8519.92
8721.24
9019.38
8616.69
8388.69
8261.61
8534.47
8390.73
8140.39
8155.46
8540.94
9067.24
8829.64
8942.92
8822.74
8473.7
7852.87
8082.85
8512.05
8781.64
8229.28
8149.04
8047.07
8205.38
7832.11
7971.38
8269.17
8311.65
8439.05
8679.78
8889.42
8328.18
7903.64
7668.37
7704.82
7515.78
7516.45
8138.19
8429.59
8359.36
8222.61
8384.52
8535.21
8306.25
8841.24
8894.04
8807.14
8714.11
8501.3
7913.28
7889.98
7599.66
7576.38
8200.37
8060.79
8154.81
7924.36
8230.87
8657.57
8645.01
8481.87
8847.91
8660.95
8377.56
8615.97
8756.88
8839.15
7944.86
8105.26
7338.52
7428.67
7914.51
8027.08
8806.17
8678.35
8500.56
8546.11
8202.73
7971.06
7506.82
7737.33
7826.76
7943.21
8447.83
7708.23
7351.19
7821.35
7462.67
7263.21
7438.69
7845.42
7435.09
6882.25
7404.44
7338.85
7315.15
6945.99
7769.48
7451.31
7205.46
7411.17
7717.55
7430.51
7629.72
8001.54
7888.32
6528.16
6535.75
7120.83
6908.5
6064.32
6513.61
6525.58
6540.36
6951.81
7432.66
7476.56
7923.91
7793.22
7927.25
7967.44
8040.01
7415.58
7343.53
7103.78
6851.63
7063.4
7552.53
8022.83
7447.23
7538.04
7495.37
7667.94
7873.67
8595.92
8811.92
7786.54
7743.14
7539.91
7486.25
7442.75
7733.33
7490.97
7599.36
8051.24
8044.06
8092.01
7621.24
7386.91
6908.82
7135.4
7339.8
7461.42
7454.84
7654.27
8005.55
7685.27
7884.12
7987.6
8606.32
8327.76
8023.42
8379.48
8279.76
8391.49
8639.29
8258.76
8056.3
8321.28
8650.05
8760.22
8799.59
8415.51
8387.34
8329.68
7595.53
7520.81
7941.33
8497.66
8156.17
8342.99
8351.23
8097.79
8544.14
8010.26
7673.62
8038.12
7767.35
7935.05
7713.22
7597.25
7548
8170.97
7520.11
6998.34
7238.77
7438.06
6906.95
7463.35
7062.61
7486.12
7397.72
7685.42
7837.52
7617.97
7281.89
7470.63
7188.41
7431.42
7838.46
8547.26
7733.43
7890.58
7428.16
7117.93
6983.69
7274.87
6812.78
7122.58
7556.27
8149.15
7808.75
8019.3
7737.63
7612.94
8124.6
7828.72
7684.66
7938.98
8787.24
8580.34
8639.41
8201.17
8022.24
7753.05
8204.78
8318.24
8158.72
8293.74
7926.23
8165.15
8050.28
7882.89
8748.34
8774.9
9031.54
8893.03
8766.16
8447.2
9035.4
7913.38
8636.18
8056
8102.21
7299.58
7745.72
7434.06
7407.39
7269.42
7111.65
7292.58
7081.91
7207.66
7738.88
7816.19
6993.33
6749
7428.36
7532.21
7079.77
7786.1
7705.1
7421.88
7338.01
7949.85
7809.74
7883.45
8572.19
7823.17
7655.97
6663.26
6996.35
7167.89
7079.42
7823.64
7319.97
7082.16
7519.52
7455.61
7759.28
7649.86
7541.66
7233.42
7714.09
7331.78
7299.09
7628.17
7309.84
7651.72
7994.95
8183.51
7922.37
7852.8
7724.68
7544.6
7405.49
7511.39
7272.19
8007.39
8267.81
8144.19
8108.28
8195.57
8165.88
7799.9
7988.95
7651.58
7466.1
7598.38
6933.15
7066.34
7163.13
7224.72
7404.62
7942.33
7295.1
7073.08
7047.27
6938.29
7077.72
6886.73
6843.09
6840.22
7212.93
7424.87
7002.09
7169.99
6995.97
7486.78
7852.97
7600.17
7485.01
7269.51
7391.28
7489.18
7231.63
7482.45
7266.98
6886.04
6392.07
6903.27
7101.13
7560.92
7761.07
7400.46
7764.96
7742.25
6984.72
7206.11
7362.54
7094.28
7294.69
7046.56
6843.73
7554.83
7832.52
8413.84
9008.17
8876.68
8156.84
8011.22
7875.9
8063.25
7895.01
7533.01
7064.76
7236.77
7408.65
7206.91
6824.78
6599.63
7090.9
6770.14
6583.24
7059.18
6811.62
7181.08
7453.98
6482.98
6494.97
6933.65
7132.31
7059.93
6308.45
6452.88
6419.05
7142.06
7212.76
7092.16
7048.67
7034.68
7184.39
6962.67
7157.26
7193.37
7749.61
7183.11
7149.02
7124.94
7589.13
7630.67
7610.09
7005.1
6682.83
6449.49
6514.64
6830.34
7212.28
7656.93
7710.28
7698.65
7208.2
7022.4
6955.8
6800.78
6614.44
6881.79
7116.47
6819.19
7557.07
7228.59
7050.79
7144.9
7364.48
7064.78
6567.13
6522.35
6820.1
6909.9
6574.45
6703.55
6913.14
6760.11
7204.62
7435.39
6861.62
6808.18
6749.72
7134.55
7313.18
7450.83
7505.07
6900.75
6427.27
6540.94
6042.43
6194.8
6316.76
6014.27
6852.47
6846.11
7046.83
7121
7141.78
6751.08
6493.67
6497.04
6216.64
6084.82
6085.64
6235.67
6319
6633.11
6430.28
6203.55
6328.26
6495.72
6384
6366.36
6193.97
5626.01
6300.16
6352.13
6557.4
6500.67
6204.48
6127.07
6094.61
6114.14
6632.22
6485.65
6132.33
6542.54
6359.97
6660.6
6532.26
6296.17
6209.94
6206.07
6323.96
6335.23
6562.02
6573.25
6434.52
6295.01
6405.51
6889.83
6862.61
6396.78
6818.78
6841.9
6994.88
7158.52
6986.56
7118.25
7099.5
6906.84
6815.26
7117.45
7182.85
6876.01
6673.04
6903.13
7697.91
7574.49
7794.85
7956.64
7918.82
7491.62
6673.89
6840.64
6744.88
7135.52
6998
7483.45
7251.95
7376.68
7376.72
7628.3
7064.43
6843.11
6912.07
7188.18
6625.26
6922.75
6933.34
6889.17
6970.52
6714.32
6683.54
6475.95
5911.86
6030.36
6007.32
6471.7
5749.67
5886.12
6586.68
6882.48
6759.73
6160.76
6244.17
6013.2
6042.15
6146.39
6217.77
6492.26
6478.57
6190.01
6218.99
6093.08
6054.81
5794.72
5749.71
6121.38
6159.29
6281.08
6283.39
6280.7
6331.82
5847.65
6164.26
5805.21
5803.17
5626.25
5606.06
5678.36
5881.11
5897.24
6150.87
6179.3
6276.47
5972.43
6082.36
6129.36
6205.03
6107.73
6033.15
6585.75
6274.4
6600.42
6844.56
6689.72
6635.99
7511.07
6644.98
6660.7
6642.47
6684.47
6372.61
6630.31
6856.69
7093.72
7182.78
7414.02
7417.25
6985.38
7140.34
7268.34
7093.04
6619.91
6592.92
6657.62
6706.4
6224.56
6466.12
6327.31
6446.39
6125.84
6269.57
6335.26
6379.05
6056.94
6081
6016.11
6521.17
6690.93
6950.26
7151.77
7304.2
7400.94
7016.87
6953.03
6920.65
6726.86
6671.83
6738.67
6871.94
6547.5
6944.43
6933.51
7328.64
6942.59
6784.85
6809.49
6928.47
6781.86
6463.52
6656.13
6847.46
6140.23
6116.61
5841.42
5779.35
5976.63
6116.32
6446.55
6133.33
5762.77
6022.54
5917.16
5882.44
6080.57
5843.06
5846.92
5932.71
6058.67
6199.64
5812.7
5825.26
5640.42
5879.96
5868.51
5726.99
5770.47
5737.84
5727.68
5820.16
6370.24
6020.57
5712.62
5524.64
5804.54
6027.83
6056.68
5883.94
6007.78
5968.41
5741.63
5666.9
5545.03
6195.39
6215.95
5888.75
6051.41
5837.34
5435.39
5579.23
5899.09
6122.55
5857.85
5950.82
6065.14
5701.17
6094.66
5947.7
6333.17
6576.96
6307.3
6171.82
6171.06
6059.72
6178.09
6057.5
6310.15
6408.98
6128.41
6360.62
6349.14
5973.58
5818.94
6218.49
5999.55
5688.1
5989.46
6068.18
6423.58
6782.68
7313.3
7208.67
6899.49
6847.36
7726.44
7402.7
7424.12
6591.57
6738.4
6700.8
7148.07
6925.22
7537.55
7847.65
7892.37
7304.83
6971.8
7177.07
7775.75
7342.54
7294.44
7373.85
8126.49
8107.46
7682.95
7902.43
7807.59
7186.64
7651
7016.45
7005.52
7259.29
7323.93
6822.78
7339.45
7235.87
6794.69
6815.53
6701.5
7348.24
7380.75
7427.58
7255.87
7163.06
6747.57
6608.81
6908.33
7487.57
7224.51
7003.03
6508.49
6737.77
6731.12
7076.93
7402.52
7484.33
7021.55
7170.55
7011.18
7262.55
6611.81
6867.82
7175.67
6723.67
6926.19
6518.51
6727.57
7065.67
6979.67
7077.06
7622.72
7495.28
7152.4
6858.65
6876.38
7809.94
7192.04
7158.84
7093.52
6891.19
6863.87
6964.87
7061.14
6889.02
6765.76
6702.37
7052.63
7751.42
7488.3
6687.97
7151.55
6890.84
6513.57
6992.55
7133.75
6940.03
7055.77
6835.68
6300.86
6531.31
6790.83
6689.26
6735.76
7115.18
7385.07
7024.29
6688.44
6492.45
6913.63
6605.29
7116.41
7342.16
7022.11
6739.32
6187.21
6970.53
6598.25
6627.93
6982.15
7069.1
6916.48
6866.81
6796.35
6333.1
6647.61
6260.43
6330.25
6108.47
6266.5
6135.48
5812.63
5830.53
5834.3
5857.82
5801.43
5822.47
6071.48
6223.46
5764.41
5970.48
6274.54
6018.03
6022.33
6227.42
6477.64
5767.59
5831.3
5555.01
5577.84
5563.23
5352.14
5582
5718.65
5604.44
5567.2
5732.35
6039.97
5592.95
6476.6
6644.56
6084.79
6104.07
5868.97
5806.52
5599.82
5732.24
5322.97
5265.73
5461.83
5401.31
5548.64
5288.83
5562.61
5870.22
5581.28
5454.62
5437.12
5827.84
5780.57
5590.56
5874.62
6005.83
5941.96
6061.09
5856.27
5826.96
6280.94
6138.78
5800.75
5837.96
6030.49
5526.46
5388.8
5600.13
5740.42
5997.26
5689.83
5633.46
5744.89
5553.05
5207.03
5630.34
5953.92
5902.54
5955.7
6083.42
6298.85
6051.75
5841.45
6387.29
6298.57
6209.32
6320.94
6202.28
6883.43
6834.02
6561.78
6740.31
6241.03
6492.53
6130.08
6202.77
6018.87
6102.63
6012
6373.47
6059.5
5820.62
5708.47
6265.89
6138.58
6616.48
6237.38
5940.99
5670.54
5459.29
6037.3
6052.5
5824.45
5490.68
5394.08
5401.29
5671.22
6040.94
6064.98
6231.14
5974.84
5982.65
6198.46
6305.97
6164.62
6450.34
6380.76
6201.05
6644.19
6419.91
6262.23
6805.04
6271.25
6003.55
6184.65
6407
6352.19
6834.85
6892.6
6860.49
6678.39
6597.68
6495.17
6744.35
6260.71
6255.27
6748.45
6850.23
6418.01
6720.84
6762.26
7246.61
6892.26
7040.79
7083.56
6539.39
6981.44
6864.29
6741.29
6989.79
6797.24
6791.14
6495.37
6455.59
6548.78
6387.9
5852.67
6055.66
5959.02
5831.89
6035.88
5989.19
5916.95
5721.95
6060.03
6087.58
6094.04
6004.05
5609.1
5571.3
5655.32
5934.55
6216.03
6192.89
6394.2
6288.35
6263.02
6485.48
6645.33
6437.03
6197.6
6550.8
6344.76
6044.41
6376.92
6316.33
6634.27
6609.42
6533.06
6401.78
6718.79
6331.69
6225.56
6655.8
6480.76
6572.44
6656.42
6164.76
6076.48
5472.86
5511.6
5541.8
5328.32
5490.39
5992.6
5890.12
5654.58
5405.46
5207.85
5128.48
5504.78
5509.52
5747.19
5497.54
5361.89
5485.92
5459.77
5654.63
5970.67
5654.95
5965.04
5204.95
5350.83
5313.91
5299.88
5721.05
5809.22
5869.39
5778.79
5321.4
5206.39
5486.69
5707.44
5263.08
5276.07
5309.24
5517.64
5420.47
5498.24
5237.33
5250.15
5459.34
5692.92
5391.91
5528.35
5248.21
5415.21
5306.13
5235.61
5702.95
5700.33
6023.7
5519.13
5428.57
5418.33
5292.03
5113.28
5390.64
5517.06
5352.96
5393.65
5486.14
5281.66
5463.36
5102.26
5481.48
5255.85
5294.63
5558.4
5312.64
5386.17
5482.54
5373.33
5024.7
4753.12
5100.51
5130.65
5318.1
4956.89
5074.4
5048.71
5137.28
5074.8
4890.41
4820.38
4719.96
4753.11
4942.68
4872.96
4818.94
4882.03
4724.5
5031.25
5019.87
5087.4
5235.95
5393.91
5569.41
5371.59
5704.64
5752.17
5897
5078
4832.85
4627
4792.72
4799.65
4554.27
4735.18
4745.22
4909.67
4516.4
4909.92
4816.59
4399.8
4440.14
4390.47
4387.99
4573.37
4686.19
4810.98
5027.7
5123.31
4710.68
4508.53
4663.68
4826.35
4823.7
4887.79
4687.31
4806.82
4901.33
4877.98
4835.59
4312.81
4384.25
4745.74
4623.4
4898.4
4366.73
4537.08
4742.01
4681.81
4821.58
4608.06
4394.69
4285.33
4370.61
4059.21
4487.01
4353.34
4332.82
4030.91
4070.76
4101.57
4234.74
4212.7
4179.63
4466.48
4185.89
3987.08
4246.88
4075.22
4051.68
4010.62
4256.12
4127.15
4092.58
4329.88
4104.59
4144.56
4324.5
4279.17
4236.18
4428.24
4523.03
4465.63
4177.18
4272.44
4327.9
4638.23
4635.27
4761.06
4941.59
4905.23
4965.28
5406.92
5075.04
4694.39
4673.13
4517.27
4564.59
4743.13
4949.9
4746.86
5000.18
4985.95
4659.44
4982.51
4613.55
4540.44
4665.09
4741.04
4448.68
4318.29
4502.6
4943.29
5072
5687.82
5728.54
5716.57
5783.69
5680.1
5535.74
5586.41
5477.43
5363.24
5143.88
5275.5
5199.2
5154.12
5241.75
5378.62
5059.67
4987.26
5354.84
5319.65
5528.28
5737.6
5535.85
6047.09
5693.54
5440.44
5479.16
5243.22
5271.27
5074.54
5069
4769.91
5045.08
5146.4
4924.54
4966.34
4987.75
4775.5
4808.38
4771.53
4946.85
4878.24
4857.28
5153.25
4904.78
5018.95
4949.71
4850.44
4724.4
4523.7
4618.52
4780
4389.38
4396.22
4418.28
4511.59
4457.33
4451.35
4530.36
4637.63
4735.36
5023.45
4916.14
5036.67
5201.98
5241.92
4691.91
5046.03
5130.81
5273.89
5321.26
5273.91
5210.31
5145.45
5131.46
5006.37
4835.22
4602.12
4827.11
4733.69
4798.33
5039.39
4792.43
5167.17
5001.7
5029.74
5114.92
5180.61
5057.59
4866.14
5251.19
5179.74
4965.6
5314.74
5094.15
5278.76
5170.3
5004.04
5062.72
5275.36
5042.61
5264.28
5247.32
4942.12
5492.02
5095.47
5005.75
5162.11
5085.24
5067.47
5152.68
5200.38
4969.22
4910.75
5062.43
5420.6
5394.14
5205.11
5331.06
5443.58
5297.1
5151.21
5264.36
4668.24
4700.49
4748.7
4744.97
4720.57
5130.21
5347.64
4865.72
4839.9
4778.05
4864.23
4957.08
4881.51
5101.4
4617.09
4726.34
4728.04
4795.99
4955.75
4590.89
4533.01
4565.96
4603.93
4732.2
4769.26
5011.58
4833.1
4677.31
4551.29
4446.76
4356.58
4495.71
4563.93
4538.79
4422.39
4438.75
4269.31
4364.92
4653.24
4655.84
4574.15
4657.89
5016.31
4893.14
4831.74
4834.09
4969.71
5012.02
4797.61
4652.97
4821.61
4842.64
4752.17
4862.3
5086.29
4668.15
5091.1
4937.89
5025.56
4776.12
4733.07
4728.76
4964.11
5164.44
5308.3
5287.61
4832.61
4620.23
4349.67
4588.42
4713.17
4692.16
4418.89
4664.45
4902.49
5040.05
5106.73
5238.39
5142.56
5328.74
5153.75
4918.11
4547.92
4518.18
4854.4
4694.66
4839.86
4596.11
4375.82
4529.78
4501.14
4391.62
4384.95
4272.7
4288.62
4140.69
4208.12
4358.82
4255.22
4567.7
4763.88
4720.16
5019.58
4597.33
4773.37
4916.21
4778.5
4814.33
4916.15
5195.5
5064.45
4999.88
4729.73
4853.91
5005.99
5206.34
5125.58
5022.01
4988.13
5088.72
5006.68
5225.01
4977.91
5182.8
5009.3
5362.17
5163.37
5251.3
5052.67
5100.96
4763.01
4537.89
4601.52
4609.29
4879.95
4715.6
4538.27
4733.82
4492.48
4592.83
4239.96
4402.74
4437.02
4248.74
4495.98
4360.03
4442.1
4516.03
4945.24
4747.95
4793.24
4753.19
4978.81
4992.3
4779.82
4568.34
4607.44
4513.22
4731.84
4836.9
4934.8
4699.27
4545.25
4722.68
4757.86
4911.39
4699.41
4914.51
4933.34
4633.04
4613.93
4748.23
4749.43
4715.61
4730.88
4493.64
4345.58
4377.18
4475.14
4473.35
4508.29
4411.42
4522.79
4479.34
4450.75
4250.96
4220.34
4157.96
4222.8
4611.34
4621.36
4371.45
4213.69
3916.04
3999.38
3931.99
4112.72
4215.89
4136.92
4215.01
4027.77
3895.19
4271.3
4195.37
4527.48
4253.72
4085.46
4071.92
3869.07
3774.82
4089.01
4262.49
4130.21
4086.03
4073.93
4260.4
4310.63
4479.06
4510.6
4270.09
4171.68
4339.87
4804.36
4455.83
4239.07
4497.79
4587.22
4566.31
4459.92
4222.09
4420.54
4415.01
4677.85
4751.72
4613
4314.76
4269.55
4315.07
4289.41
4548.47
4265.69
4252.71
4586.62
4294.44
4253.12
4301.91
4206.79
4261.26
4155.64
4017.41
4070.12
3758.61
4011.56
4239.39
4427.07
4188.53
4161.86
4203.06
4372.38
4275.49
4350.52
4079.05
4035.68
4097.62
4001.37
4004.88
3922.56
4103.57
4166.72
4196.11
4048.31
4043.79
3677.7
3494.57
4005.01
3787.55
3797.44
3870.41
3986.31
4104.26
3932.05
4007.63
4060.59
4277.35
4050.05
4084.26
4198.71
4262.54
4005.87
3728.6
4031.76
3906.46
3887.85
3930.64
3914.22
3914.82
4057.66
3809.65
3814.46
3788.45
4098.57
4236.57
4344.3
3950.02
3998.31
4083.22
3978.82
4031.88
4054.49
3986.54
4274.6
3906.28
3728.37
3925.64
3709.33
3885.31
3952.59
4045.31
3807.19
3888.56
4072.05
3887.44
3991.28
3983.4
3705.62
3815.18
3957.13
3916.89
3853.37
3652.67
3744.81
3844.71
3949.92
4215.94
4157.53
3831.84
3693.05
3862.05
3680.59
3583.2
3674.22
3932.6
4061.22
4202.51
4084.36
3974.12
4113.08
3958.63
4085.05
3928.94
3824.36
3826.12
3879.85
3886.76
3767.76
3619.96
3494.6
3529.24
3487.08
3728.97
3858.55
3766.8
3930.53
3677.78
3576.98
3504.68
3436.12
3751.31
3703.51
3582.2
3688.9
3567.47
3723.17
3923.91
3925.5
3743.21
3644.66
3810.25
3598.4
3569.42
3608.97
3637.21
3646.51
3540.68
3624.71
3654.47
3831.38
3654.03
3725.72
3682.62
3622.42
3728.89
3754.29
3619.26
3731.1
3557.8
3815.36
3719.33
3890.91
4009.46
3809
3909.73
3740.12
3848.55
4110.84
4209.94
4020.72
4195.49
4126.7
4331.44
4178.48
3934.4
3993.02
4084.26
3879.51
4023.01
3715.9
3742.99
3662.76
3836.55
3673.12
3945.95
3819.25
3762.81
3573.63
3571.36
3651.96
3915.25
3948.02
3928.18
3945.52
3977.99
3844.31
3991.27
4003.7
4147.57
4417.97
4333.54
4070.44
4000.62
3995.63
4054.7
4053.94
4040.81
4058.02
4253.81
4541.76
4186.74
3963.06
3984.02
3629.47
3883.95
3791.94
3909.78
3730.72
3775.76
3711.29
4150.48
4245.06
4276.68
4250.54
4133.67
3922.37
3872.84
3806.25
4126.75
3960.14
3612.78
3712.48
3775.81
3792.97
3570.04
3656.59
3734.51
3545.58
3550.05
3561.87
3760.5
3954.13
3795.16
3734.81
3777.09
3760.17
3745.77
4120.83
3980.7
3920.34
3778.75
3728.31
3764.73
3657.09
3869.43
3911.53
3935.87
3746.05
3597.37
3794.33
3851.53
3961.18
3927.62
3849.83
3631.59
3600.3
3859.57
3608.86
3624.17
3512.91
3701.94
3980.6
3894.31
3928.06
3750.84
3766.43
3906.86
3932.11
3691.05
3841.12
3875.66
3827.82
3884.61
3866.14
3815.82
3591.78
3629.65
3602.46
3606.1
3709.96
3819.62
4163.88
3976.7
3950.2
3856.4
3885.69
3949.26
4061.19
4179.93
4091.17
3921
3867.05
3856.29
4015.38
4042.98
3884.79
3911.49
3938.69
3923.32
4088.43
4075.75
4036.52
3898.2
3827.1
4075.51
4231.98
4070.63
4018.12
3879.13
3903.3
3823.72
3760.77
3589.39
3767.04
3834.83
3922.89
4077.13
4111.79
4390.15
4573.54
4274.4
4440.11
4160.49
4245.37
4442.34
4427.82
4280.6
4173.47
4096.49
4114.65
4060.02
4052.82
3938.74
3898.78
3949.3
3850.47
3937.15
3886.86
3888.25
3823.48
4025.17
3753.9
3730.94
3936.29
3804.34
3713.4
3612.37
3514.93
3648.85
3830.59
3826.49
3842.68
3801.68
3846.53
3783.26
3685.3
3648.62
4168.98
3979.43
4039.5
4003.55
3831.45
3819.37
3748.03
3813.91
3522.18
3563.28
3725.93
3366.07
3604
3465.51
3603.41
3597.76
3647.33
3627.95
3641.48
3753.1
3831.3
3725.97
3586.76
3534.61
3426.12
3561.44
3493.88
3567.85
3700.52
3867.6
3545.67
3644.89
3706.06
3560.96
3497.37
3395.4
3541.81
3395.66
3403.71
3403.47
3527.96
3353.94
3339.86
3529.52
3474.64
3503.82
3573.48
3603.88
3647.57
3599.17
3461.9
3529.7
3507.4
3591.92
3778.66
3506.96
3474.27
3430.32
3432.33
3380.62
3510.62
3331.36
3281.53
3278.83
3238.18
3337.47
3317.8
3482.73
3296.24
3342.77
3272.02
3200.71
3193.06
3281.16
3228.51
3389.6
3222.05
3340.02
3225.88
3282.06
3362.81
3185.65
3121.6
3176.1
3234.13
3455.79
3516.92
3650.28
3501.19
3596.27
3471.62
3548.61
3557.44
3621.01
3581.82
3697.77
3605.62
3468.32
3355
3386.34
3404.17
3567.27
3694.83
3655.94
3773.29
3628.3
3671.91
3583.48
3540.22
3692.44
3566.59
3642.86
3623.5
3670.8
3564.23
3615.77
3749.65
3933.7
4073.92
3707.23
3561.29
3545.97
3517.21
3378.01
3565.31
3774.4
3686.39
3624.96
3732.44
3740.8
3768.79
3851.28
3845.86
3808.22
3668.36
3726.97
3629.15
3635.04
3549.33
3527.85
3711.41
3754.01
3826.43
3756.09
3755.22
3782.09
3731.55
3900.98
3848.38
3932.89
3903.75
4136.43
4069.64
4148.2
4109.24
3811.75
3752.81
3785.92
3692.99
3724.65
3591.6
3633.83
3709.54
3579.44
3540.86
3653.7
3556.89
3491.17
3504.11
3454.58
3517.73
3563.08
3322.76
3499
3432.47
3437.83
3465.33
3446.02
3511.52
3547.91
3397.13
3522.45
3400.54
3219.38
3173.67
3129.66
3050.32
3079.06
3193.48
3264.64
3225.73
3202.13
3352.87
3357.74
3241.99
3099.47
3378.81
3222.67
3019.46
2921.56
3134.88
3211.64
3233.23
3082.87
3073.64
2986.5
3193.06
3099.31
3136.13
3137.48
3208.35
3149.85
3285.9
3393.23
3344.29
3360.36
3328.04
3267.95
3465.26
3379.26
3346.29
3283.45
3341.83
3603.08
3537.75
3456.91
3346.81
3309.24
3369.84
3638.54
3590.4
3547.7
3470
3409.87
3391.08
3349.93
3445.31
3465.24
3441.64
3475.93
3485.79
3474.03
3637.26
3711.15
3819.26
3654.83
3581.47
3498.98
3482.65
3592.25
3512.73
3478.74
3496.3
3376.44
3390.67
3289.75
3346.93
3135.02
3376.12
3393.48
3450.78
3492.86
3564.97
3514.58
3491.53
3336.14
3427.06
3243.19
3421.02
3443.26
3452.48
3436.82
3555.91
3454.98
3481.38
3512.03
3538.26
3554.39
3694.9
3729.22
3536.53
3542.77
3519.98
3458.53
3389.27
3437.64
3363.62
3328.72
3432.26
3406.89
3478.2
3296.42
3303.89
3170.67
3225.16
3173.11
3215.87
3040.95
3073.7
3093.36
3137.88
3382.47
3161.24
3224.97
3207.34
3151.04
3157.01
3361.14
3260.12
3152.27
3334.05
3218.5
3140.4
3132.64
3108.16
3049.84
3180.02
3111.5
3166.96
3050.7
3030.85
3230.86
3090.97
3064.7
3126.49
3312.89
3150.79
3229.73
3166.25
3251.37
3331.09
3441.94
3419.01
3416.35
3385.21
3355.49
3294.31
3373.59
3363.14
3190.79
3189.04
3085.15
3200.18
3130.12
3056.04
3099.56
3131.91
2997.13
3137.75
3175.64
3282.88
3184.77
3102.02
2943.46
3180.48
3043.39
2951.15
3107.43
2978.38
2769.45
2768.61
2738.06
2753.59
2803.32
2834.45
2842.7
2820.92
2800.63
2869.76
2833.83
2874.46
3075.21
3073.71
3010.71
2948.84
2929.62
2764.91
2753.97
2803.42
2873.25
3167.36
3127.88
3110.33
3007.5
2934.25
2861.91
2845.01
2926.78
2871.27
2992.27
2829.51
2786.89
2750.24
2773.86
2848.45
2962.62
2961.84
2926.3
3283.03
2959.15
2999.53
3111.99
3018.13
3052.45
3074.32
3231.27
3080.3
3027.51
3090.16
3132.82
3216.67
3440.42
3102.28
2982.93
2867.14
2844.8
2750.98
2856.12
2880.49
2865.54
2941.11
2922.98
2920.07
2973.65
3001.92
3135.23
3034.94
2969.19
3062.44
3010.84
3124.98
3046.86
3201.83
3165.04
3131.03
3072.15
3097.77
2977.12
3062.55
3019.88
2731.14
2786.13
2588.21
2571.04
2576.56
2699.85
2800.28
2809.39
2821.23
3016.6
3018.01
3049.97
3164.31
3027.83
3057.09
3128.06
3133.02
3187.47
3097.85
3040.26
3067.69
3074.14
3201.75
3300.05
3178.85
3284.04
3162.67
3101.89
3084.5
3089.87
2985.11
3068.8
3196.5
3183.73
3070.99
3132.58
3198.62
3224.07
3421.66
3479.17
3340.04
3352.46
3162.46
3241.1
3138.24
3130.1
3086.02
3177.15
3073.94
3266.09
3098.85
2932.19
2822.98
2911.26
2902.19
3048.74
2944.92
2862.26
2859.89
2856.16
2803.05
2870.96
2690.63
2637.14
2693.37
2677.8
2640.86
2579.69
2660.74
2824.52
2948.98
2692.16
2730.11
2767.91
2811.23
2877.15
2953.61
2688.08
2663.62
2752.66
2813.39
2840.9
2932.36
2918.77
3039.76
2940.22
2827.23
2878
2849.03
2847.86
2732.34
2850
2872.76
2950.89
2945.9
2930.31
2898.16
2863.95
2873.77
2963.35
3108.86
3064.59
3016.82
2980.96
3060.42
2870.45
2772.5
2961.11
2895.82
2856.09
2950.04
2792.78
2908.18
3005.05
2929.38
2981.93
3002.53
3032.6
3023.58
2913.7
2873.33
2888.45
3145.71
3020.09
2916.4
2998.36
3040.33
2926.1
2966.66
2969.34
2804.77
2798.65
2748.52
2812.14
2855.87
2643.52
2637.08
2635.92
2685.97
2635.06
2673.75
2776.31
2683.06
2747.25
2779.96
2713.17
2755.51
2752.3
2728.99
2642.48
2599.26
2633.06
2817.17
2964.4
3056.26
2965.03
2959.42
3136.88
3188.35
3175.45
3079.94
2980.6
2975.15
3037.86
2905.27
2924.66
2999.37
2909.71
3025.76
3050.15
3026.52
3110.13
3133.9
3001.71
2879.16
2832.05
2894.85
2778.97
2802.94
2843.11
2793.44
2834.82
2782.09
2717.19
2682.81
2591.69
2539.18
2651.32
2748.19
2699.69
2683.11
2600.02
2648.6
2647.71
2665.7
2672.89
2696.46
2786.75
2782.87
2635.74
2615
2656.32
2603.57
2500.47
2640.94
2567.49
2581.66
2588.86
2661.72
2653.47
2577.29
2541.2
2486.28
2480.61
2537.17
2453.25
2485.31
2547.75
2381.51
2564.63
2638.63
2678.63
2883.94
2791.41
2725.27
2738.65
2807.06
2767.35
2654.1
2692.06
2666.16
2708.12
2861.57
2722.17
2719.26
2776.94
2791
2857.84
2828.59
2810.02
2719.21
2830.61
2885.02
2837.84
2786.95
2736.81
2666.91
2716.68
2649.28
2655.56
2650.24
2742.35
2652.6
2620.07
2701.21
2736.43
2751.16
2599.78
2716.74
2617.5
2774.23
2785.33
2756.23
2868.76
2692.53
2727.88
2700.32
2545.58
2596.95
2621.41
2524.33
2606.56
2708.14
2712.2
2688.25
2662.15
2568.89
2558.03
2603.46
2609.93
2668.63
2575.78
2511.23
2508.82
2520.05
2532.68
2758.84
2770.26
2737.83
2697.64
2584.3
2625.5
2578.13
2473.34
2502.14
2454.17
2546.23
2537
2547.22
2520.8
2428.73
2518.78
2524.59
2508.9
2673.46
2659.31
2620.66
2574.33
2657.14
2614.42
2533.38
2486.87
2477.57
2564.65
2666.05
2618.7
2593.78
2547.85
2687.64
2562.37
2654.79
2486.21
2523.22
2572.36
2662.49
2590.5
2559.06
2545.15
2607.49
2559.73
2639.59
2606.79
2642.04
2660.04
2633.56
2680.43
2578.45
2676.48
2727.51
2731.83
2795.19
2842.79
2874.86
2794.76
2928.94
2904.23
2808.38
2778.89
2780.92
2886.45
2849.38
2766.07
2830.58
2892.01
2969.47
2896.88
2802.43
2679.04
2653.42
2779.35
2755.49
2746.61
2707.09
2749.85
2765.72
2681.2
2689.87
2801.41
2819.41
2879.81
2878.78
2846.26
2745.86
2746.38
2725.54
2739.07
2701.32
2590.98
2539.39
2645.82
2736.75
2739.54
2773.32
2808.78
2887.32
2814.48
2894.29
2900.63
2864.12
2802.94
2700.05
2748.02
2672.02
2673.32
2614.34
2623.14
2716.45
2728.72
2603.62
2477.82
2635.43
2530.31
2577.76
2540.78
2497.08
2384.83
2440.14
2463.05
2542.97
2594.48
2619.58
2677.22
2691.55
2600.9
2661.02
2563.9
2561.11
2600.62
2497.74
2516.19
2608.19
2681.78
2645.97
2541.76
2625.2
2702.24
2812.1
2850.5
2751.4
2751.53
2708.77
2640.56
2680.38
2717.07
2674.15
2645.12
2574.98
2591.34
2519.77
2558.72
2496.07
2388.92
2425.11
2510.5
2477.87
2497.56
2612.09
2669.6
2662.83
2596.32
2616.91
2632.88
2591.23
2528.98
2460.83
2518.77
2563.97
2529.98
2437.07
2406.17
2410.86
2456.99
2541.97
2474.8
2484.9
2520.91
2471.16
2553
2501.29
2556.27
2389.99
2368.19
2430.7
2347.63
2335.11
2327.78
2231.7
2318.06
2391.36
2343.63
2383.23
2436.85
2314.46
2262.47
2227.23
2193.07
2207.83
2238.36
2230.81
2194.41
2267.67
2092.7
2116.47
2097.19
2165.6
2190.05
2164.48
2159.52
2169.32
2206.3
2124.18
2085.05
2117
2109.93
2152.26
2253.06
2251.95
2213.01
2240.35
2288.14
2236.4
2298.43
2298.48
2330.15
2397.96
2450.51
2497.92
2424.5
2313.58
2271.38
2251.74
2188.34
2340.59
2327.56
2225.55
2202.89
2164.89
2262.04
2267.97
2266.42
2219.67
2279.45
2240.14
2336.95
2295.53
2260.08
2297.24
2300.5
2187.65
2164.49
2210.34
2222.88
2230.99
2282.68
2304.17
2350.96
2367.12
2422.36
2410.64
2321.77
2291.18
2273.31
2286.8
2321.14
2314.62
2357.96
2456.37
2427.58
2377.85
2417.54
2368.03
2381.98
2348.29
2311.42
2296.69
2411.75
2351.28
2310.27
2250.11
2293.89
2330.62
2287.57
2349
2273.5
2232.73
2191.78
2154.19
2220.21
2239.34
2250.73
2251.44
2232.86
2279.2
2244.1
2257.88
2344.64
2369.36
2333.3
2271.05
2266.36
2182.9
2257.46
2241.48
2300.8
2286.57
2340.03
2270.55
2320.93
2308.22
2382.87
2389.63
2260.75
2206.18
2269.32
2245.49
2357.2
2366.39
2233.15
2248.41
2273.21
2175.48
2152.73
2168.74
2210.73
2126.84
2148.78
2136.61
2147.93
2183.67
2250.27
2242.18
2178.36
2263
2336.43
2214.88
2133.08
2150.46
2131.13
2104.88
2158.25
2120.62
2243.62
2268.62
2311.96
2371.84
2480.63
2397.49
2242.32
2245.48
2173.37
2226.68
2280.43
2093.36
2097.53
2194.49
2140.6
2040.63
2007.87
2124.36
2150.32
2140.48
2195.97
2110.59
2169.83
2224.03
2198.1
2217.06
2144.14
2096.08
2117.26
2210.27
2232.61
2092.96
2050.29
2088.14
2103.27
2241.46
2271.62
2202.03
2192.99
2191.88
2266.61
2208.75
2186.88
2258.66
2156.79
2170.66
2136.86
2180.83
2205.55
2202.98
2088.33
2114.05
2073.11
2098.85
2117.81
2083.2
2146.38
2036.35
2070.06
2094.49
2099.49
2175.12
2102.77
2103.35
2039.09
2161.4
2110.51
2096.32
2035.87
2048.73
2160.17
2122.57
2221.62
2228.41
2183.63
2171.31
2176.52
2253.99
2228.46
2355.8
2247.06
2312.26
2251.14
2296.58
2326.88
2330.2
2271.04
2188.26
1995.86
2002.34
1907.2
1969.62
1930.76
1881.72
2028.01
2047.44
2050.38
2015.15
1985.92
2044.15
1982.94
2004.67
1893.29
1921.46
1976.94
2037.81
1956.07
2027.63
2102.9
2087.47
2119.15
2179.62
2156.86
2302.03
2238.58
2226.11
2180.54
2103.96
2060.66
2137.61
2109.28
2074.96
2203.94
2156.87
2142.16
2151.04
2133.62
2061.43
2086.57
2064.54
2023.18
2059.87
2125.49
2188.22
2225.85
2138.14
2167.02
2131.12
2168.44
2202.29
2101.67
2185.2
2120.68
2082.07
2144.61
2103.82
2153.78
2045.78
2013.9
2086.21
2100.1
2115.66
2072.29
2017.85
2009.76
2112.24
2036.44
2161.45
2155.37
2024.6
2042.5
2028.09
1990.11
1987.42
2034.65
2002.44
2062.06
2014.86
1989.04
2021.65
2092.85
2105.58
2023.58
2063.72
2124.94
2105.4
2077.79
2113.81
2069.01
2039.44
2030.62
1989.88
1979.62
1979.24
1999.73
2000.22
2025.05
2047.14
1987.14
1992.05
2067.14
2011.89
2028.79
2064.42
2051.32
2022.09
2019.82
2104.73
2168.35
2183.49
2125.56
2151.99
2194.35
2148.8
2158.8
2224.19
2181.84
2202.42
2160.46
2096.84
1995.7
2002.12
2082.23
2078.05
2206.27
2179.15
2163.56
2106.69
2183.71
2181.62
2136.95
2149.76
2165.45
2178.76
2095.33
2123.93
2118.6
2130.13
2136.59
2121.09
2164.95
2169.08
2245.88
2270.77
2310.03
2308.41
2320.6
2255.96
2241.31
2199.22
2160.93
2174.65
2105.27
2095.04
2129.51
2091.32
2071.76
2065.56
2047.1
2108.35
2166.67
2072.47
2095.19
2093.34
2138.75
2080.47
2099.79
2045.07
2010.92
2017.82
1965.57
1961.6
2069.53
2117.12
2179.4
2160.51
2126.98
2075.41
2173.38
2107.99
2074.02
2014.74
2022.95
2032.83
2033.83
2014.7
1991.76
1962.66
2038.88
2011.62
1973.24
1934.17
1883.29
1912.5
1973.71
1881.02
1843.05
1865.01
1897
1903.58
1893.99
1924.45
1985.5
1962.29
1986.38
1969.31
1924.57
2000.4
1970.05
2014.81
1945.78
1930.53
1951.82
1972.29
2026.85
1956.99
1930.33
1963.66
1944.67
1956.34
1930.39
1917.23
1884.73
1914.78
1872.21
1953.69
1998.37
1990.81
1955.88
1981.96
1933.1
1875.14
1908.33
1991.22
1965.91
1985.36
1919.53
1896
1905.55
1940.71
1920
1890.29
2023.59
2083.9
2008.31
1899.77
1939.29
1993.64
2077.83
2018.63
1980.8
1994.1
1975.65
2014.34
1999.24
2058.26
2038.28
2103.35
2093.75
1991.61
1978.19
1998.83
2030
1989.35
1999.7
1995
1946.36
1918.5
1896.88
1946.57
1886.01
1973.06
1967.95
1887.22
1891.67
1876.42
1859
1889.37
1891.43
1834.37
1911.45
1881.09
1851.41
1890.64
1953.61
1933.96
2000.39
2068.53
2012.89
1966.81
2035.85
1952.03
2042.76
2093.55
2151.92
2141.53
2094.7
2078.49
2074.85
2025.93
2050.37
2054.97
2048.63
2089.04
2055.82
2092.12
2004.64
2047.46
2059.17
2065.27
1940.19
1934.78
1981.65
2036.31
2023.75
2040.67
2059.29
2101.96
2089.54
2038.55
2007.9
1971.78
1987.05
2008.09
1967.59
2025.57
1999.9
1959.81
2004.41
1978.38
2044.47
2121.42
2066.97
2033.52
2043.46
2020.67
1944.37
1924.85
1981.62
1977.15
2027.96
2031.95
1979.27
1983.93
1973.1
1981.47
2032.88
2049.58
2085.53
2020.52
1971.11
1992.96
1987.62
1904.7
1927.35
1920.46
1935.31
1964.31
1934.68
1991.68
2015.36
2068.79
2043.06
2067.58
2211.21
2212.94
2200.28
2188.43
2136.86
2099.06
2045.52
2092.5
2100.77
2102.65
2027.59
1969.62
1923.13
1948.44
1941.06
1959.04
1999.27
1979.92
2056.47
1992.18
1973.97
1933.47
1937.46
1997.77
2016.96
1997.13
1994.23
1927.26
1996.64
1960.26
1933.05
1918.92
1917.58
1989.24
1981.17
1994.28
1906.74
1935.23
1871.91
1833.37
1817.51
1831.3
1826.37
1927.88
1814.98
1866.53
1883.27
1891.55
1935.2
1986.81
1900.5
1904.31
1891.92
1893.83
1869.28
1874.66
1882.71
1835.31
1840.17
1842.88
1835.61
1792.88
1814.06
1771.6
1769.93
1800.19
1792.51
1810.81
1767.1
1831.43
1800.56
1755.29
1777.54
1700.78
1749.53
1709.61
1683.95
1667.16
1706.81
1759.83
1802.19
1709.79
1726.08
1733.58
1728.18
1726.25
1700.03
1671.06
1696.4
1710.91
1703.52
1735.66
1701.92
1753.77
1739.73
1740.02
1678.93
1695.24
1695.55
1719
1705.9
1703.85
1690.07
1635.35
1617.98
1668.03
1680.02
1729.79
1665.46
1688.23
1682.9
1671.08
1760.88
1782.84
1833.89
1800.75
1825.74
1795.39
1748.45
1742.3
1797.07
1737.75
1752.52
1765.36
1819.74
1763.4
1772.6
1794.56
1743.97
1711.75
1764.79
1752.62
1796.94
1698.09
1745.75
1779.82
1751.29
1757.68
1740.46
1785.62
1775.45
1773.92
1767.6
1734.53
1739.72
1737.95
1762.58
1746.89
1747.45
1799.89
1814.87
1845.36
1853.39
1744.33
1805.73
1772.4
1808.47
1807.68
1790.95
1784.04
1781.53
1780.26
1744
1751.56
1757.96
1768.5
1800.03
1791.89
1781.91
1867.86
1835.33
1846.63
1782.13
1794.72
1715.06
1770.55
1756.75
1732.67
1734.78
1747.42
1744.51
1772.49
1735.75
1748.3
1685.83
1633.18
1638.45
1600.74
1655.18
1690.92
1718.72
1783.63
1839.26
1750.64
1697.58
1731.88
1726.03
1711.61
1718.52
1722.06
1721.83
1714.97
1720.93
1749.41
1764.03
1775.78
1758.03
1780.23
1771.24
1732.99
1782.02
1737.52
1744.79
1729.8
1759.53
1771.88
1844.5
1798.57
1784.71
1787.02
1799.41
1782.7
1784.76
1725.13
1708.58
1714.03
1717.36
1722.2
1766.64
1782.12
1731.18
1829.36
1826.91
1849.22
1766.97
1711.1
1740.53
1715.31
1723
1733.7
1779.05
1727.81
1782.81
1765.3
1721.15
1782.43
1795.85
1722.56
1731.56
1725.29
1743.88
1669.73
1630.67
1691.36
1689.55
1651.58
1574.59
1580.97
1632.99
1618.34
1600.85
1588.87
1600.2
1608.31
1643.59
1654.24
1642.37
1614.23
1620.53
1596.23
1590.82
1592.74
1616.6
1595.57
1601.31
1618.89
1624.21
1642.81
1649.17
1657.62
1633.85
1640.67
1613.65
1648.26
1660.48
1643
1655.33
1636.56
1668.76
1641.39
1640.54
1585.69
1589.74
1613.71
1665.75
1639.01
1665.06
1732.5
1663.37
1643.26
1594.42
1573.6
1556.94
1546.86
1603.31
1607.25
1636.77
1651.22
1629.09
1645.49
1682.05
1717.29
1728.67
1706.66
1714.39
1718
1720.81
1745.5
1780.06
1787.12
1817.05
1838.74
1815.64
1840.12
1779.39
1728.03
1711.05
1698.73
1665.98
1662.28
1630.64
1694.5
1677.1
1641.16
1685.19
1691
1648.99
1644.25
1687.7
1700.36
1708.9
1718.16
1703.15
1719.39
1698.49
1693.83
1725.29
1677.44
1697.11
1776.62
1789.27
1773.73
1771.95
1770.07
1781.96
1740.13
1826.9
1738.51
1731.1
1737.93
1755.8
1730.24
1724.6
1712.19
1701.33
1642.52
1651.29
1657.99
1644.4
1621.78
1621.48
1643.15
1630.08
1628.07
1615.69
1584.17
1580.49
1575.96
1572.57
1595.96
1602.32
1599.14
1617.54
1562.47
1527.44
1604.28
1567.26
1571.04
1580.78
1638.33
1588.46
1584.8
1594.51
1594.13
1610.03
1605.4
1622.21
1630.75
1637.08
1707.79
1693.65
1653.07
1705.67
1653.05
1636.72
1617.07
1618.34
1614.05
1588.27
1583.22
1576.77
1611.89
1595.51
1599.17
1576
1585.74
1609.97
1611.72
1581.74
1600.27
1605.67
1612.7
1589.97
1591.99
1582.27
1568.5
1525.3
1533.13
1514.58
1506.38
1519.16
1515.65
1529.4
1544.05
1578.08
1532.25
1526.95
1550.79
1586.16
1544.92
1577.5
1543.63
1522.81
1509.42
1492.58
1485.81
1493.32
1484.43
1443.66
1481.23
1488.94
1459.51
1553.57
1581.38
1533.42
1573.73
1528.24
1568.62
1554
1571.45
1573.75
1592.15
1621.34
1587.56
1596.4
1584.65
1594.49
1557.99
1552.12
1630.29
1596.75
1533.54
1573.5
1590.65
1556.63
1560.77
1581.9
1536.28
1561.85
1583.13
1601.73
1593.3
1565.3
1569.01
1550.83
1529.73
1525.26
1544.4
1552.49
1528.61
1584.12
1573.91
1576.33
1561.32
1568.83
1549.44
1518.13
1512.06
1539.32
1572.82
1577.28
1575.16
1561.03
1568.3
1536.06
1566.47
1506.34
1512.55
1510.83
1511.15
1525.44
1557
1551.31
1560.26
1565.03
1553.65
1492.62
1502.79
1501.68
1506.74
1499.33
1486.31
1480.49
1518.44
1535.56
1532.01
1505.58
1504.35
1497.47
1468.13
1487.01
1521.37
1523.95
1562.33
1583.35
1554.75
1515.37
1525.57
1510.44
1482.82
1464.95
1463.55
1503.83
1468.36
1455.61
1419.97
1397.52
1413.32
1395.67
1363.13
1378.97
1427.22
1396.39
1406.56
1438.34
1436.38
1442.17
1441.85
1445.88
1436.8
1443.92
1459.4
1484.57
1471.23
1485.29
1453.92
1426.9
1445.99
1434.47
1417.67
1391.9
1415.76
1407.88
1420.47
1457.87
1467.86
1538.04
1508.03
1457.31
1465.39
1467.15
1504.14
1490.36
1494.86
1497.95
1531.09
1504.13
1509.06
1465.72
1458.78
1427.25
1443.26
1434.71
1465.03
1505.46
1488.67
1441.35
1447.38
1464.96
1421.26
1429.75
1413.4
1438.81
1420.4
1442.65
1448.8
1467.7
1461.19
1456.16
1472.86
1459.3
1442.55
1402.33
1425.95
1421.77
1432.39
1471.6
1423.6
1433.99
1432.42
1430.15
1457.77
1441.71
1444.81
1443.93
1403.99
1398.87
1411.43
1472.08
1474.47
1478.06
1488.25
1479.83
1489.37
1473.45
1490.45
1508.85
1496.28
1506.25
1467.06
1480.22
1480.65
1485.01
1482.67
1485.68
1470.32
1438.08
1452.65
1468.97
1450.4
1402.74
1410.71
1411.58
1394.91
1393.55
1436.4
1438.65
1399.09
1402.82
1418.58
1401.02
1441.38
1418.59
1437.7
1443.65
1481.56
1479.05
1451.39
1438.73
1467.26
1435.36
1471.73
1476.76
1487.63
1454.06
1431.74
1429.99
1431.26
1419.94
1415.16
1424.72
1453.16
1450.93
1442.54
1426.31
1452.78
1441.6
1472.52
1491.49
1519.5
1528.36
1518.67
1486.08
1459.22
1423.23
1461.28
1461.7
1436.29
1444.7
1470.86
1437.07
1465.13
1434.42
1446.77
1424.53
1458.92
1452.41
1436.22
1458.58
1422.76
1453.95
1432.77
1425.78
1418.98
1432.46
1444.73
1499.02
1456.01
1441.04
1439.44
1450.96
1460.94
1443.19
1454.22
1432.26
1414.77
1441.12
1418.89
1396.91
1401.51
1391.82
1399.78
1396.96
1386.24
1389.55
1407.98
1381.25
1390.19
1415.99
1390.28
1387.73
1381.26
1384.63
1360.97
1396
1398.07
1386.27
1402.56
1362.24
1377.23
1354.06
1373.32
1356.95
1343.98
1345.69
1383.74
1386.09
1398.56
1384.8
1388.05
1386.5
1384.05
1373.38
1356.07
1354.43
1372.25
1374.05
1376.98
1401.1
1373.44
1363.63
1327.31
1284.24
1274.71
1292.75
1305.77
1307.87
1294.62
1288.81
1304.3
1292.85
1328.05
1332.38
1356.13
1363.2
1355.28
1336.75
1363.63
1346.27
1322.26
1350.92
1374.18
1330.76
1308.67
1292.23
1310.13
1373.29
1357.06
1352.87
1348.95
1338.33
1347.75
1356.56
1378.94
1362.17
1356
1365.37
1353.28
1363.23
1374.89
1328.38
1337.67
1319.77
1276.32
1261.76
1307.59
1293.64
1289.67
1311.63
1305.32
1301.74
1307.51
1315.11
1303.46
1328.35
1336.57
1329.83
1342.53
1324.64
1362.38
1382.64
1409.67
1406.09
1428.13
1444.95
1433.55
1410.75
1401.69
1407.71
1390.63
1381.64
1323.12
1344.3
1330.87
1311.89
1339.32
1336.15
1293.58
1276.11
1300.14
1326.83
1331.52
1351.36
1349.67
1334.28
1339.88
1321.78
1321.28
1291.62
1286.51
1302.2
1294.06
1339.82
1328.32
1335.29
1279.09
1292.27
1298.43
1300.48
1313
1362.32
1370.69
1382.36
1360.89
1336.43
1340
1310.36
1312.05
1278.02
1298.15
1278
1267.83
1292.04
1268.06
1287.78
1292.93
1299.93
1293.8
1318.29
1319.1
1344.54
1329.4
1327.18
1337.47
1353.79
1349.73
1318.39
1305.52
1305.68
1314.68
1319.06
1307.2
1294.51
1287.13
1291.37
1309.69
1312.88
1300.64
1324.05
1310.56
1330.51
1351.49
1315.02
1305
1310.78
1299.22
1329.1
1321.04
1330.85
1338.83
1346.38
1362.79
1308.89
1306.96
1308.16
1293.38
1298.71
1293.66
1318.69
1345.71
1314.35
1309.94
1291.16
1325.21
1324.55
1305.16
1281.65
1277.21
1276.96
1295.28
1318.36
1313.25
1311.22
1299.25
1298.52
1290.6
1221.34
1221.28
1210.66
1206.91
1216.58
1231.79
1259.76
1243.32
1262.64
1266.37
1305.17
1302
1293.92
1285.96
1296.86
1268.11
1281.39
1254.76
1236.18
1241.56
1261.15
1266.6
1295.51
1317.06
1320
1323.28
1310.2
1315.49
1289.53
1277.59
1285.26
1285.97
1289.36
1320.56
1299.35
1277.53
1291.98
1311.37
1332.19
1334.23
1334.73
1312.4
1267.26
1241.27
1223.29
1239.96
1223.32
1211.79
1219.67
1248.92
1250.43
1239.08
1248.37
1250.71
1231.49
1210.05
1214.9
1215.21
1262.65
1264.53
1271.87
1276.8
1262.65
1254.63
1257.4
1272.28
1275.4
1257.95
1224.33
1254.16
1288.92
1290.24
1272.79
1264.99
1238.55
1240.04
1254.51
1266.14
1259.97
1262.93
1245.32
1251.06
1248.32
1245.96
1222.03
1246.97
1268.21
1281.29
1256.5
1263.46
1267.94
1261.71
1260.91
1279.11
1265.52
1277.39
1275.77
1239.38
1238.74
1221.01
1225.93
1224.19
1220.63
1204.37
1253.49
1229.31
1222.23
1223.55
1255.96
1245.06
1263.98
1264.83
1270.56
1264.51
1248.6
1254.27
1242.5
1233.32
1218.25
1238.48
1228.06
1238.03
1249.96
1242.64
1251.36
1249.65
1253.99
1240.95
1203.78
1211.06
1215.99
1213.48
1232.65
1225.05
1234.15
1233.89
1233.61
1227.07
1224.82
1245.07
1232.2
1245.43
1252.91
1274.82
1255.06
1246.19
1229.57
1216.43
1211.73
1209.05
1194.58
1165.97
1191.11
1211.52
1211.64
1228.7
1247.07
1244.66
1247.2
1234.31
1229.13
1224.49
1228.7
1245.51
1254.29
1261.29
1266.72
1246.53
1241.79
1248.68
1253.77
1262.23
1257.53
1262.16
1270.46
1290.32
1286.67
1273.33
1261.43
1260.73
1269.55
1240.74
1234.81
1228.77
1237.29
1214.48
1229.23
1212.66
1224.54
1239.07
1228.89
1237.88
1244.29
1259.2
1258.11
1271.17
1247.47
1238.8
1230.73
1245.68
1233.08
1246.61
1227.91
1201.24
1181.82
1172.69
1176.29
1201.63
1203.47
1184.43
1184.94
1184.15
1175.62
1176.28
1148.75
1174.79
1156.42
1159.55
1157.28
1179.31
1161.54
1153.72
1133.19
1148.4
1138.45
1131.37
1124.91
1139.53
1140.65
1170.68
1119.63
1116.28
1123.16
1089.54
1096.44
1103.49
1103.17
1113.23
1107.72
1144.66
1135.76
1138.28
1138.75
1143.05
1153.61
1150.05
1144.22
1139.15
1142.51
1131.74
1126.97
1140.38
1161.87
1169.28
1163.91
1173.75
1170.5
1167.56
1176.26
1179.51
1175.08
1148.58
1145.6
1127.26
1124.92
1118.43
1110.14
1104.81
1123.51
1145.41
1131.48
1131.39
1137.88
1140.6
1154.96
1146.96
1152.09
1155.93
1138.37
1146.98
1133.5
1123.6
1117.9
1113.32
1117.71
1146.96
1121.82
1124.14
1125.63
1122.11
1120.15
1104.58
1068.93
1067.07
1078.18
1085.3
1089.83
1088.09
1093.39
1134.5
1115.34
1119.12
1135.21
1132.76
1132.81
1121.6
1133.65
1123.99
1115.35
1109.71
1115.4
1137.74
1130.44
1154.46
1151.66
1143.71
1150.42
1144.35
1125.8
1137.46
1120.11
1124.73
1104.17
1115.91
1104.4
1102.15
1107.92
1120.87
1130.35
1134.12
1128.25
1124.08
1102.47
1098.95
1099.31
1097.45
1105.97
1127.27
1127.44
1123.36
1127.22
1145.31
1150.45
1122.48
1100.86
1109.63
1119.45
1109.56
1108.76
1114.78
1114.77
1113.06
1112.4
1114.38
1105.04
1120.55
1111.3
1131.79
1136.77
1164.15
1135.63
1130.81
1116.27
1106.19
1102.87
1115.94
1140.08
1135.43
1118.56
1121.66
1124.59
1126.6
1137.24
1146.54
1141.43
1122.31
1121.82
1135.86
1115.35
1093.08
1094.92
1111.52
1124.46
1101.32
1085.15
1102.79
1094.53
1091.85
1084.83
1094.25
1099.11
1092.72
1092.84
1120.98
1130.84
1116.97
1103.99
1094.12
1118.95
1091.96
1083.87
1062.24
1045.51
1046.38
1051.67
1057.72
1073.47
1045.82
1053.25
1055.6
1041.86
1041.78
1039.36
1051.41
1038.38
1054.5
1063.61
1070.75
1073.17
1069.71
1096.28
1090.96
1072.04
1077.28
1071.61
1084.76
1094.41
1078.54
1071.96
1063.47
1078.49
1076.95
1099.75
1100.37
1093.74
1071.1
1092.76
1096.97
1096.29
1093.94
1062.3
1054.9
1060.18
1053.51
1066.36
1060.96
1059.17
1066.17
1060.73
1084.91
1072.57
1071.27
1062.76
1051.95
1060.31
1063.28
1069.87
1060.36
1069.57
1067.32
1087.32
1063.14
1068.27
1071.62
1075.66
1084.58
1093.92
1084.85
1102.16
1086.39
1065.59
1066.32
1064.36
1091.65
1059.88
1057.42
1050.19
1048.52
1069.67
1083.26
1092.81
1087.64
1070.16
1091.04
1082.04
1070.44
1057.75
1072.58
1076.78
1124.39
1146.41
1147.93
1139.57
1111.05
1109.85
1111.27
1093.59
1110.69
1109.41
1114.82
1132.74
1120.08
1120.17
1128.02
1108.14
1114.01
1127.14
1124.08
1111.21
1116.96
1114.99
1130.8
1115.84
1103.74
1113.01
1104.21
1130.06
1126.1
1124.26
1112.85
1117
1130.72
1142.26
1124.67
1105.02
1113.82
1116.96
1108.31
1097.57
1111.89
1106.66
1105.29
1102.28
1098.08
1134.36
1132.67
1121.92
1109.24
1092.76
1095.35
1093.4
1082.78
1094
1091.89
1085.04
1088.48
1094.21
1092.62
1102.03
1082.85
1078.09
1070.92
1079.6
1071.18
1069.13
1071.83
1076.27
1074.81
1073.58
1070.17
1060.46
1082.23
1084.89
1074.08
1077.05
1072.69
1069.15
1091.92
1071.96
1083.28
1082.94
1091.13
1090.93
1091.6
1097.43
1101.13
1082.54
1096.39
1101.03
1112.28
1110.31
1085.81
1086.88
1073.97
1075.24
1062.59
1060.97
1072.93
1084.43
1070.53
1071.52
1070.23
1072.67
1073.25
1067.05
1068.53
1098.78
1079.39
1074.17
1069.56
1066.99
1073.73
1077.88
1070.79
1083.51
1087.3
1079.14
1098.77
1100.12
1074.03
1071.84
1088.01
1082.39
1091.26
1108.8
1092.99
1103.04
1078.04
1077.28
1085.87
1076.5
1078.28
1076.52
1092.92
1098.55
1093.13
1087.8
1077.73
1073.53
1111.1
1094.91
1089.02
1069.3
1070.54
1073.61
1073.87
1079.4
1060.69
1071.98
1072.99
1085.85
1079.25
1076.84
1096.89
1096.7
1105.26
1096.06
1089.49
1077.03
1079.65
1068.86
1078.34
1070.02
1085.17
1093.06
1084.32
1077.17
1055.78
1072.94
1057.95
1059.24
1058.44
1055.59
1061.84
1066.63
1049.25
1056.06
1056.01
1049.64
1039.45
1066.97
1060.86
1060.64
1043.6
1051.24
1055.33
1047.1
1036.62
1042.01
1048.07
1031.97
1036.98
1048.64
1047.95
1033.75
1040.95
1039.58
1036.55
1034.91
1043.33
1041.61
1039.86
1046.3
1062.45
1073.2
1035.8
1058.82
1046.69
1054.88
1045.72
1046.81
1050.54
1044.21
1031.36
1021.28
1030.62
1021.1
1033.58
1030.31
1031.8
1026.78
1035.69
1036.4
1047.41
1049.41
1045.66
1041.38
1051.29
1041.06
1038.09
1027.78
1029.78
1029.99
1028.81
1047.57
1045.56
1041.37
1038.2
1038.77
1031.31
1023.39
1029.25
1023.63
1014.74
1029.2
1044.06
1038.76
1049.26
1022.79
1024.29
1023.26
1023.69
1022.6
1035.64
1035.89
1024.51
1011.58
1015.86
1015.1
1001
1012.26
1015.36
1011.48
1022.21
1018.59
1027.54
1018.95
1018.44
1012.4
1022.9
1024.44
1023.81
1021.08
1031.37
1033.07
1026.08
1021.98
1014.75
1011.75
997.632
997.31
1001.08
999.496
1012.97
990.178
992.294
994.086
1006.72
1006.72
1008.32
997.221
992.049
1002.39
1009.94
1009.37
1006.5
995.782
993.069
1002.93
1001.25
1005.26
1001.89
1011.16
1016.61
1008.99
1014.9
1028.61
1026.31
1013.41
1013.41
1031.6
1035.89
1016.59
1012.53
1012.61
1010.76
1009.46
1013.09
1020.86
1003.33
1008.01
1014.65
1021.1
1017.01
1010.82
1016.9
1008.54
1006.87
996.197
998.275
998.587
1003.36
1000.66
993.069
995.984
990.113
994.971
994.836
996.948
1010.89
1015.23
1035.4
1024.42
1010.63
1003.03
1004.38
1011.16
1009.89
1000.51
1007.61
996.664
994.172
994.955
1008.02
1003.81
1005.19
1008.43
1023.55
1025.68
1011.54
1002.86
1007.31
1004.08
1022.74
1028.42
1023.56
1012.74
1012.04
1008.25
1000.28
998.901
999.448
1015.96
1025.42
1018.06
1009.1
1006.6
1014.34
1010.94
1013.38
1005
1004.5
993.059
994.588
997.147
999.452
993.286
995.081
1001.98
993.503
986.036
981.29
990.733
989.813
995.411
998.976
1007.33
1006.48
993.075
991.657
990.944
990.661
996.954
1000.23
997.855
998.608
995.314
992.65
986.767
985.425
988.884
994.715
1001.22
999.646
1002.98
998.274
993.016
1005.12
985.376
987.6
985.371
982.152
992.89
989.922
990.796
981.738
989.75
989.272
986.423
993.375
999.072
991.004
976.996
992.691
1003.83
1005.93
1002.12
1004.31
1005.72
1019.46
1016.87
1023.91
1017.36
1006.46
1009.2
1012.42
1011.23
1007.56
1007.36
999.797
1006.92
1005.6
1010.28
1009.92
1002.82
1003.68
998.05
983.732
981.833
982.142
983.886
988.379
993.212
1003.47
999.573
998.844
988.768
997.417
997.639
994.643
980.166
987.691
993.405
1000.34
986.456
984.799
977.052
987.119
984.712
974.245
975.857
967.513
975.286
975.223
982.016
975.987
973.466
973.853
967.612
971.419
958.793
962.715
962.442
977.665
983.743
976.862
980.786
988.002
981.018
973.93
974.524
973.197
981.758
987.72
977.082
994.582
994.231
984.944
984.02
994.265
988.812
986.787
985.531
979.368
980.736
989.531
996.32
988.25
991.521
990.769
983.181
972.668
969.237
972.981
977.861
968.924
966.382
964.776
967.867
966.194
959.324
959.263
959.549
951.341
944.346
953.908
956.247
974.082
967.514
965.926
966.488
972.913
976.562
982.012
980.606
979.175
981.806
975.116
981.023
979.778
971.847
971.384
972.025
982.339
981.012
968.633
975.019
973.505
977.383
980.231
974.96
976.367
962.639
960.603
962.525
975.239
977.74
972.298
967.829
964.026
962.731
954.496
952.247
955.762
979.418
967.363
970.54
971.062
965.594
964.658
973.283
967.76
965.216
966.496
979.023
973.564
979.336
967.239
961.655
966.419
988.862
986.289
987.696
981.09
981.188
992.566
989.823
989.792
989.63
982.126
977.043
974.251
974.88
975.453
978.553
983.683
979.171
979.407
987.372
986.189
976.232
970.728
966.444
983.532
991.06
979.299
991.497
987.225
990.671
989.058
972.676
967.335
952.303
949.858
958.316
950.493
951.515
958.726
954.335
953.941
953.171
941.995
936.202
934.257
933.109
937.382
943.414
938.078
947.837
946.478
941.363
935.533
937.727
936.113
941.994
940.989
944.483
949.44
943.779
946.87
943.063
956.951
945.782
947.001
952.942
953.18
953.747
948.885
936.9
939.884
945.67
950.173
944.575
941.645
944.763
940.299
944.396
951.119
951.905
948.785
941.301
948.914
940.823
935.132
941.284
941.657
946.183
944.591
945.674
947.494
946.175
952.818
945.157
942.25
932.324
934.332
933.615
933.303
934.61
939.368
934.884
940.439
935.22
934.375
929.682
931.007
942.162
928.293
929.898
923.889
927.201
934.891
929.123
928.588
928.862
928.717
926.514
935.528
939.801
935.337
923.284
930.445
928.267
925.288
932.304
934.084
944.16
951.023
952.152
953.809
958.428
946.345
943.209
932.642
935.319
931.452
931.605
929.64
922.467
927.275
928.221
933.02
932.685
947
946.935
947.76
952.004
939.659
928.554
927.104
926.95
941.241
941.405
934.261
935.227
931.785
929.933
930.957
939.908
925.421
928.617
926.74
926.663
937.323
934.597
935.571
944.609
940.243
938.62
938.654
926.114
923.029
922.638
927.375
920.741
921.088
931.576
923.091
916.081
911.941
907.902
910.627
910.068
907.877
913.329
922.126
915.327
918.459
916.18
912.302
913.607
917.16
914.801
924.648
926.762
922.518
923.061
925.516
932.886
925.995
928.272
934.319
924.882
918.338
919.34
928.22
920.705
918.556
912.486
908.688
907.16
922.969
914.834
917.479
911.35
916.104
913.45
915.597
915.715
911.723
909.22
912.664
918.539
926.479
932.266
920.501
926.536
930.256
916.746
919.322
926.151
931.764
937.368
928.334
922.353
917.259
912.616
910.871
913.357
920.536
908.148
913.692
915.395
909.464
906.877
906.852
905.625
911.388
904.382
909.174
907.408
903.28
904.011
903.275
912.193
910.837
912.259
917.54
912.6
922.352
913.765
905.054
912.696
917.725
918.828
917.637
922.903
928.455
923.167
910.319
916.415
916.627
923.751
909.883
912.327
911.981
920.577
915.449
909.598
908.559
911.73
907.447
907.102
920.889
914.188
910.774
899.476
897.243
897.584
899.849
898.573
898.658
903.082
902.986
898.934
901.459
905.703
906.417
905.009
908.209
903.356
900.366
908.354
910.15
904.148
902.304
904.837
896.323
895.67
900.173
900.472
904.388
901.731
901.019
897.848
902.518
901.023
898.458
894.896
897.638
900.834
896.691
903.697
907.687
896.198
898.631
904.521
892.626
891.345
893.375
900.575
897.074
902.082
905.532
904.853
903.191
907.91
909.192
904.627
910.377
916.992
911.299
907.11
906.356
898.724
903.834
905.624
902.081
898.583
904.972
896.777
896.762
891.355
897.719
886.587
880.412
878.249
885.518
889.188
890.294
887.884
891.052
889.569
884.295
878.173
884.642
888.652
891.162
898.823
898.459
889.754
894.965
891.597
894.525
894.56
888.902
907.233
899.298
896.106
891.875
893.809
889.424
892.473
897.171
893.246
892.549
887.082
888.695
893.269
895.01
895.205
891.454
888.026
890.56
889.77
885.467
891.498
885.796
890.186
894.974
898.281
896.624
893.072
890.386
891.623
879.066
879.075
884.212
887.888
885.977
877.383
879.685
883.728
885.308
893.943
898.029
899.114
896.928
887.744
888.684
894.938
897.232
890.857
894.079
893.172
888.324
889.818
893.066
882.961
884.323
886.828
888.098
882.181
884.149
891.504
890.699
896.524
883.983
889.263
890.679
898.557
890.841
883.306
884.357
882.686
890.671
889.754
885.172
880.115
887.41
888.588
890.769
899.13
886.155
886.734
891.471
884.221
879.146
883.936
880.902
879.65
876.144
872.776
878.721
873.571
877.683
878.947
874.72
871.229
872.296
875.66
879.115
875.104
883.024
885.363
889.058
885.939
881.67
882.414
882.872
872.823
874.836
871.863
870.157
867.837
870.51
873.662
874.117
868.176
868.338
868.208
863.266
864.635
863.14
867.932
866.994
860.945
862.053
868.984
865.372
861.115
861.774
869.799
869.173
869.767
875.266
871.09
866.86
859.275
863.636
868.113
873.799
872.43
867.376
874.347
873.435
871.188
873.442
873.739
869.78
867.482
868.072
869.513
868.841
865.476
867.729
880.304
885.375
878.768
868.794
869.93
870.6
875.036
875.447
876.53
873.132
876.249
876.807
876.384
880.77
880.274
881.902
879.164
878.625
876.925
879.729
885.237
888.975
883.61
876.481
871.368
873.517
876.68
873.478
876.928
874.722
868.496
869.047
870.063
871.088
873.481
876.893
879.677
885.895
877.264
875.624
875.812
878.077
872.939
878.682
870.78
869.987
872.882
872.238
871.982
876.266
870.395
869.757
869.816
874.824
876.843
879.275
875.457
868.074
864.419
860.636
854.343
862.363
859.845
854.152
852.294
857.836
859.51
866.49
866.204
858.332
862.744
864.99
866.396
866.77
867.483
864.325
866.308
869.8
866.657
868.752
862.268
861.225
849.646
846.23
847.439
847.431
850.555
851.861
847.008
852.616
849.285
852.028
851.437
853.159
852.605
850.772
854.37
853.795
852.798
857.562
849.627
846.944
848.849
852.438
858.057
857.933
858.69
855.921
854
849.769
847.78
846.417
841.651
845.073
841.51
844.274
844.823
847.195
851.359
852.115
847.512
848.438
854.363
859.864
858.18
859.883
856.095
851.518
844.007
846.231
839.829
835.605
844.184
849.419
846.845
843.953
839.597
834.429
839.457
835.512
834.552
836.28
838.489
843.679
840.822
844.699
841.241
836.257
833.968
831.728
835.189
837.848
839.21
839.632
836.148
831.965
825.118
830.572
823.446
825.213
823.164
824.501
823.634
826.15
817.495
822.47
827.166
829.626
831.137
827.931
826.268
823.363
824.602
827.666
831.603
830.589
828.175
826.642
824.26
826.189
830.386
835.994
825.1
819.21
821.07
822.625
820.241
816.687
819.164
820.8
821.76
827.647
827.932
826.17
829.316
829.081
830.453
831.373
834.816
835.26
829.654
829.855
829.721
828.19
829.325
825.522
819.446
817.621
822.796
825.285
828.763
824.515
823.61
827.852
825.98
823.942
827.097
828.622
824.89
823.358
819.468
817.93
818.994
819.422
819.273
817.397
813.346
814.475
814.713
819.533
818.919
819.708
818.761
818.982
818.765
821.755
828.526
829.405
832.461
835.212
831.87
831.827
831.787
823.97
824.734
832.121
830.266
832.58
822.752
817.834
815.376
820.83
819.444
820.539
819.825
818.341
817.03
816.447
810.263
814.804
815.328
813.65
813.836
818.86
815.699
818.474
818.155
814.01
815.003
812.618
805.804
807.832
809.723
814.13
813.409
811.559
806.441
802.643
805.317
806.971
802.299
803.873
800.194
800.776
797.54
795.856
799.201
799.742
802.395
801.42
797.563
799.123
797.787
800.59
799.359
800.557
801.193
797.452
796.942
794.119
792.62
788.326
785.816
787.563
788.501
789.592
792.685
790.714
789.131
790.47
788.249
790.162
786.699
788.794
784.145
784.068
787.551
786.9
787.094
789.067
789.334
792.123
796.797
794.159
794.069
790.827
795.05
802.213
799.782
794.389
791.989
792.638
790.007
792.239
790.321
792.639
794.236
791.506
791.685
791.406
790.772
793.548
790.382
783.997
785.127
782.008
779.519
777.64
783.142
783.349
786.193
785.436
784.609
782.525
785.164
780.041
777.607
779.854
776.461
777.196
776.399
776.883
775.334
771.788
771.879
771.698
773.414
774.314
774.313
778.135
774.477
774.853
778.797
776.574
777.524
774.35
776.954
778.952
774.178
776.639
776.392
774.039
773.079
771.989
770.39
771.522
773.34
774.294
774.115
774.454
774.371
773.685
771.969
771.06
770.43
771.548
769.357
769.04
769.568
770.5
769.56
769.654
770.713
771.08
773.817
774.599
770.548
773.571
771.976
768.769
769.747
771.506
773.525
771.382
770.141
768.602
762.327
761.723
757.58
764.102
770.16
766.763
767.705
766.913
770.005
771.006
766.657
768.375
766.015
768.083
769.003
767.18
764.048
763.309
768.838
767.405
767.194
771.978
767.198
764.524
760.738
763.93
766.906
762.709
764.904
766.678
762.336
758.177
759.4
761.284
763.181
762.803
762.774
763.74
764.242
766.489
766.962
764.476
759.692
759.476
759.861
760.061
760.292
760.894
757.728
755.789
756.989
759.039
757.385
757.534
762.821
763.74
760.311
760.452
761.338
761.224
756.188
755.788
751.037
753.715
754.79
750.462
756.896
755.718
757.258
753.635
756.858
754.929
756.125
755.192
752.733
753.005
749.243
748.57
750.859
750.406
752.742
750.197
755.262
758.327
761.411
758.98
757.063
755.028
754.963
753.653
754.63
754.943
753.718
754.71
755.152
752.596
752.185
753.655
754.416
753.016
751.404
748.591
751.045
754.236
753.228
752.086
752.283
752.504
749.338
748.813
747.06
742.664
744.872
743.551
743.383
743.378
745.875
746.324
745.608
743.72
745.483
746.229
744.655
745.814
745.84
746.579
748.426
745.885
745.131
745.14
747.462
749.11
753.283
755.953
755.262
755.577
752.737
753.099
755.746
753.129
752.516
750.51
745.557
744.343
747.621
749.012
748.208
747.499
746.225
743.834
746.19
747.434
741.591
741.919
743.467
741.942
741.338
742.241
742.099
740.226
737.383
738.848
739.576
741.729
743.031
744.439
745.584
749.895
747.9
747.002
747.453
748.506
749.03
746.505
746.355
746.056
747.107
747.73
748.901
748.771
748.922
746.05
750
749.896
750.519
750.319
751.241
749.587
749.71
752.8
754.263
748.449
749.003
749.122
747.039
751.016
749.808
748.171
747.749
747.916
746.587
747.494
748.847
750.868
752.741
754.069
756.825
756.575
756.131
754.735
753.472
749.348
747.938
746.468
746.294
749.118
749.175
748.639
751.414
750.994
752.246
752.548
753.416
753.36
752.351
750.732
751.771
747.061
745.367
746.691
750.036
746.84
750.829
746.766
745.488
741.632
746.438
748.214
745.808
746.324
748.471
746.313
744.414
742.936
746.28
750.34
750.128
749.546
750.804
753.999
754.274
750.837
749.607
748.237
744.207
744.421
746.161
746.056
745.464
744.687
745.07
742.701
742.891
740.156
739.499
737.515
736.702
738.041
737.856
738.832
740.246
738.78
741.85
738.966
738.702
738.567
736.732
735.628
735.354
736.468
738.851
737.065
736.033
735.961
737.258
741.981
744.185
745.207
739.613
742.948
740.183
737.423
740.373
741.578
738.977
736.081
736.107
736.43
735.694
734.205
735.971
737.053
741.532
738.751
738.768
735.843
737.118
733.148
734.419
734.139
735.711
731.894
732.318
731.05
731.935
732.119
730.6
729.647
728.41
731.232
729.16
728.361
729.257
730.898
733.852
731.51
731.4
733.245
733.332
735.596
738.059
737.401
734.693
735.234
738.579
738.468
734.35
734.389
734.711
733.274
736.222
735.505
737.885
738.93
740.672
743.803
739.526
737.384
736.709
736.679
735.893
737.596
739.504
737.708
738.195
738.439
735.549
738.039
736.924
733.819
733.986
732.031
736.163
733.255
734.075
733.779
734.161
734.502
733.615
732.535
732.695
735.211
733.299
732.377
732.105
731.647
732.224
730.719
731.313
733.027
730.839
732.803
733.191
730.781
729.641
729.814
731.909
732.138
731.757
732.204
733.016
731.616
728.551
728.629
728.323
729.73
729.598
729.497
731.63
729.628
731.802
733.138
734.516
733.931
732.729
732.084
731.911
732.747
735.288
733.612
732.557
733.252
733.795
734.481
733.95
733.389
731.322
729.654
728.011
728.764
729.822
728.836
728.46
727.316
731.445
730.184
731.26
729.892
730.404
731.149
731.693
732.905
733.056
730.914
729.44
732.021
734.249
735.144
735.706
734.791
734.885
734.398
733.202
732.914
735.694
734.813
736.32
735.249
733.542
735.63
734.875
732.533
734.022
733.785
733.112
733.112
733.81
734.275
735.774
732.4
734.132
732.299
734.067
735.477
734.628
734.094
734.836
734.287
731.878
730.741
727.529
726.174
726.233
726.824
725.248
723.892
723.885
727.273
730.746
728.24
726.549
726.669
726.85
727.996
726.63
727.053
725.021
726.414
726.009
723.452
724.456
726.006
726.232
726.856
726.617
724.871
727.45
728.282
730.303
726.574
724.808
725.453
724.546
726.497
726.629
727.463
726.827
726.317
726.833
727.867
725.437
724.155
725.573
728.123
726.929
725.145
724.67
726.639
727.052
727.974
727.748
730.721
725.619
724.394
725.866
726.294
723.398
725.387
726.121
724.688
723.473
721.414
721.595
721.455
721.154
724.795
720.491
723.557
723.009
722.061
720.075
718.713
718.628
720.309
719.705
716.336
717.34
718.056
718.494
720.911
718.617
720.52
720.553
720.9
721.64
720.088
719.596
719.835
718.807
719.591
719.582
717.568
716.231
717.289
715.606
716.555
714.673
716.086
718.028
718.2
718.365
719.445
720.683
719.969
719.698
718.489
719.779
719.708
720.545
719.869
719.878
719.596
718.579
719.881
721.775
722.506
722.186
722.517
721.129
718.505
719.486
720.828
721.664
719.218
722.34
720.693
721.477
722.861
724.227
720.905
720.907
720.69
718.621
717.054
715.386
715.634
715.172
716.968
716.072
716.887
718.056
718.706
720.066
719.086
718.904
717.822
719.331
719.258
722.375
723.038
722.04
722.164
721.16
720.723
719.099
718.247
720.302
719.407
719.462
716.599
716.058
715.644
714.623
713.568
714.18
714.022
713.485
712.009
715.232
713.857
712.018
712.409
711.95
711.022
709.535
708.076
708.414
709.544
706.746
709.635
707.81
709.42
709.627
710.154
711.144
709.213
709.01
707.796
708.349
709.95
712.353
713.402
714.38
715.777
715.638
715.256
713.248
714.02
713.364
711.818
714.311
715.239
713.69
713.333
710.285
709.116
708.427
709.655
711.446
713.353
712.512
713.398
712.534
713.554
712.39
710.671
708.644
707.428
706.047
706.583
706.738
706.026
705.391
706.44
706.873
704.996
704.724
703.387
706.501
707.434
709.098
710.533
707.063
706.936
704.527
706.033
707.332
705.539
705.987
705.923
705.719
708.102
707.176
709.243
710.146
707.653
707.009
709.289
707.974
707.921
708.822
708.59
705.148
706.329
704.384
702.524
701.364
704.359
704.861
702.783
701.861
702.73
701.627
702.073
702.245
701.676
701.836
700.677
701.002
701.487
701.749
700.971
701.827
703.249
701.169
703.368
704.033
704.402
702.514
702.221
702.674
702.758
703.5
703.845
705.07
707.849
708.288
706.533
704.537
702.973
704.243
700.423
701.485
700.63
700.204
700.662
700.131
701.074
698.29
699.787
698.653
697.012
697.698
696.82
697.59
699.222
699.988
700.306
699.376
699.954
700.174
700.72
700.994
701.287
701.65
701.61
701.187
700.45
699.771
699.976
698.735
700.009
699.863
702.049
700.382
699.072
699.239
697.683
696.326
694.096
697.273
696.658
695.31
695.347
695.576
697.827
698.245
698.385
697.657
698.158
698.238
698.331
697.589
698.621
697.601
696.757
696.512
696.506
697.003
697.145
695.764
696.32
696.286
695.834
697.15
696.507
696.92
697.631
696.495
695.438
695.861
695.765
696.581
697.066
695.081
695.71
696.318
697.403
695.642
696.3
696.916
696.027
695.627
696.496
697.434
697.472
697.633
698.497
697.912
696.092
696.468
697.427
698.103
696.484
693.471
695.254
695.411
696.144
695.901
696.174
696.158
697.679
697.654
697.984
697.4
696.386
695.189
693.302
695.455
696.981
697.018
696.62
694.877
695.154
694.407
695.479
694.595
694.069
693.443
693.472
691.999
693.378
694.052
695.318
695.442
696.01
696.825
695.931
695.12
695.054
696.41
696.26
695.403
695.414
696.873
697.797
698.223
699.686
699.269
698.304
699.445
700.361
700.969
699.096
699.01
698.342
698.579
697.091
696.729
696.045
695.349
694.109
694.205
694.074
693.625
693.793
693.952
695.807
693.961
694.79
694.645
694.766
693.636
692.95
693.38
691.8
692.647
692.868
691.921
690.929
691.581
692.47
691.57
689.427
689.622
689.98
690.961
690.854
690.851
689.682
690.839
690.714
690.464
690.286
689.753
690.406
690.92
689.774
689.924
691.947
691.566
692.247
692.201
692.999
691.942
691.563
691.502
691.386
691.022
692.985
692.237
693.087
692.606
694.544
694.371
694.137
694.088
693.187
693.904
693.512
692.781
691.127
691.529
692.053
692.971
693.642
694.967
695.358
694.93
694.82
693.04
693.09
693.462
693.993
692.949
693.409
693.95
693.02
693.853
693.879
694
695.032
695.358
693.93
696.824
695.735
696.025
693.629
694.47
695.495
694.798
694.614
695.342
695.21
692.809
692.752
692.351
691.871
692.215
693.206
694.374
694.32
691.754
692.427
693.188
692.021
690.496
690.223
690.757
690.525
690.716
690.596
691.781
692.178
693.05
693.104
693.489
693.595
693.281
693.431
694.513
695.064
696.006
696.455
694.097
693.855
694.868
694.224
694.262
695.455
693.969
692.076
689.026
689.659
689.409
689.921
689.939
690.252
688.724
688.554
688.516
688.935
689.172
688.944
688.929
687.831
686.774
686.965
687.754
687.387
687.473
688.439
688.123
688.564
689.44
689.508
689.612
689.482
689.074
689.263
689.883
687.96
687.964
687.935
686.956
687.612
686.166
686.011
686.425
686.012
685.754
686.056
685.654
686.11
688.282
689.55
688.014
686.993
688.272
688.376
686.338
686.313
686.814
685.616
686.579
686.968
686.127
685.554
685.553
685.084
684.958
684.653
685.095
683.987
683.971
683.381
683.46
683.896
684.565
683.961
684.243
685.667
685.229
685.733
686.227
687.202
686.327
685.395
684.678
684.463
685.473
686.143
685.252
684.696
683.96
682.854
683.644
682.952
683.26
683.531
684.284
684.136
685.672
685.526
684.868
685.469
684.734
685.452
684.998
685.423
686.179
686.388
686.585
685.64
686.075
685.633
684.671
684.05
684.503
683.24
682.941
682.612
682.86
682.82
682.645
682.588
683.756
684.02
683.851
683.496
684.19
684.268
684.789
684.563
684.832
684.483
682.842
683.568
683.159
683.905
684.528
685.188
685.76
684.864
685.735
686.912
686.846
687.305
687.469
688.128
688.097
687.501
687.442
687.995
688.021
688.062
688.198
687.646
689.076
688.415
687.241
687.084
687.291
687.699
688.736
687.386
687.942
688.752
688.161
687.843
686.289
687.267
687.257
687.205
686.851
687.24
687.505
687.758
687.257
687.104
686.193
686.861
687.673
687.108
688.231
686.705
686.605
686.835
686.068
686.591
686.194
687.307
685.872
686.418
687.211
687.196
687.106
688.166
687.748
687.346
687.811
687.128
685.677
684.911
685.88
684.893
684.707
685.264
684.441
685.283
684.732
684.842
685.724
685.764
685.949
686.099
686.559
686.05
685.978
687.264
687.54
685.806
685.899
686.193
685.371
684.949
685.384
685.23
686.614
686.311
685.497
685.699
685.738
684.766
685.356
684.198
683.946
684.619
685.527
683.992
682.98
683.426
683.568
685.812
686.017
686.126
685.918
686.948
686.766
686.447
686.45
686.02
685.92
686.142
685.926
685.745
685.515
685.775
686.62
685.968
687.034
687.671
687.384
687.236
686.964
687.481
688
688.359
687.58
687.931
687.292
687.73
688.087
687.285
687.286
686.771
686.799
688.25
688.717
687.508
687.601
687.703
686.856
686.635
686.893
687.25
687.145
686.498
686.057
686.08
687.934
686.95
687.113
686.377
685.368
685.229
685.945
685.755
685.705
685.05
684.726
685.382
685.328
686.363
687.439
687.744
688.398
687.356
686.257
687.45
688.19
688.22
688.039
687.938
687.929
686.905
687.086
687.153
686.652
685.617
685.865
685.347
685.435
683.535
685.003
685.31
685.331
684.617
685.191
685.375
684.799
685.349
685.109
685.423
684.023
682.932
682.284
683.196
682.9
681.372
681.875
682.013
681.66
681.113
681.555
680.608
680.508
680.446
679.52
678.811
678.975
679.898
679.519
680.341
680.938
681.146
681.148
679.898
678.85
678.872
679.571
679.023
678.637
679.039
679.793
679.795
679.78
679.142
679.063
679.572
679.66
679.559
679.344
678.88
680.194
680.124
680.989
681.228
681.583
680.419
680.305
679.887
680.041
680.814
679.091
678.648
679.548
680.001
680.04
680.02
679.384
679.397
678.478
678.254
677.998
679.34
679.018
678.983
678.955
679.111
678.515
678.152
677.451
677.371
677.043
676.789
677.09
678.465
679.585
679.983
679.202
679.286
678.143
678.204
678.238
678.532
678.862
678.568
679.115
678.843
679.103
678.647
677.64
677.846
678.423
678.393
677.539
676.478
676.549
676.632
677.28
676.82
677.453
677.977
677.835
677.43
677.222
676.99
677.416
677.233
676.316
676.326
677.169
677.902
676.487
676.331
676.43
675.939
675.825
675.893
675.296
675.041
675.444
675.127
675.32
675.623
675.309
675.325
675.052
675.371
675.651
676.023
677.389
676.503
676.341
677.137
676.823
677.207
677.898
677.318
675.927
675.747
675.906
675.764
676.282
676.113
675.436
675.245
674.43
675.588
676.126
675.754
674.788
674.504
675.997
675.784
675.661
675.986
676.037
676.586
675.48
674.951
674.942
675.472
674.885
675.92
675.982
676.088
676.77
676.63
677.329
677.353
677.467
677.219
676.171
676.759
677.134
676.568
677.153
677.118
676.277
676.78
676.983
676.782
677.308
677.453
677.464
676.318
675.856
674.725
674.664
674.967
675.856
676.035
676.287
676.238
675.567
675.224
675.189
675.68
675.983
676.644
675.899
675.977
675.849
677.132
677.688
677.13
676.877
677.097
676.65
676.377
676.084
675.331
675.651
674.913
674.722
674.604
674.585
674.737
673.878
673.862
673.76
672.669
673.272
673.309
673.453
673.734
674.11
673.868
674.262
673.914
674.007
673.964
674.328
673.822
674.862
674.192
673.715
674.142
674.371
674.756
674.479
674.293
674.416
674.4
673.738
673.078
673.135
673.97
674.098
674.845
674.397
674.382
673.986
674.676
