Mut_X Mut_Y Mut_Size Mut_Rot Mut_R Mut_G Mut_B Mut_Type Time_Sec
72409 73383 83873 75644 83663 83191 83294 69797 2165.05
0 0 0 0 0 0 0 0 2165.05
--- Historial MSE por cambio de temperatura ---
20450
20522.7
20322.7
20368.5
20754.5
20658.2
20653.6
21225.7
20713.2
20970.2
20658.1
21075.6
21130.6
20808.6
20803.2
20697
20758.9
20949.3
20893.8
20782.8
20341.3
20900.2
20845.1
20739.5
20419.6
20683.7
20829.2
20975.1
20628.5
20947.1
20501.1
20221.3
19958.1
20005.6
20409.2
20129.8
20367.9
20443.1
20259.9
20154
20235.9
20387.4
20161.3
20643
20546.9
20122.1
19954.3
20303.3
20834.3
20698
20832.9
20586.5
20435.1
20555.8
20323.1
20769.9
20596.3
20665.4
20883.3
20627.6
20894.3
20405.3
20127.6
20669.9
20461.5
20780.9
19982.6
20245.3
20329.5
20347.5
20631.7
20075.5
20242.3
19828.8
19785.8
20191.5
19911.9
19922.2
20057.6
20056
20220.7
20208.2
19756.6
20417.4
20425
20112.4
20615.5
20463.4
20489.9
20512.5
20832.6
20273.7
19772.2
19854.6
19988.9
20270.9
20145.8
20410.7
19969.1
20221
20082.7
20253.7
20201
20246.3
20310.3
20619.9
20886
20971.9
20612.9
20502.3
19937.2
19857.3
19878.4
19708.6
19749.9
19573.3
19586.2
19718.8
19829.1
19670
19710.4
19298.5
19122.8
19049.9
19745.4
19124.3
18807.7
19093.7
19177.2
18926.5
18960.4
19084.4
19406.7
19476.6
19172.5
19105.9
19496.7
19540.6
19777.6
19161.3
19252.2
18746.2
19186.1
19713.5
19426
18922.8
19028.9
18949.8
18744
19106.9
19740.3
19377.8
19204.3
19354.8
19375.5
19187.6
19336.6
19197.5
19431.1
19401.2
19366.3
19352.3
19441
19464
19356.6
19927.5
20042.5
20213.6
20452.3
19854.1
19530.5
20011.2
19454.2
19945.8
20288.5
19705.5
20021.4
20186.7
20229.2
20326.2
20002.5
20064.7
20204.1
20777.6
20588.6
20101.2
20358.1
20155.4
20352.6
20645.8
20408.8
20189.7
20185.7
19917.8
20116.6
20005.7
19231.9
18903.6
19560.8
19688.9
19935.7
19842
20224.2
20318.5
20175
19970.5
19826
19415.2
19842.2
20414.6
20135.6
20396.6
19993.4
20099.6
20082.4
19833.1
19865.9
19841.8
20139.5
20347.8
19864.4
19427.4
19830.7
19893.2
19933.4
19467.4
19414.7
19281.7
19252.1
19241.9
19296.5
19169.4
19028.7
19787.5
19962.1
19508.5
19022.1
19266.7
19357.4
18983.8
18651.9
18585.6
18396.7
18273.6
18598.7
18475.4
18883.9
18932.4
18974.6
18962.8
18967.6
19182.8
18925.3
18622.2
18599.9
18902.9
19142
19315.4
19260.5
19115.2
19229.4
18470
18099.1
17975.4
17757.1
18175.2
18199.1
18527.2
17895.5
18193.5
18358.2
17927.8
17996.5
17876.5
18379.8
17935.6
18172.3
18539.5
18756.5
18682.7
17805.9
17955.3
18020
17778
18222.9
18036.7
18181.8
18136.2
17870.5
18179.9
17891.5
18540.2
18292.4
18044.8
18397.2
18369.7
18070.5
18854.5
18008.4
18404.2
18137.8
18571.2
18837.5
18926.8
18856.2
18239.2
18163.9
18230.8
18283
18195.1
18376.9
18424.5
19102.5
19636.4
19067.9
19078.3
18404.3
18267.9
19626.6
19264.8
19463.4
19793.2
19543.7
19672
20002.5
19800.1
19985.2
20001.2
19429.9
19792.9
19600.2
19850.6
19348.3
19407.2
19073.7
19357.3
19424.4
19218.8
18564.3
19099.9
18608.3
19308.1
19078.2
18769.2
18521.3
18556.2
18598
18692.7
18524.4
19121
19327.1
19047.9
19415.4
19011.1
18989.2
18269.1
18128.3
18350.4
18292.2
18946.8
18645.1
18335.3
18399.4
18535.4
18909.4
18871.6
18400.5
18807
18833.7
19054.1
19046.7
18072.2
18105.4
18132.2
17990.3
18373.8
18470.6
18664.9
18111.7
18272
18565.9
18200.9
17744.4
17724.8
17215.4
16911.1
17360.5
17801.2
16734.7
17254.4
17018.8
16525
16545.3
17007.7
16491.4
16390.5
16572.4
17060.6
16646.2
16267.3
16237.9
16939.7
17245.6
17485.6
17305.4
16644.8
16855.3
16579.8
16731.7
16180.9
16278.6
16654.4
17029.6
17541.6
18035.1
18268
18079.7
17699.7
18088.4
18064.6
17994.9
18167.8
18390.9
17827.6
17761.1
17617.9
17571.2
17536.7
17751.2
18294.8
17865.9
17869.4
18226.8
17766.9
17189.1
17271.8
17469.6
16887.6
16407.6
16370.5
16433
17192.5
16544.3
17353.1
17745.1
17449.8
17751.7
17400.5
17058.5
16889.6
16541.5
16028.2
16647.5
16797.6
16782.1
16432.6
16445.4
16343.4
16901.5
16735.1
16708.7
16490.8
16597.6
16779.3
16927.1
17026.6
16739
17223.1
16979.3
16974.4
16655.4
16833.2
16697.6
17054.3
17242.8
17481.7
17556.3
17579.9
17935.1
18503.3
17998.6
17742.2
18334.8
17903.2
17833.3
17656.3
17709.6
17589
17140.2
16838.1
16772.8
17181.5
17477.8
17404.7
17719.2
17583.3
17721
17772.6
17165.1
16620.8
16638.6
17001.2
17350.1
16793.3
17332
17277.5
17381.6
16871.1
16948.2
16536.3
17194
17157.6
16685.6
16140.4
17221.8
16939.4
17664.7
16654.8
17085.9
16586.3
16465.2
16426.1
16259.4
16343.9
16411.2
16264.8
16968.5
16816.2
16668.5
16766.8
17172.2
17290.3
17604.6
16916.5
16232.3
17303.8
17813.7
17586.8
17776.3
17651.8
17778.7
17682.7
17657.7
17611.8
17803.6
17204.5
17363.8
16859.6
16729.3
16459
16819.8
16716.8
16649.9
16566.6
16965.1
17334.5
16770.1
16057.9
17307.8
16999.5
17013.3
16956.8
16668.8
16999
17608.9
18302.8
17797.2
17895.2
17492.3
17449.8
17208
17315.2
17174.2
17487.1
17061.2
16750.1
17242.2
16955.7
16533.5
16251.2
16156.4
16362.8
16599.3
16896.8
16553.6
16616.2
16363.2
16506.3
17440.8
17535.8
17332.1
17116.9
17090.7
16576.9
16611.4
16594.9
17161.5
17258.9
17628.4
17156.7
17114.5
17046.2
16471.4
16902.6
17087.8
16411.9
16842.7
16627.8
16200.6
16030.6
16121.8
16061.3
16033.7
15353.1
15835.9
15372.9
16268.7
16508.2
16216.6
16746.6
16468.4
16435.3
15523
15728.4
16329.4
16143.3
16699.6
16296.3
16426.8
16132.1
16501.8
16471.4
16627.4
16556
16347.9
15927.5
15836.7
15536.7
15729.3
15861.6
15039.3
15599.4
15572.9
15078.5
14982.5
15415.4
15735.5
15249.4
15143.6
15497.5
15540.3
15541.9
16254.3
15472
15615.4
15402
15735.9
16708.8
16822
16730.9
16266.2
16126.6
15758.7
15276.5
15238.5
15525.2
15424.4
15414.7
15895.2
15512.7
15527.5
15782.6
16016.8
16248.7
15721.8
15835.2
15600.8
15763.9
15805.7
15790.3
16316
16954.4
16727.5
16283.9
15806.9
15582.7
15946.7
16098.1
16832.5
18043.3
17554.4
17608
16778.1
16352.6
15812.5
16261.9
16471.3
16533.9
15979.4
16702.3
16291.5
15110.9
15484.3
15488.5
15513.8
15647.8
16012.8
15545.7
16523.3
16375.6
15902.3
16180.3
16306.9
17107.1
16800.3
16290.6
16475
16154.6
16368
16002.1
16258.8
15802.6
16101.7
15936.5
15594.2
15768.3
15632.4
15761
15785.6
15979.1
14637.2
14950.9
15271.2
15774.6
15739.1
15711.2
16339.6
15539.5
16234.4
15159.9
15248.5
15799
15922.4
15707.4
15610
15539.7
15654.8
15617
15324.5
15652.3
16955.2
16825.4
16886.5
16652
16415.4
16823.2
16646.6
15837.6
15554.2
15462.4
15622
15477.2
15381.7
15232.8
15382
16239
15933.2
15885.2
16480.7
16366.1
16519.5
15895.8
14916
15012.1
14886.2
14955.6
14670.3
14778.3
14688.7
14328.1
14104.5
14487.9
15042.8
13886.2
14042.2
13905.4
13715.2
13770.7
14168.9
14630.9
14670.4
14675.1
14469.9
14130.9
14084.3
14197.7
14187.6
14493.6
14666.3
14304.9
13652.5
13991.3
13667
13785
13675.3
13917.3
12906.3
13142.9
13056
13449.9
12835.4
12957.1
12687.1
12943
12588.2
12961.3
13478.1
13376.4
12739.9
12437.9
12640.6
12689.9
12915.8
12453.4
12477.7
12974.5
12958
13233.4
12965
12434.8
11901.9
12049.2
12512
12122.6
12369.5
12559.4
12019.8
11623.2
11287.2
12514.7
12854.3
12243.3
12287.4
12216.8
12535.2
12148.9
12190.7
12514.1
11545.6
11830.6
11160.8
10941.1
10775.2
10832.3
10654.1
10112.2
10052.1
10038.2
10450
10043.4
11428.2
11734.9
11248.2
11172.3
10653.9
11159.4
11454.9
10878.5
10951.8
11675.7
12107.3
13307.7
10817.2
10897.3
10350.5
10494.7
10272.4
9975.2
10500
11029.6
11149.3
12256.1
11968.8
11559.3
11746.6
11262.1
10889.4
11067.2
11170.8
11475.1
11840.8
11629.5
11637.2
11517.5
11366.2
11674.1
11483.3
11968.6
12467.5
12553.2
12599.1
12697
12740.1
12169.7
11721.2
11937.7
11451.8
11261.2
10774.6
11603.7
11462
11268.4
11474.8
11512.2
11558.1
11320.7
10793.5
11141.9
10807.1
10739.1
11013.8
10779.3
10366.8
11060.1
11328
11067.9
11038.5
11299.2
11199.5
11305.4
11129
11003.9
10200.3
10403.8
10773.2
10821.7
11050.7
10616
10074.9
10169.9
10316.6
10385.4
10495.6
10178.1
10338.3
9640.86
9547.7
10078.5
10000.9
10201.8
10584.7
10342.6
10259.7
9300.71
9957.92
10179.1
9755.28
9530.96
9603.45
10357.4
9362.96
9431.59
8774.87
9562.72
9713.51
9911.32
10215.5
10165.9
9936
9681.78
10133.4
10185
9625.34
9650.7
10147.3
10199.5
9991.6
9900.05
9491.45
9242.29
9292.79
9605.17
9261.13
9047.44
9018.33
9681.64
9250.95
8893.71
8997.13
9371.07
9620.85
9723.23
10210
9651.97
9593.74
9836.97
9262.68
9527.03
9932.38
9587.39
9539.58
9555.58
9120.39
9505.23
9744.8
9622.34
9654.04
8648.87
8421.89
8460.44
8311.92
8479.28
9158.92
8895.58
8468.93
8814.59
8535.71
8513.2
8250.28
8010.55
7651.23
7747.52
8164.33
8423.96
8391.96
7910.86
7845.62
8360.44
8907.78
8918.18
8684.3
8552.69
8466.36
8340.25
8221.14
8214.96
8301.85
7990.18
8066.05
7796.43
8015.45
7432.49
7742.12
7735.98
7597.28
7821.38
7453.5
7314.21
7561.5
7529.18
8366.88
8027.26
7135.52
7608.81
7494.7
7590.48
7409.78
7037.45
7250.37
7306.21
6733.65
6655.89
6871.95
7415.27
7231.76
7367.2
7025.66
6941.35
7260.52
7240.14
6738.85
7262.14
6983.13
7323.78
6767.01
6741.02
6805.49
7019.36
6773.01
7056.59
6954.38
6677.81
6561.23
6363.46
6359.59
5741.26
5900.83
5983.8
5791.54
5815.94
5745.97
5323.68
5001.51
4956.38
4987.42
5137.39
4973.98
5265.38
5502.95
5249.22
5289.28
6049.19
5581.95
6003.46
5621.33
5630.5
5637.28
5582.65
5598.75
5503.55
5190.52
5448.08
5793.05
5706.5
5048.7
4718.35
5212.11
5254.31
5230.2
5616.63
5441.4
5876.92
5784.39
5653.18
5430.89
5462.52
5667.74
5555.15
5323.21
5725.19
6001.61
5913.38
6161.84
6226.38
5914.34
5859.89
5961.9
5893.32
6167.19
5905.26
5777.54
6306.6
5960.75
5885.82
6132.71
6307.56
5953.56
6316.53
6599.54
6309.47
5994.68
5828.9
5737.54
5264.5
5254.68
5297.26
5382.92
5409.28
5653.19
5509.07
5101.66
5047.01
5127.03
4897.82
4893.33
4974.97
5094.07
4654.38
4832.41
4985.78
5107.4
5175.34
4823.15
4475.47
4318.72
4691.48
4644.37
4315.22
4391.93
4502.6
4567.28
4530.19
4398.32
4168
4209.45
4251.76
4140.65
3923.55
4056.84
3919.26
4215.78
3899.15
3787.84
3840.35
3726.03
3897.58
3783.63
3822.42
3902.75
3863.54
3536.74
3570.31
3624.11
3738.38
3951.93
4256.12
4304.25
4342.18
4109.59
3839.14
4096.38
4040.43
4050.17
3985.13
3632.06
3519.84
3462.64
3440.91
3185.84
3145.48
3280.46
2928.63
3147.64
2874.25
2819.08
3098.22
3073.1
3443.98
3317.81
3238.18
3380.29
3207.61
3153.47
3072.36
3371.25
3327.83
3153
3096.05
3059.35
3242.84
3201.63
3148.2
3363.8
3479.72
3235.08
3220.19
3152.15
3158.57
3042.46
3230.01
3170.42
3254.32
3347.69
3108.39
3253.45
3175.73
3655.11
3785.36
3490.3
3752.2
3653.94
3735.99
3708.76
3460.47
3622.24
3586.79
3701.12
3877.35
3750.28
3492.39
3468.42
3102.11
3390.77
3438.7
3195.61
3418.07
3452.97
3412.87
3591.02
3454.39
3408.54
3316.15
3137.89
3075.7
2834.48
2814.84
3018.57
2833.15
3157.14
3116.01
2976.18
2889.19
2888.45
2686.87
2661.45
2689.1
2893.08
3062.7
3058.56
3012.06
3154.76
3208.49
3015.67
2866.2
3113.61
2943.43
2969.53
2814.49
2733.27
2786.72
3040.99
3246.5
3250.03
3100.68
2903.83
2887.86
3168.08
3152.49
2750.44
2866.24
3004.2
3180.53
3174.15
3076.27
2982.76
2824.57
3055.93
3080.96
2948.77
3025.37
3058.79
2981.17
2855.29
2899.2
2575.02
2660.55
2484.89
2565.74
2760.72
2703.98
2773
2625.23
2656.2
2532.16
2692.2
2545.09
2470.08
2485.74
2539.83
2534.32
2562.04
2558.87
2482.97
2722.59
2723.78
2724.74
2679.98
2570.85
2797.38
2824.92
2613.15
2464.65
2329.38
2469.29
2494.63
2729.72
2595.99
2610.73
2786.37
2619.68
2710.74
2555.01
2442.24
2883.1
2861.12
2995.4
2834.39
2981.94
2830.16
2567.31
2585.14
2477.51
2714.41
2831.02
2603.69
2767.96
2712.98
2784.92
2828.75
2790.88
2970.14
3045.67
2977.73
3211.5
2894.12
2840.82
2939.6
2716.4
2741.32
2819.57
2797.11
2698.34
2835.7
2715.18
2708.29
2701.27
2808.33
2840.29
2817.19
2675.66
2524.93
2592.82
2864.2
2739.75
2750.64
2838.89
2793.98
2535.12
2603.41
2699.4
2866.03
2737.62
2497.29
2390.98
2367.93
2653.75
2479.68
2395.62
2470.59
2626.63
2509.48
2352.31
2598.32
2674.91
2462.26
2579.58
2350.55
2361.08
2365.08
2462.87
2480.01
2365.93
2368.86
2196.2
2359.22
2318.57
2261.69
2199.41
2351.34
2285.95
2294.11
2445.02
2268.3
2235.89
2329.77
2334.96
2280.98
2195.98
2298.15
2407.59
2675.46
2644.4
2530.3
2426.51
2400.68
2345.47
2155.35
2211.55
2220.09
2227.29
2268.67
2341.76
2176.97
2142.26
2117.28
2268.32
2374.95
2444.26
2308.03
2335.97
2246.06
2284.08
2216
2190.87
2113.09
2143.93
2108.43
2026.58
2075.06
2182
2113.77
2026.35
1959.28
2170.7
2148.65
2026.61
2070.92
1990.53
2123.67
2002.27
1929.06
1930.9
2003.23
2154.42
2396.22
2327.62
2291.09
2248.34
2360.12
2424.89
2394.5
2292.79
2235.2
2315.88
2324
2352.03
2420.83
2387.66
2523.18
2439.47
2424.26
2320.44
2393.54
2223.76
2255.3
2291.72
2281.25
2315.64
2267.49
2274.82
2172.19
2129.07
2195.36
2338.72
2333.11
2310.4
2129.33
2186.66
2231.97
2148.51
2162.88
2110.63
2014.59
2061.81
2129.18
2069.35
2037.58
2022.64
2084.61
2106.11
2092.12
1997.14
2015.97
2032.98
2151.15
1942.85
1831.79
1879.29
1946.01
1936.08
1883.89
1855.22
1896.33
1873.39
1885.41
1920.3
1943.61
1880.91
2006.38
1919.14
1925.32
1974.04
1934.25
1932.58
2023.36
2025.38
1834.21
1849.02
1890.68
1935.53
1862.29
1882.08
1889.04
1827.38
1744.92
1751.78
1830.72
1745.91
1710.24
1788.47
1824.87
1818.52
1824.73
1766.35
1813.22
1760.78
1724.48
1752.03
1648.45
1667.17
1768.92
1652.29
1716.95
1625.87
1575.71
1655.71
1743.88
1709.07
1676.45
1669.05
1685.75
1696.85
1662.05
1551.06
1602.67
1686.55
1750.43
1696.11
1631.8
1635.93
1528.11
1524.03
1534.43
1605.76
1531.58
1603.99
1656.19
1636.47
1649.46
1555.4
1535.44
1505
1530.81
1571.57
1633.42
1637.55
1584.86
1588.26
1582.69
1494.04
1544.35
1701.15
1583.37
1572.75
1635.59
1593.69
1576.62
1619.52
1670.17
1695.2
1623.9
1625.63
1631.65
1625.6
1646.86
1580.19
1583.92
1606.72
1571.95
1524.68
1588.18
1585.3
1683.77
1558.9
1473.29
1430.71
1435.17
1569.34
1554.72
1583.14
1559.93
1567.44
1578.41
1543.42
1546.15
1686.53
1631.28
1557.78
1581.79
1605.94
1596.22
1653.15
1538.2
1559.43
1568.9
1564.42
1526.92
1512.85
1509.77
1465.09
1449.14
1474.33
1468.44
1521.05
1528.83
1530.87
1526.26
1492.11
1424.28
1455.23
1525.93
1506.3
1504.86
1505.51
1499.88
1496.21
1471.55
1453.48
1431.6
1363.85
1366.25
1366.16
1382.03
1365.91
1428.65
1418.32
1432.74
1420.38
1350.3
1391.39
1420.9
1410.63
1382.9
1383.45
1364.62
1404.87
1375.4
1456.24
1504.28
1507.62
1504.22
1498.5
1476.7
1524.81
1503.06
1492.71
1443.57
1404.89
1356.8
1355.12
1373.02
1349.46
1351.1
1349.43
1371.48
1359.7
1385.76
1387.77
1329.78
1360.24
1411.36
1434.77
1405.01
1391.09
1361.41
1361.41
1379.3
1380.02
1409.92
1383.65
1458.23
1445.35
1453.4
1349.66
1373.65
1392.59
1304.41
1267.95
1242.82
1263.78
1284.47
1332.47
1372.32
1399.53
1367.08
1362.83
1341.14
1321.77
1309.56
1284.23
1296.37
1288.18
1282.21
1280.95
1295.13
1313.78
1315.76
1356.53
1349.02
1332.58
1325.84
1309.41
1324.09
1343.16
1322.17
1299.13
1250.32
1242.65
1265.88
1275.92
1244.17
1266.46
1225.15
1229.72
1203.51
1195.18
1228.87
1192.93
1186.08
1193.64
1173.21
1212.76
1229.89
1244.69
1222.87
1194.99
1166.93
1166.71
1157.19
1174.61
1200.66
1199.99
1234.64
1228.21
1243.07
1266.82
1263.35
1153.5
1211.65
1192.13
1176.14
1142.66
1159.92
1160.66
1166.44
1141.12
1148.74
1100.51
1107.89
1148.85
1106.8
1160.28
1138
1105.43
1136.76
1093.13
1092.1
1102.55
1143.37
1121.69
1124.71
1134.15
1161.49
1144.03
1126.94
1151.43
1129.17
1126.67
1170.08
1149.85
1130.31
1111.48
1117.73
1165.04
1138.32
1123.43
1137.58
1189.8
1219.9
1204.82
1231.53
1204.88
1225.13
1158.15
1149.01
1152.63
1174.18
1149.33
1108.71
1093.48
1056.02
1040.38
1057.27
1072.17
1079.22
1098.44
1104.81
1093.63
1085.45
1052.15
1050.22
1020.93
1020.19
992.54
992.721
997.658
981.092
982.069
1010.83
982.718
994.377
1024.25
1021.19
1012.05
1021.71
1029.93
1045.6
1015.55
1000.28
980.906
998.638
1003.78
978.68
951.158
959.05
956.232
991.276
975.536
954.62
963.89
970.522
962.53
1009.27
1027.7
996.391
1004.07
996.287
988.967
1011.32
1024.07
1013.24
988.451
965.78
969.101
972.21
967.819
976.777
987.547
1014.99
997.118
1003.64
1001.6
1007.96
983.014
998.743
970.505
1009.4
979.02
957.704
984.329
979.945
987.564
976.481
976.735
951.424
960.789
974.43
984.893
996.393
1000.05
999.448
1001.67
1009.64
1004.68
989.942
965.016
965.555
949.431
943.257
941.786
956.421
955.203
953.185
958.673
958.373
959.359
978.876
977.159
991.72
970.72
955.638
924.426
926.765
926.534
927.847
947.656
957.111
951.977
961.754
963.869
954.432
948.544
939.9
942.319
955.42
940.265
948.004
962.373
951.587
941.681
935.836
924.763
952.091
959.668
927.875
906.676
904.339
915.671
901.58
884.905
875.805
880.778
884.98
892.284
893.61
903.119
870.299
880.072
874.076
880.718
881.807
870.166
871.843
866.231
875.317
890.658
912.757
891.232
901.866
889.621
913.858
910.122
917.582
888.696
876.204
892.167
890.128
870.356
873.033
879.9
853.788
851.586
841.16
847.793
850.85
850.848
872.008
868.369
867.375
857.055
883.989
878.904
870.878
880.871
881.664
891.817
870.335
866.567
870.688
852.164
840.784
839.991
843.924
855.591
856.734
831.922
826.717
841.008
854.714
836.714
835.109
825.634
826.689
828.459
832.155
827.097
832.447
840.564
831.205
822.372
839.089
813.616
816.286
815.262
804.771
816.973
822.551
828.235
859.784
842.638
816.546
818.972
826.232
828.989
814.355
824.536
822.064
820.606
815.917
810.373
817.999
810.708
813.809
801.928
798.007
784.136
801.252
809.109
807.021
796.336
810.681
820.581
805.242
814.609
819.592
816.306
822.224
824.551
807.381
808.557
808.096
831.467
808.026
797.59
800.27
795.923
804.13
815.94
803.07
808.161
814.068
814.146
802.878
791.232
794.058
791.405
794.413
811.369
806.174
795.216
780.06
801.371
784.408
788.214
795.077
799.044
784.319
781.774
777.329
775.02
773.676
782.495
781.162
776.773
777.905
775.174
779.522
777.712
787.605
790.82
802.986
800.175
818.458
796.512
786.925
784.836
782.323
772.543
773.416
774.333
770.907
778.762
778.186
783.596
794.124
792.043
779.356
773.9
769.155
777.264
778.776
785.738
796.848
795.488
790.524
787.579
774.482
769.918
779.134
776.561
763.757
761.486
762.754
757.038
761.399
752.786
762.47
759.912
762.93
763.179
765.291
761.794
755.741
756.284
757.867
765.879
762.398
762.541
747.284
755.077
754.975
753.231
751.507
749.768
745.166
749.14
750.383
747.49
746.027
754.818
751.767
742.111
755.297
759.479
748.061
747.895
742.627
735.532
746.431
751.906
764.013
763.497
763.074
758.898
753.829
744.361
737.308
747.988
743.479
739.464
739.958
739.269
737.721
732.44
724.316
734.165
735.116
739.156
735.375
734.031
739.28
746.615
745.731
743.002
744.374
739.8
739.274
735.793
735.503
730.148
733.194
747.826
741.948
740.153
729.247
728.778
724.111
724.189
735.711
728.62
724.124
724.772
712.531
722.739
720.236
720.108
716.09
718.683
719.66
718.257
715.659
717.031
720.327
711.394
701.586
706.647
715.95
709.386
712.997
719.727
722.937
719.826
720.816
721.583
710.599
712.796
707.593
713.508
707.946
711.637
710.052
703.427
699.162
701.499
697.458
698.815
702.056
698.474
695.209
693.078
696.343
690.907
691.102
689.754
697.39
695.55
695.317
696.063
691.49
697.457
692.469
688.016
691.522
698.492
702.156
699.308
710.07
712.654
709.192
707.612
702.605
700.531
702.579
708.838
710.831
703.477
695.69
693.554
686.648
682.253
687.297
686.689
685.11
683.995
681.972
686.72
686.769
685.788
678.32
680.233
681.174
678.7
674.74
674.391
676.487
671.767
669.206
665.65
667.012
666.753
670.817
668.937
664.952
666.59
666.459
667.523
667.053
665.235
665.967
667.885
671.281
665.208
669.494
665.821
666.241
663.653
665.768
664.204
664.02
661.172
657.175
664.068
666.947
673.042
678.108
676.371
675.729
676.411
671.437
666.175
661.612
660.329
659.037
661.293
663.293
658.426
659.38
660.355
664.464
667.304
659.176
658.023
658.087
657.64
655.106
658.862
662.019
664.774
667.005
670.554
665.898
665.174
671.772
675.577
673.921
669.742
671.434
666.743
671.098
665.629
665.16
664.646
660.718
662.274
657.706
657.271
655.564
655.152
658.388
659.353
659.503
659.207
656.891
657.635
650.76
645.44
648.531
651.212
648.325
645.809
646.495
649.084
644.392
648.195
650.326
647.609
645.94
646.226
644.185
641.633
642.977
645.107
645.567
649.9
650.269
647.421
644.331
646.392
644.077
646.297
645.14
649.35
647.153
642.45
645.782
646.353
649.367
649.244
647.724
647.21
646.472
643.38
643.372
646.977
649.064
643.092
647.734
648.519
646.458
640.686
643.367
643.458
646.112
646.434
644.013
643.458
643.211
640.468
640.223
639.155
642.645
639.357
637.17
634.774
636.623
634.128
633.161
633.103
634.176
632.976
631.293
631.475
632.568
629.012
624.878
622.135
620.759
621.09
620.808
623.308
626.054
626.861
622.838
625.94
620.835
623.743
625.12
626.34
624.002
622.899
622.645
624.455
625.802
622.482
617.292
618.109
619.726
622.048
620.987
615.674
617.92
618.356
620.023
622.221
625.081
620.844
612.977
612.6
613.872
610.739
611.283
610.47
613.544
614.465
618.486
617.012
615.179
616.343
614.415
611.927
612.504
614.359
614.492
613.842
613.686
614.422
612.7
612.692
613.15
613.199
611.346
609.592
612.982
609.835
605.704
605.07
605.035
605.241
605.592
604.801
605.182
602.263
601.967
603.255
600.23
605.846
608.702
609.957
609.431
608.146
605.502
607.89
606.811
607.293
611.871
609.196
607.847
606.572
606.754
606.38
608.027
606.171
604.6
605.112
602.71
600.708
601.319
604.546
604.95
603.087
600.18
600.747
600.728
600.409
599.469
598.345
598.695
600.728
600.717
599.89
600.368
600.206
601.243
601.269
603.617
603.354
602.629
598.243
600.564
597.729
597.322
599.003
598.33
598.053
597.22
598.796
597.613
597.14
599.897
599.599
600.776
600.918
601.568
602.223
601.894
601.481
602.205
601.631
602.966
601.951
599.51
599.087
599.467
598.601
597.486
597.199
595.722
595.21
594.252
593.72
594.467
593.692
592.893
594.905
593.278
593.563
594.18
593.159
593.616
594.955
592.855
593.816
591.931
591.139
592.01
591.445
590.946
589.88
589.227
590.682
590.266
590.078
589.354
589.58
590.504
591.941
591.055
592.586
592.604
592.308
590.312
589.389
590.859
590.245
589.561
589.417
587.77
587.058
586.357
584.494
585.694
585.28
584.328
587.521
584.394
584.158
584.073
583.534
584.473
582.03
582.194
581.164
579.572
581.582
581.08
581.491
581.546
580.1
583.482
583.721
584.35
584.726
581.07
580.461
579.971
578.74
580.028
578.602
576.562
577.655
579.103
580.286
578.55
576.174
577.501
577.666
578.688
577.412
577.633
576.581
576.005
574.683
575.496
575.528
576.873
575.96
574.266
575.913
576.521
576.605
575.774
575.437
575.116
575.55
577.56
576.959
577.934
577.924
576.567
575.465
574.589
573.345
573.82
573.571
573.661
574.999
572.673
573.649
573.68
572.931
573.765
573.65
572.911
571.59
570.249
569.776
571.028
571.403
571.63
570.919
570.673
571.016
569.553
570.473
570.379
571.933
571.167
570.473
570.054
570.847
571.19
571.285
570.978
571.491
571.992
570.377
570.913
570.746
570.687
571.065
570.561
570.403
570.216
570.561
570.923
569.148
568.149
567.593
566.411
567.035
567.937
568.144
568.289
568.406
566.335
567.482
567.04
566.553
566.013
564.77
564.193
562.562
561.509
561.426
561.353
561.359
561.088
561.715
561.224
562.089
562.961
563.25
563.331
563.697
563.787
563.181
563.892
563.561
563.418
562.57
561.993
560.615
561.143
560.628
561.151
561.12
560.902
561.466
560.372
560.214
560.531
560.946
560.808
560.778
561.213
561.501
561.023
560.758
560.65
560.259
560.284
560.07
561.166
561.002
560.437
560.351
560.806
561.65
561.696
561.294
560.885
560.256
559.767
560.512
560.737
559.877
560.359
559.037
559.036
558.852
559.063
558.662
559.46
