Mut_X Mut_Y Mut_Size Mut_Rot Mut_R Mut_G Mut_B Mut_Type Time_Sec
94530 92240 109878 94771 110572 111538 111352 88665 2717.1
0 0 0 0 0 0 0 0 2717.1
--- Historial MSE por cambio de temperatura ---
42592.9
42525.8
42649.7
42715.5
42878.4
43296.5
43157.2
42192.7
42329.2
41680.7
41267.7
41237.2
41794.2
42000.1
41762.6
41564.8
41774.6
41692.9
41804.1
41538.1
41400.3
41066.7
41244.5
41610.7
41923.5
41249.5
41009.2
40776.3
41306.2
41572.6
41671.4
41117.5
41746.6
41440.6
41703.6
41830.9
42379.3
41379
41049.1
41248.9
42117.4
42305.5
41690.3
41988
42036.3
42382.7
42777.9
42097.8
41994.3
41883.4
42262.9
42878.7
42715.2
43125
43744.4
43318
43255.1
42489.9
42113.7
42315.3
41442.1
41635.3
41944.3
41992.7
41657.8
42244.4
42826
42922.5
42518.1
41956.2
41639.9
41722.3
42147.7
42493.2
42165
41768
42352.9
42300.9
43221.6
43144.5
43193.6
42589.2
42431
42170.1
42801.6
42484.8
42354.3
41922.8
42050.8
41366.9
41901.1
42373.5
42494.9
42638.1
42336.4
41721.8
42378.9
41765.2
42343.5
41588.9
40934.1
41199.7
41095.7
41701.7
41789.7
40574.7
40843.2
41786.2
40680.7
40293
40407.3
39777.1
40616.6
40371.8
40354.6
40267.4
39673.6
39730.7
39694
39728.8
40094.1
39332.1
40275.8
39634.5
40643.6
40230.2
40269.1
40292.2
40549.5
40785.6
41261.1
40754.1
40991.8
40105.4
40438.9
40950.1
40170.2
40057.6
40681.2
40651.8
41036.6
41379.3
40861.6
41248.1
40971.7
40507.7
41080
41198.3
41327.6
41118.3
40852.1
40816.3
40930.6
40455.7
40317.5
41053.6
40468.9
40642.5
41167.1
40790.8
41782.7
41006.2
41435.7
41152.3
40163.7
40327
40330.8
40275.2
40804.3
40737.3
41327.8
41774.8
41777.2
41590.1
41567.8
41491.1
40289.1
40151.9
41042.1
40763.8
40516.9
40229.4
40295.6
39759
39835.2
40460.6
41054.6
40969.3
40117.7
39652.1
39873.3
39833.4
40063.6
39029.7
39204
40289
39908.8
39836.6
39480.1
39657
40713.5
40265.6
40701.1
39742.3
40034
39668.8
39775.4
40479.5
40968.1
39871.7
39444.2
39652.6
40633.1
40930.6
40355
40715.6
40551.9
40747
40349.5
40222.3
39480.8
39442.8
40631.9
40170
40550.1
40531.2
40216.9
40721
41428.7
41121.7
41611.1
42014.2
41897.8
41366.8
40837.8
41394.7
40919.4
39925.8
39366.1
39497.2
39746.5
39647.3
40207.8
39629.6
39465.5
39966.2
39617.5
39698.1
40115.5
40455.2
40092
39397.2
39738.5
39243.9
39000.5
39583.7
38738.2
39419.1
39046.8
39375.9
38906.3
38916
39799.3
39317.9
39578.6
38633.8
39424
38957.2
38986.1
38685.1
38883.4
38857.3
38845.4
39732.3
38307.9
39372.4
40113.3
39609.2
39356.8
39562.7
39833.2
39492.5
40275.4
40103.9
39372.7
38926.4
39152.1
38126.2
38077.9
38499.9
38419.8
38786.1
39316.3
38834.6
38179.4
39103.9
39410
39374.1
38962.4
39405.2
39085.3
39967
40282.1
40106.8
39120.4
39264.5
39439.4
39981.1
39305.4
39519.7
39901.7
39818.8
39123.9
38622.4
39472.2
39400.9
39726.1
39584.5
39316.5
39670
39176.6
39945.5
40740.2
40422.9
39213.1
39611.9
39586.2
39050.5
38402.4
38569.7
39005.6
38688.9
38777.2
38865.1
38648.9
38043.7
38528.5
38081.2
38267.4
38495.9
38364.8
38556.1
37464.6
37523.2
37960.3
37847.8
36994.3
37782.9
37357
37308.6
37559.5
37481.1
36910.1
37004.1
37263.7
37866
37665.1
36708.2
37074.3
37015.6
36591
36434.5
36548.7
37070.4
37040
36569.5
36631.2
36635.7
37772.1
38141.7
37236.7
36788.7
35889.6
37196.4
37019.3
37441.6
38073.6
38231.8
37277.7
36811.9
37406.9
37499.3
37016.7
37055.4
36189.1
37221.8
37980.9
37780.5
36992.8
36808.2
36485
36628.5
37471.7
37387.1
37095.7
37293.4
36753.5
37038
36184.9
36260
36033.3
37465.5
37465.2
37510.1
37491.4
37775.8
38011.1
38062.6
37619.9
37200.9
37256.1
37030
37219.3
37018.3
36341.4
35356
36532.4
37420.7
36277.1
35321.8
36022.7
35813.1
36600.7
36544.4
36631.5
36894.3
37012.9
36179.1
36806.5
37361.8
37299.7
36471.4
35562.6
35499.3
35772.2
35270.9
34362.2
33696.8
35474.1
35215.5
35343
34974.6
35373.2
35289.8
36073.4
35800.7
36001.6
36005.8
35577.9
35933.4
35709.9
35190.1
36355.8
36926.8
37215.5
36919.8
35376.6
34791.5
34874.4
35112.2
34794.2
35119.1
34681.7
34257.2
34722.8
35090.4
34101.2
35246.6
36027
35940.2
36394.6
36149.4
35708.9
36402.3
36900.7
36200.5
34968.6
35930.9
37212.9
35696.7
35542.1
35769.5
35682
36719.7
35970.3
36140.6
35879.3
35332.9
35667.4
35612.4
35549.1
36132.2
35753.8
35054.5
35459.2
35217.7
35597.1
35969.6
35577.8
35080.1
34803.3
36285.6
35505.8
35810.4
35941
36170.6
37133.1
36350.1
35988.6
36235.6
36098.4
36464.5
36046.6
35194.4
35373.3
35509.9
36290.7
36601.8
36414.3
35258.6
34963.8
35520.5
34583.3
35390.8
35733
36234.6
35422.4
35644.1
35713.7
34260.6
34829.4
35363.3
35235.4
36586.6
35673.8
34837.5
35580.4
34170
34581.7
34897.3
34469.9
34960.7
34285.5
35035.5
35450.4
35288.2
34301
34932.2
35761
35460.6
35840.5
35742.4
36477.4
36839.6
35788.5
37018
36249.6
36386.1
35862
36279
36931.8
36114.5
35885.2
35760.7
35311.7
35466.9
36731.3
36653
36788.9
36024
35809.3
34124.8
34370.2
34184.6
35182.5
34298.4
34515.1
34103.1
33301.5
33788.8
34507.9
35380.7
34875
34932.1
35379.8
35276
33996.7
32958
33220.3
34256.1
34119.4
34228.4
33928.6
34066.6
32956.5
33353.2
33901.6
34488.2
34702.5
34274.4
35301.5
35673.4
34887.2
34065.7
33710.7
33908.3
33507.8
33260.8
33852.4
34966
34436.3
33870.3
34563.6
34364.3
33818.8
33326.8
32913.6
33543.2
33719.9
32058.1
32124.4
33353.6
34193.9
33329.6
33599.1
33945.2
34381.7
33622
34113.4
34666.3
35591.9
33953.8
34666.6
35937
36202.1
35623.9
34469.9
34515.2
34402.1
34133.1
34658.9
34178.6
33587.1
33518.5
35054.5
35485.4
36658.6
36212.2
35931.2
36610.5
36760.8
36424
36893.9
36626.8
37446.8
37182.4
36072.3
35747.6
35340.4
35488.5
35614.9
34693
34669.6
34949.3
34067.6
34297.1
33924.3
34103.5
34785.1
34704.3
34235.1
34016.1
34281.8
34614.7
34595.7
34335.5
33585.6
33643.6
32881.4
32378.1
32322.9
31928.5
32475.7
31494.8
31104.5
30924
31702
31648.7
32465.3
32798.2
32923.6
33624.5
33345.5
34200.2
33390.7
33151.8
33419.2
32913
33118.5
33043.9
32568.9
32403.7
32611
31884.1
32310
31810.2
32338.2
31913.4
31776.1
32014.5
32401.4
32199
32842.3
32099.5
33160
31989.6
31910.9
31529.9
31135.8
30962.9
31316
31803.2
31843
31671.7
32012.9
31640.3
31802.8
32544.2
31236.3
31238.4
30374.2
30841.5
31489
31321.4
30147.6
29526
30356.6
30478.3
30166.5
28957.9
29867.2
30196.6
29471.5
29821
29306
28987.2
29878.2
29952.1
29714.6
29683.1
29533
28766.9
29064.9
28370
27799.5
28252.5
27738.5
28405.1
27956.7
27416.1
28041.5
27460.6
29026.2
28924.7
28102
29352.8
30911.4
29946.7
30632.6
30813.8
29435
29911.8
30428.3
30993.3
31152.4
30184.5
30878.2
30024
29378.4
30224.5
28542.9
29504.9
29305.9
30231.7
29075
29404.8
30074.3
29343
28972.3
28183.8
27808
28209.3
28589.4
28438.1
28810
29687.9
28643.4
29878.4
30459.2
30914.9
30338.9
31210.4
30987.7
31427.2
31633.3
32152
32174.1
31003.9
31583.3
30346.5
30768.5
30969.1
30663.1
30422
29967.5
29054.5
29423.1
29677.2
29666.4
29465
29330.5
28789.5
29189.8
29821.7
29899.1
28038.8
28736.7
28505.4
27834.1
27012.3
27301.9
27082.9
26536.5
25643.7
25695.1
25484.5
25847.3
25305.3
24870.6
25301.9
26418.5
26709.8
25900.9
26352.6
27443
26156.2
26428.3
26416.4
26979.9
27191.1
28086.3
28629.8
27805.4
27514.8
26854.1
26210.8
25739
26387
26278.1
26269
25396.7
26613.1
26948.9
26183.9
26686.5
27030.6
26816.6
27226.3
26761.4
25904.5
26391.4
26026.1
25754.8
26913.6
26715.6
25736.7
25458
25423.3
25166.3
25209.4
25297.6
24635.3
24414.8
25454.8
25102
26501.5
25803.4
26175.2
26449.1
26834.9
26544.4
26066.5
26682
26951
25792
27419.2
27024.7
27446
27588.3
26808.2
25974.6
25680.2
26224.9
26531.7
26651.2
26497
25947.4
25928.4
25944
26703.8
26401.1
26496.4
27041.1
26282.9
26449.5
26335.2
26701.3
27231.3
27018.3
26864.8
27742.1
28244.2
28143.3
28841.8
27983.9
28532.6
27633.3
27616
27976.4
28289.3
28187.3
28963.8
28286.9
27885.4
26890.7
27329.8
27940.5
28079.3
27508.1
28075.1
28272.1
28274
28139.2
28073.2
27767.9
28558.8
29133.8
29337.2
28810.3
28555.5
28427.1
27520
28352
28141.8
28119.7
27915.9
27845
27520.2
26833.8
26763.1
27075.6
25858.3
26031.5
26365.9
25795.8
25746.6
25368.5
25703.3
27928.1
26447.9
26328.5
26100.2
26759.1
26722.3
25854.4
26882.5
26268.9
26370.1
26447.1
26380.3
25446.1
26261.6
26908.7
26627.5
26665.7
27311.2
28262
28092.4
27182.5
26489
26766.7
26608.8
25884.8
25913.4
26735.7
27096
26455.6
25626.3
26148.8
26169.8
26544.5
26875.9
27379.4
26380
26702.3
26550.6
26404.9
25820.4
26267.5
25667.1
25383.5
26053.5
25732.9
25395.9
24554.1
24217
23719.8
23680.3
24796.2
24113.8
24299.5
24044.4
25143.9
25302.7
25840.4
25255
25235.1
24084.4
23526.8
23106.7
23043.6
24070.7
23550.3
22887.9
22187.5
23570
22946.6
22658.2
23104.2
23048.1
23379.2
23951.2
22846.2
22500.4
22472.4
22856
23148
22732.8
22108.8
22308.4
22153.4
22256.6
23220
24416.5
24374.1
25176.8
25037.8
24972.9
23081.3
24377.1
25049.8
24774.1
24369.3
23920.1
23781
23367.5
23282.9
24389.6
24118.1
24193.5
24071.5
23887.3
24523.8
23287
23659.8
23329.5
22231
22765.4
23257.2
24297.7
23499.5
22841.4
22919
24004.8
23830.3
23890.3
24100.2
25252.3
23826.2
23501.5
23442.5
23169.3
22869.5
23700.8
24698
23463.4
23600.1
23072.5
22697.4
22860.6
23698.4
24162.4
23732.6
23813.1
23637.6
24222.2
24912.5
24008.6
24163.7
24439.9
24664.1
24743.7
24125.2
24017.4
23171.5
22573.2
22916.8
23034.4
23586.7
23495.6
24373.1
24483.5
24283
24229.9
25494.6
24871
24509.9
23497.6
22815.6
23459.6
23530.9
24620.3
24210.8
23802.6
22324
22398.1
22822.7
23624.7
23936.1
23799.1
24823.6
25227.6
24189
23871.9
24346.3
23707.4
23921.5
24551.3
24409
23604.2
23618.5
23775.6
24299.1
24700.3
25000.7
24963.1
24157.2
24342.7
25113.9
24582.2
24179.7
24672.9
24081.3
23982.9
23958.5
24096.6
24388.1
24483.9
23589.7
23467.4
24073.1
24497.8
24410
25255.1
24863.7
25255.3
25058.7
23686.3
24380.2
23891.8
25221.5
25259.8
23344.8
24101.9
24318
23474.9
23448.7
22641.7
22406.6
22610.4
22580.9
23269.7
23641.1
23340.2
22124.8
22894.3
22525.1
22632.7
22949.7
23225.2
22356.1
22046.1
22698.2
23602.2
23898.9
24007.6
24232.6
24917.1
24957.1
24646.2
24173
24189.2
23606.4
24162.5
23827.6
23781.8
23763.7
23595.2
23321.6
23686.4
23565.3
23713
23945.5
23832.4
24377.4
23907.3
23562
24425.4
24589.3
24706.5
24562.7
24304.1
23743.8
23425.8
23795.2
24367.9
24021.6
23747.3
24054.9
24157.8
24368.6
24661.5
23842.4
24274.3
24181.7
24439.9
23711.3
24398.9
23897
23747.8
24477.3
23727
23719.1
23180.8
23327.7
23726.9
23216.8
23243.2
22185.4
22651.2
22069
22612.9
22654.2
23193.3
22804.4
22226.1
21851.6
22040.9
22139.9
22222.6
22151.9
21824
21707
20883.4
21503.7
21423.5
21289.4
21376.3
21253
21110.1
21952.8
21898.4
22450.5
22743.9
23513.9
23192.8
22954
23131.1
22832.2
22570.6
22151.4
21914.3
21311.9
20836.3
20984.6
21258.4
21819.7
21628.6
20683.6
21435.7
20458.5
20157
21018.4
21284.9
21287.7
19895.7
19136.9
18870.2
18581.1
18452.6
18578.9
18802.4
18720.3
19624.4
19279.6
19451.1
18626.5
19095.8
19546.8
18949.2
18846
18845.4
19488.1
19675.6
19115.2
18308.4
17842.3
17885.2
17926.1
17408.8
16748.2
15260.5
15911.8
15828.4
16039.7
16043.7
15747.7
16087.4
16318.3
16341.6
17525.7
16363.7
16292.6
16383
16338.1
16810.3
15680
15666
15063.8
15425.2
15969.8
15918.2
15763.3
15409.3
15194.4
15547.2
15919.3
15561.2
15862.7
15651.6
15642
16357.5
16221.8
16229.2
16620.8
16334.7
15732.2
15196.8
14864.2
15846.6
15502.1
15363.5
15506
15403.5
15574.5
15667.6
15980.2
16280.1
15208.4
15198.4
15979.4
15551.5
15365.1
15010.3
15183.8
15164.8
15011.4
14904.9
15444
15320.6
15101.3
14584.6
14394.2
14837.1
15298.5
16203.9
16689.5
16752.7
15892.4
15643.4
14959.5
14614.8
15541.7
14843.4
14468.8
14730.3
14433.4
14184.2
14111.7
13735.8
13488.2
14034.2
13756.2
13721.1
13378.7
13276.5
12621.8
13089.7
13470.9
13872.2
13471
13276.5
13370.9
12711.9
13015.4
13209.2
12634.7
12508.9
12183
12344
12537.2
12284.8
12423.3
13107.2
13308
13003.1
13013.2
12751
12890.9
12809.9
13311.4
13369
13441.6
13015.3
12461.6
12864.5
12868.3
12915.5
12855.7
13423.7
12676
12658.2
12421.1
12060
12112.1
12325.6
12714.6
12702.6
11997
12184.4
12444
13149.6
13168.2
13235.3
12539.5
12127.2
12161.4
12331.8
11692.4
11480.8
11240
10791.7
11103.7
11041.1
10869.2
10863.2
10469.7
10968.2
11187.1
11102.4
10616.4
10232.9
10128.8
10072
10175
10047.1
9951.62
9843.02
10349.6
10474.7
9935.34
10954.8
11201.8
11359.4
11213.2
10998.6
10992.2
10948
10481.8
10547.6
10559.5
9871.51
9990.85
9545.41
9044.42
9530.14
9635.31
9633.4
9236.85
9354.74
9644.88
8963.44
9051.78
9289.28
8895.5
9118.48
8915.75
8650.6
8824.2
8561.33
9284.26
9017.56
9751.37
9717.55
8705.13
9203.76
9438.98
9054.69
8668.37
8539.92
8693.03
8911.19
9371.72
8833.68
8602.47
8612.52
8505.05
8638.36
8370.72
8217.83
8430.31
8789.63
8976.12
8753.59
8840.26
9103.5
9688.96
9291.74
9255.44
8758.28
9096.33
9263.63
9156.83
9022.09
8767.65
8314.31
8651.97
8685.93
8354.71
8176.56
8080.78
8248.17
8024.99
8068.75
8124.05
7851.18
7865.58
7856.04
7822.57
8014.38
7623.47
7529.96
7409.69
7526.1
7228.83
7491
7287.35
7343.49
7318.28
7784.19
7813.53
6960.5
6792.73
6901.97
6866.34
6897.08
6599.8
6953.61
6981.91
7138.21
7230.1
7284.96
6874.23
6998.95
7312.26
6961.93
6449.82
6591.37
6528.75
6556.59
6402.96
6534.41
6269.49
5880.12
5948.83
6520.67
6473.21
5882.38
6228.91
5768.04
5615.03
6026.82
5718.71
5676.76
6163.41
6070.63
5796.16
5919.2
5689.03
5709.81
5794.49
6123.23
6493.49
5979.58
6002
5870.3
6210.41
6722.05
6057.02
6249.36
6446.01
6467.17
6448.03
6000.34
5545.33
5671.21
5717.63
5678.76
5745.47
5974.33
5988.2
6043.47
5989.33
5949.78
5973.67
5814.56
5940.82
5938.02
6078.83
6269.2
6297.37
5965.49
6103.09
6058.02
5994.07
5950.9
5761.59
5711.82
5686.34
5508.71
5554.76
5728.61
5947.76
5648.09
6046.88
5844.61
6093.21
6254.62
6509.54
6261
5862.61
6215.48
6171.45
5866.48
5651.33
5568.17
5557.27
5616.19
5454
5415.47
5414.22
5420.25
5426.76
5503.35
5494.52
5199.98
5290.09
5126.66
5147.5
5106.7
5049.45
5074.64
5147.27
4651.38
4729.51
4883.73
5108.97
4910.65
4940.38
5181.55
5046.48
4691.34
4351.18
4230.05
4666
4361.72
4499.67
4152.62
4395.38
4590.62
4552.27
4547.23
4260.55
4377.85
4553.2
4553.28
4548.2
4541.62
4537
4461.41
4429.54
4581.56
4485.69
4526.96
4333.32
4509.46
4426.9
4514.61
4342.57
4553.78
4600.93
4585.88
4527.46
4731.57
4751.16
4436.25
4397.61
4419.77
4642.69
4686.32
4501.25
4136.88
3967.31
4000.7
4243.89
4310.85
4436.56
4545.57
4754.61
4612.31
4668.4
4519.93
4170.51
4203.49
4284.88
4313.23
4282.34
4333.07
4450.35
4374.88
4096.17
4277.34
4246.38
4360.37
4520.17
4180.17
4215.13
3996.12
4054.71
3956.27
4021.66
3916.79
3846.09
3943.02
3967.85
3878.62
4104.29
3967.36
3945.52
4061.62
4097.6
3891.73
4017.18
4069.97
4009.98
4124.08
3813.21
3837.27
3717.93
3857.03
3827.43
3767.39
3715.7
4116.25
4244.19
3973.72
3910.72
3987.4
3827.75
3873.26
3758.6
3737.53
4105.57
4083.27
4041.81
3947.44
3934.24
3874.41
3923.15
3864.3
3995.05
4003.77
3740.63
3842.25
3842.93
3743.25
3580.88
3738.36
3576.53
3729.74
3679.22
3863.46
3888.93
3820.33
3968.92
3857.26
3661.25
3580.29
3558.27
3800.23
3477.47
3570.29
3598.28
3607.2
3501.9
3586.28
3731.72
3644.67
3666.54
3339.67
3313.71
3438.07
3457.6
3272.37
3404.1
3388.95
3400.35
3430.99
3283.47
3174.12
3079.82
3094.83
3157.3
3381.99
3049.58
3101.78
3065.6
3013.52
2996.81
3075.42
2949.49
3046.81
3136.88
3124.77
3094.06
2945.2
3166.69
3034.73
3286.66
3176.25
3055.02
3254.97
3145.86
3121.2
3092.89
3032.93
2976.41
2833.55
2864.06
2894.43
2938.09
2949.14
2806.25
2988.29
2936.94
2963.94
3059.01
3032.36
2748.43
2877.92
2815.06
2897.95
2857.47
2811.16
2786.41
2911.76
2927.47
3132.56
2990.59
2924.83
2894.39
2878.68
3017.39
2872.56
2896.24
2947.94
2969.18
2917.34
2811.44
2749.87
2729.75
2811.74
2776.56
2899.8
2860.53
3079.63
3167.22
3023.2
3081.6
3060.54
3064.81
2969.07
3113.36
3135.18
3115.85
3223.89
3060.98
3074.72
2942.9
2986.02
2970.25
3086.04
3292.14
3337.27
3263.15
3122.39
3158.03
3196.79
3068.31
3358.05
3385.69
3339.18
3250.44
3252.76
3298.85
3134.72
3104.64
3127.06
3136.88
3350.3
3322.66
3330.17
3438.18
3534.84
3286.6
3167.28
3093.85
3170.19
3149.97
3182.92
3293.92
3288.38
3507.43
3364.17
3320.93
3391.97
3412.02
3255.9
3181.69
3170.09
3148.34
3002.58
3010.59
3178.92
3124.32
2817.24
2877.12
2809.6
2855.82
2711.45
2643.43
2682.07
2803.02
2645.62
2535.57
2513.44
2561.65
2541.86
2558.41
2587.84
2578.9
2623.85
2602.19
2543.09
2510.4
2434.67
2368.69
2407.14
2374.39
2307.69
2328.89
2272.31
2277.07
2310.99
2407.31
2360
2361.72
2411.69
2396.86
2360.16
2503.83
2480.15
2544.07
2466.44
2466.99
2427.07
2407.23
2420.81
2363.79
2281.99
2358.98
2386.21
2348.42
2271.51
2338.2
2476.99
2332.16
2429.61
2399.95
2500.02
2502.52
2401.57
2340.69
2327.77
2334.74
2261.93
2230.65
2269.29
2262.39
2314.44
2455.22
2397.38
2379.39
2321.53
2395.89
2322.85
2246.82
2214.09
2279.73
2277.35
2350.38
2290
2289.17
2255.34
2423.8
2447.47
2506.58
2303.01
2312.16
2243.45
2198.58
2283.03
2255.95
2349.9
2344.73
2285.01
2339.46
2352.81
2359.43
2270.35
2309.79
2264.31
2285.76
2321.08
2245.53
2212.4
2227.9
2205.97
2336.07
2340.82
2358.17
2317.86
2382.13
2310.73
2301.12
2415.43
2527.95
2374.8
2388.7
2302.74
2302.36
2270.82
2226.01
2240.89
2275.68
2354.67
2428.7
2322.09
2250.7
2196.76
2052.64
2025.15
2099.9
2091.28
2173.15
2319.27
2306.94
2209.1
2256.81
2400.67
2444.47
2373.79
2398.79
2480.08
2461
2317.9
2318.57
2318.63
2327.11
2233.09
2290.73
2257.11
2289.97
2320.24
2354.67
2314.49
2267.85
2280.78
2255.69
2256.41
2254.03
2255.18
2184.81
2241.92
2228.13
2118.22
2175.56
2162.77
2184.62
2175.89
2122.02
2124.69
2196.81
2105.55
2172.48
2128.78
2087.56
2156.88
2233.76
2263.24
2319.97
2329.45
2280.37
2336.08
2317.83
2375.26
2244.97
2284.9
2326.13
2413.09
2408.8
2442.1
2353.11
2324.33
2238.41
2311.36
2312.01
2356.91
2375.3
2459.5
2383.62
2364.89
2214.14
2187.49
2169.63
2154.28
2140.43
2127.28
2170.23
2087
1974.41
1994.93
1955.26
1942.04
1946.45
1946.86
1999.6
2006.81
1989.73
1970.6
1931.98
1962.58
1949.01
1912.54
1995.9
1899.04
1949.99
1953.85
1922.51
1878.63
1882.03
1893.49
1871.21
1876.92
1898.42
1862.04
1836.99
1786.27
1901.25
1897.35
1907.62
1889.49
1817.56
1896.65
1956.48
1896.32
1936.95
1821.91
1875.35
1854.52
1967.3
2003.41
1945.6
1924.34
1910.37
1876.11
1815.28
1860.47
1881.91
1879.94
1843.47
1804.6
1839.53
1878.65
1880.47
1854.25
1882.74
1846.05
1853.72
1785.59
1823.48
1798.46
1777.69
1785.08
1770.28
1780.08
1811.98
1830.57
1831.77
1908.55
1855.19
1837.98
1826.29
1887.88
1874.86
1854.03
1848.51
1930.65
1944.34
1907.53
1897.41
1951
1928.55
1899.05
1926.41
1958.02
1942.34
1886.9
1889.52
1846.75
1956.4
1928.24
1893
1883.87
1801.27
1757.52
1815.86
1759.88
1764.84
1752.59
1754.49
1749.85
1725.41
1708.7
1641.42
1714.37
1768.01
1800.69
1776.03
1857.54
1782.94
1696.73
1799.29
1784.62
1716.24
1740.61
1711.48
1646.21
1596.72
1573.31
1598.47
1562.17
1580.02
1595.86
1620
1627.5
1654.71
1685.77
1662.36
1629.42
1588.32
1569.3
1585.4
1549.24
1609.48
1586.27
1541.7
1453.68
1503.91
1523.5
1486.74
1411.05
1443.32
1446.32
1472.12
1504.77
1502.6
1525.36
1549.74
1496.28
1499.88
1521.81
1514.01
1504.06
1421.19
1430.06
1402.08
1402.26
1404.94
1418.53
1470.69
1465.73
1419.58
1434.92
1412.96
1392.13
1363.17
1456.19
1481.12
1471.29
1494.42
1557.55
1565.64
1490.59
1518.41
1508.93
1568.6
1617.12
1581.79
1604.48
1499.14
1502.42
1503.44
1455.3
1434.19
1470.85
1448.8
1429.5
1451.38
1438.51
1492.24
1515.5
1473.86
1414.49
1401.64
1441.19
1434.33
1459.67
1477.45
1506.93
1462.23
1537.28
1536.65
1501.42
1503.36
1457.37
1451.28
1368.69
1354.04
1335.53
1371.89
1381.68
1380.46
1346.15
1320.78
1321.32
1337.31
1356.53
1347.31
1330.14
1305.88
1298.65
1251.1
1265.32
1303.19
1295.08
1324.59
1298.28
1344.33
1349.02
1328.36
1347.9
1367.79
1335.25
1330.56
1294.46
1281.99
1283.84
1289.31
1286.56
1250.98
1278.8
1289.68
1348.8
1310.47
1348.36
1298.48
1277.52
1291.29
1323.58
1332.58
1323.95
1313.72
1301.02
1286.92
1256.26
1272.02
1240.87
1221.46
1224.65
1274.98
1280.8
1276.66
1261.92
1274.42
1253.08
1255.77
1280.06
1220.77
1213.87
1202.1
1226.39
1207.43
1212.48
1183.08
1199.5
1265.08
1178.09
1246.06
1249.43
1252.92
1290.2
1276.56
1241.29
1255.06
1183.47
1178.32
1178.92
1163.78
1173.9
1184.28
1193.56
1177.43
1201.64
1212.34
1204.46
1218.09
1210.3
1194.83
1220.23
1234.4
1183.15
1168.76
1166.99
1167.79
1190.6
1149
1132.22
1149.33
1167.5
1160.6
1153.53
1139.36
1160.62
1178.09
1220.13
1192.4
1208.69
1222.35
1220.33
1227.6
1221.55
1198.42
1196.94
1199.04
1219.33
1194.74
1196.34
1206.97
1225.88
1191.75
1195.74
1215.41
1181.84
1171.3
1199.9
1205.9
1222.05
1232.6
1197.02
1202.63
1185.23
1224.15
1217.72
1191.25
1211.54
1177.9
1166.31
1159.19
1157.49
1178.24
1162.03
1176.97
1136.38
1147.71
1164.42
1173.51
1156.53
1154.13
1135.42
1134.45
1128.99
1148.89
1119.98
1124
1111.9
1148.35
1154.51
1128.99
1148.67
1212.15
1164.5
1150.36
1144.21
1147.19
1105.55
1099.17
1121.8
1083.59
1021.12
997.241
1004
1000.29
1015.76
1021.66
1027.01
1021.32
1037.66
1031.79
1034.04
1026.36
1015.43
1065.84
1062.35
1041.01
1044.42
1014.06
1047.54
1000.44
1005.53
1034.37
1032.27
1004.59
1007.03
993.127
997.449
984.547
980.071
1021.17
1049.3
1026.03
1023.14
987.799
1010.93
1018.68
1030.08
1027.56
1017.87
1059.28
1043.35
1029.39
991.799
984.71
999.723
1010.75
1017.48
1017.35
1018.06
1016
970.441
960.513
990.673
1007.13
1072.87
1063.31
1017.37
1005.11
987.734
1006.84
990.831
985.741
988.262
996.731
1003.25
984.156
1014.21
980.151
967.872
984.303
980.493
974.079
981.005
970.162
975.369
982.015
987.103
985.083
995.747
1013.05
991.272
997.603
990.704
1000.13
1002.8
1017.18
1002.92
984.01
987.917
988.025
984.461
973.724
956.385
951.142
940.423
978.421
980.878
964.484
948.829
934.709
941.726
943.489
937.837
950.512
946.117
965.323
964.988
957.653
979.165
987.38
955.638
957.377
950.576
962.668
960.945
989.607
988.993
978.104
971.053
934.145
928.741
931.419
951.31
969.555
958.993
962.146
955.014
964.884
964.693
967.989
968.401
963.897
951.784
974.884
954.41
942.016
961.422
942.594
930.331
938.563
937.865
905.751
911.629
925.409
944.408
952.984
933.112
935.111
943.559
913.626
890.476
898.677
915.982
912.29
893.116
906.57
896.791
922.413
926.587
934.576
924.939
935.345
928.095
934.818
903.533
916.261
918.994
919.32
895.252
884.907
885.052
890.613
895.393
896.922
881.092
894.06
889.39
910.336
914.757
921.099
898.011
898.015
895.457
891.011
889.796
878.946
893.612
890.25
879.052
892.98
898.924
891.345
887.922
885.63
877.035
880.729
901.572
889.197
876.569
875.64
869.432
858.101
855.089
863.088
871.76
879.356
866.093
894.768
886.886
876.82
898.102
894.817
894.453
875.105
850.642
834.879
842.873
831.527
843.038
847.74
854.085
844.343
849.162
848.28
835.873
834.916
837.268
837.753
831.291
837.762
843.326
826.921
822.26
816.046
817.767
829.233
807.544
812.708
799.649
817.15
813.182
803.192
812.498
809.369
809.412
810.363
800.593
808.851
806.288
815.176
809.487
817.349
825.858
823.914
809.796
816.25
795.344
790.988
793.142
802.195
797.8
804.198
812.499
769.78
767.632
774.642
766.481
769.646
777.33
762.895
788.623
803.239
793.387
786.348
783.428
788.811
787.012
768.237
772.891
772.587
764.045
767.005
775.794
789.503
775.365
764.509
766.817
753.008
746.51
738.354
748.311
734.616
750.417
737.318
724.901
730.779
731.842
726.056
728.998
733.438
735.518
734.668
732.783
743.251
730.947
731.938
728.789
724.772
742.858
733.247
725.803
713.679
724.063
710.062
728.488
729.243
724.037
727.399
726.817
729.959
725.713
723.995
730.654
735.826
724.674
722.506
715.222
708.97
715.326
717.227
738.419
717.581
722.364
711.353
721.705
728.968
733.479
727.786
728.387
734.944
723.417
734.613
699.775
713.932
704.086
701.971
701.758
701.525
700.861
711.913
715.549
718.736
722.385
718.137
715.074
725.084
718.02
713.732
709.914
710.427
720.322
705.62
688.738
689.38
688.142
690.237
699.464
706.387
711.135
713.705
689.429
694.469
692.443
692.062
692.172
679.85
675.285
664.962
665.469
665.517
664.32
675.332
678.048
677.246
684.933
688.012
679.403
685.019
685.046
687.886
682.827
670.18
674.981
671.557
673.184
670.416
675.406
687.072
695.497
691.914
697.601
694.486
705.203
693.274
680.416
675.729
679.307
678.509
672.556
664.772
666.546
667.214
653.281
653.956
659.406
658.458
655.88
656.248
651.73
657.791
657.701
657.96
660.98
657.622
660.724
654.743
649.606
648.643
654.025
655.536
657.029
652.343
662.153
658.257
654.907
663.76
667.144
662.806
664.706
656.574
667.105
660.041
657.319
649.215
638.646
641.015
636.562
635.4
631.318
635.365
637.848
641.055
642.074
645.022
646.689
645.895
639.726
640.428
642.08
645.843
654.636
659.253
656.392
653.496
652.107
651.654
645.264
653.84
645.364
638.489
639.41
646.164
646.994
633.938
642.285
642.504
642.097
641.563
632.119
637.189
634.755
634.2
628.78
631.134
630.15
631.372
625.128
631.94
630.512
624.518
622.729
614.696
619.235
613.628
615.321
607.827
608.438
613.44
617.801
620.698
616.237
613.645
623.575
622.396
616.699
613.545
610.315
607.706
611.924
607.654
615.825
612.076
621.242
618.636
614.697
612.217
607.247
609.715
612.397
617.556
620.692
617.414
611.116
608.558
601.888
603.979
603.051
601.511
600.153
597.631
598.485
597.119
599.552
598.54
597.663
597.516
592.704
587.569
584.247
593.342
595.025
594.814
594.572
599.502
605.878
595.555
587.503
587.949
595.257
589.248
591.659
587.586
589.295
592.677
591.451
588.718
586.544
588.382
584.856
583.08
583.644
585.062
592.384
587.051
582.613
586.407
580.996
582.613
580.662
573.923
573.097
578.161
575.082
571.739
570.21
571.276
569.476
570.304
581.009
569.836
575.603
573.285
566.945
562.486
565.206
569.203
566.154
569.921
576.042
573.739
573.808
570.358
570.063
567.258
571.741
572.403
576.146
569.059
563.328
562.336
562.827
561.991
563.625
562.37
561.909
562.782
561.607
563.65
566.604
559.687
561.046
562.351
559.843
561.352
558.209
564.312
568.285
570.618
567.586
567.282
568.811
567.427
564.311
558.48
560.895
558.825
553.076
554.269
551.974
553.001
555.161
554.204
557.078
556.47
560.939
562.969
565.339
561.174
561.154
560.557
557.636
559.19
556.032
555.25
561.743
563.774
562.374
562.189
562.083
557.338
558.046
559.461
558.642
555.914
556.592
552.659
551.507
551.053
552.678
548.155
547.43
551.577
549.336
549.232
549.354
551.639
543.169
541.278
541.322
544.948
547.533
546.223
545.553
549.931
546.983
545.287
545.192
544.074
543.022
540.971
540.996
542.523
540.833
543.265
543.711
537.793
535.627
533.133
534.554
532.081
531.831
535.408
538.316
538.073
537.187
536.348
536.567
538.434
539.385
537.011
535.723
533.338
530.56
531.197
529.505
529.67
525.396
524.408
521.798
517.937
519.195
517.599
519.925
514.045
518.433
516.261
514.632
515.744
517.561
516.588
519.404
521.215
521.5
522.09
519.668
515.185
519.84
521.879
522.374
522.378
520.293
520.957
519.926
522.968
524.058
527.094
525.907
522.719
521.019
523.199
525.802
526.098
521.28
525.448
525.266
525.455
523.188
521.258
518.689
522.296
520.749
518.938
517.526
513.093
515.012
514.505
516.999
519.676
518.852
515.307
519.768
521.13
517.223
519.021
518.295
516.511
515.036
519.132
515.412
516.446
518.841
516.727
515.133
513.394
514.389
513.966
514.73
514.128
514.106
512.847
511.388
510.844
509.973
514.639
511.542
513.016
513.918
512.044
513.278
514.548
513.619
514.675
518.879
520.017
519.905
516.723
516.399
521.662
517.884
518.138
517.143
515.434
518.656
515.063
514.824
514.779
513.456
516.359
516.381
519.969
523.752
518.252
519.028
517.513
517.329
512.637
512.561
513.676
515.405
512.185
512.323
511.975
514.005
515.061
514.62
514.889
514.828
515.295
515.58
516.876
517.416
518.936
517.636
511.8
510.699
509.353
508.988
507.559
511.388
510.84
509.797
506.327
506.052
505.749
506.163
504.907
505.958
508.445
508.426
508.57
508.149
508.399
509.299
510.331
511.45
512.042
510.453
508.707
508.941
507.837
508.71
509.386
512.204
509.576
508.679
504.88
504.538
505.208
507.353
506.626
502.931
501.965
501.842
502.071
502.832
501.66
500.732
501.95
502.817
500.302
499.639
500.748
501.806
501.652
501.811
501.52
500.891
501.805
497.375
499.157
499.134
500.256
501.243
501.641
498.886
499.223
498.243
497.424
495.015
496.132
497.235
499.388
499.972
498.615
498.982
499.191
498.824
497.467
498.337
497.44
496.88
498.211
499.383
500.809
502.375
504.226
498.585
493.662
494.044
494.838
494.177
493.631
492.604
491.08
489.722
488.67
487.039
488.377
488.061
491.238
494.221
491.979
492.865
491.456
491.026
490.728
489.871
492.858
493.283
491.123
491.988
493.208
494.984
493.493
492.515
490.384
490.295
490.287
490.458
491.644
490.306
490.74
490.44
490.685
489.867
489.07
490.933
491.317
491.156
489.386
489.659
489.194
489.996
489.998
489.435
488.377
489.644
488.697
488.874
487.785
487.768
488.367
486.872
485.779
486.106
488.53
489.072
489.375
488.993
489.933
488.663
489.54
488.419
489.451
489.61
491.213
490.889
491.72
489.499
488.375
490.138
490.973
491.363
489.9
489.887
487.532
488.993
487.671
487.785
486.403
485.534
484.672
485.529
485.577
486.087
485.929
486.015
485.667
485.435
486.426
487.208
486.242
486.359
486.34
486.952
486.966
486.359
485.869
485.557
484.588
483.77
484.331
484.515
482.921
484.319
484.143
482.931
484.228
484.56
484.074
482.478
481.433
481.914
480.472
481.969
483.268
482.427
483.563
483.775
482.09
481.645
482.362
482.369
481.414
480.182
479.658
480.693
481.712
483.216
485.514
485.708
483.63
483.539
482.888
484.225
484.235
484.027
483.157
483.641
483.888
482.188
482.309
481.495
481.169
480.531
481.401
481.774
481.443
481.989
482.403
482.019
481.427
481.76
479.786
479.754
480.582
479.948
479.799
481.03
482.032
481.325
481.018
479.807
480.566
481.878
480.516
481.729
481.282
479.807
479.453
478.834
477.968
478.127
477.385
477.998
477.111
478.193
478.67
478.512
478.825
478.473
478.096
477.222
478.64
478.57
479.098
479.12
478.966
479.199
477.601
475.42
475.505
475.208
474.895
475.892
475.399
476.651
475.611
475.281
476.101
477.825
478.486
479.538
479.947
479.149
476.678
477.113
476.68
477.171
475.714
473.991
474.389
474.984
474.51
474.591
475.922
474.269
474.073
473.631
473.973
474.139
473.395
473.187
472.015
471.326
471.463
472.397
472.584
472.647
472.951
474.208
474.24
472.253
471.125
469.568
469.488
470.2
469.264
469.281
469.439
469.053
469.16
469.514
469.116
469.684
469.861
469.342
468.877
468.446
468.477
469.33
468.973
469.177
469.359
468.741
468.626
468.152
467.609
468.913
468.841
468.442
469.146
469.246
468.807
467.93
467.553
466.493
466.187
466.501
466.702
465.79
465.724
466.345
466.502
466.857
465.451
465.216
465.841
465.865
465.025
465.484
465.505
465.641
464.612
465.012
464.724
464.956
464.757
465.287
465.312
464.884
464.081
463.247
464.017
463.639
463.838
463.569
462.468
462.636
462.525
461.936
463.219
464.187
463.626
462.22
461.051
461.206
461.904
463.075
461.781
461.151
461.549
461.612
460.545
461.309
461.546
460.534
460.733
461.356
461.024
460.59
460.054
460.072
459.763
459.889
459.445
460.261
459.651
458.882
458.683
458.571
458.225
458.261
458.926
459.024
458.778
458.522
459.312
459.36
459.025
458.315
458.293
458.595
459.463
459.092
459.006
459.733
459.419
458.988
458.646
458.778
458.12
458.963
