Mut_X Mut_Y Mut_Size Mut_Rot Mut_R Mut_G Mut_B Mut_Type Time_Sec
96298 90988 109815 97029 109646 110082 109619 88848 2615.81
0 0 0 0 0 0 0 0 2615.81
--- Historial MSE por cambio de temperatura ---
26336.3
27042.2
26591.6
26159.7
25873.5
25568.2
26464.3
26736.6
27221.2
26812.3
26116.4
26287.9
26269.8
26169.7
26200.4
26644.1
26263.3
26012.5
26378.1
26326.6
26951.2
27082.4
26706.6
26417.3
26964.8
26316
26148.8
26978.3
26117.7
26164.4
25888.8
26472.8
26665.3
26188.4
26833
27287.5
27831.3
27231.4
26638.4
26963.1
27402.2
27128.7
26733.3
27113.9
26897.4
27112.1
27848.8
27318.4
27323.3
26813
26992.6
27422.4
27571.9
27067.7
27026.7
27716
27792.2
27648
27193.6
27244.3
27117.8
26961.9
27502.1
28015
27605.6
27687
27809.7
27691.9
27688.2
27305.3
26838.1
27020.8
27404.1
27559.1
27103.5
27415.6
27657.1
27508.6
26605
26601.1
26820.7
26983.4
26563.3
26944.8
26894.5
26081.7
26070.9
26533.4
26650.7
26140
25928.9
25983.7
25963.1
26187
26030.8
26343.5
25759.7
26284.8
26613.8
26334.5
26173.6
25838.3
25609.3
26249.3
26646.3
26901.9
27428.8
27737.8
27063
27104.2
26473.5
26918.7
27288
27210.1
27338.5
27344.8
27765.4
27388.3
27263.1
27166
26876.4
27918.2
28109.3
27338.6
26758.7
26804.2
27018.3
26885.3
27078.1
27567.3
27247.6
27352.2
27204.8
27306.8
27947.3
28183.4
27889
27947.5
27421.1
27303.7
27423.8
27272.8
27183.4
27309.3
27644.8
27338.3
27696.4
27506.1
27050.4
27273.5
27358.7
27409.8
27575.8
27320
27532.3
27537.1
28502.2
27882.5
28411.3
28350.7
27559.6
27598.8
28226.2
28024.2
27689
27813.3
27862.8
27491.6
27851.6
27929.8
27804.8
28636.3
27921.9
28023.6
28789.6
28698
28353
28488.9
28390.2
28280.2
28655.8
28548.1
28359.6
27973.2
27665.9
27163.6
27212.7
27387.2
27332.6
27130.4
26893
26432.9
26474.7
26504.2
26342.6
26659.2
26413.5
26138.2
25760.4
25570.3
26206.4
25892.3
26236.7
25806.9
26097.9
25716.2
25734.8
26412.4
25805.3
26016.8
25860.5
25660.6
26610.4
26750.2
26482.4
26507.5
26138.5
26354.5
26215.7
26442.5
26884.9
26430.7
26576.2
26619.9
26764.4
26939.8
27160.7
26673.4
26309.2
26493.5
26784
26285.5
26290.3
26646.8
27008.7
27028.8
27102.4
26779.2
27108.6
26445.2
26732.4
27006.1
26954.1
26816.6
26916.2
26612.6
26723
26401.3
26265.8
25854.1
26464.2
26785.1
26868.9
27483.7
27236.7
27270.6
27478.7
27299.6
26923
26922.9
27568.1
27468
27099.5
27053.9
27013.2
26804.1
26952.7
26479.9
26477.8
26115.5
26882.9
26492.9
26864.1
26329.3
26649.2
27130.4
27034.7
27366.7
27522.9
27792.8
27181.1
27317.3
27266.1
26762.5
26596.4
26038.7
26340.8
26560.5
26001.8
26665.8
26562.5
26620.4
26154
25800.4
26514
25943.6
25682.4
26243.9
25997
26463.6
26045.9
26592.4
26873.5
26741.8
26615.7
25986.1
25275.2
25607.2
26218.7
25890.8
25435
25266
24974.1
25475.7
26174.9
26271
26031.3
25808.5
26151.4
26001.2
24860.7
24998.6
23957.6
23943.8
24239.5
24433.2
25029
25908.3
25559.2
25263.3
26376.5
26176.9
26089.7
26321.8
25908.5
25167.9
24883.2
24709.8
24869
23806.1
24231.8
24513.5
24136.2
24477.9
24427.1
23660.3
23355.4
22909.2
23856.8
24281.8
23249.8
23392.7
24503.4
22934.2
22920.8
22484
22701.5
22312.9
22348.5
22150
22287
22806.8
22849.9
23470.8
23050.4
23006.3
23377.7
23140.3
24339
23758.2
21946.6
21371
22667.1
23294.1
23949.7
23121.3
22656.4
22288.6
23431.4
23193.4
22867
21700.3
22000.7
22618.4
21548.6
22754.4
22794.5
23046.2
22574.1
21762.5
22052.2
21943.8
22149.7
22276.1
22979.4
23557.3
22963.6
21695.5
23236.9
23629.8
23719.5
23870.4
23357.6
23212.3
23324.7
23533.3
23444.5
23520.5
23789.5
23699.1
24416.8
24290.9
24454.5
23640.1
23277.5
23462.2
23076
23860.9
23297.4
23305.9
23736
23383.7
23933.1
23225.8
23457.6
23252.6
23985
23139.2
21908.9
22333.4
23173.1
23310
23012.2
22194
22103
23364.8
22226.3
22764.3
23542.2
23413.8
23578.5
23162.7
22947.4
23703.8
24096.1
23402.7
22586.8
22802
22566.4
22760.4
23048.8
22650.3
22515.7
22217.2
22063.5
21858.7
21510.8
22283.5
20873.7
21086.5
21098.3
22461.5
23043.7
23022
22435.5
22189.6
22031.9
21712.8
22357.8
22545.6
21942.2
22140.3
21765.4
22294.8
21873.1
20992.1
21991.8
21907
21423.4
22585.6
22383.9
22728.1
22074.9
21455.7
21487.3
21271.9
21558.7
22011.5
21941.8
22309.6
23198.2
22438.3
21595.8
20887.9
21109.3
20963.6
21034
21168
21731.3
21355
22115.2
21884.7
22511.5
22421.9
22324.3
22409.5
22052.2
23163
22766.2
22490.5
22646.8
22455
22938.6
23257.1
23591
23854.7
23826.6
23504.6
23127.4
22005.2
22183.5
22101.6
21924.7
22081.1
22472.5
21360.2
22151.2
22995
23438.8
22713.9
22661.7
22961.4
21440.2
21066.5
21887.8
21235.3
21413.2
21553.6
21629.6
21475.5
21159.9
21014.4
21072.5
20766.3
20976
20985.7
20853.3
20867.1
20681.6
22158
21473.2
21564.9
20999
20499.4
21431.1
21814.2
21611.9
22083.4
22188.1
21669.3
21834.3
22091
22439.6
22592.1
21631.5
21091.3
20730.3
20741.9
20871.7
21004.9
20495.5
20038.9
19718.7
19371.2
19246.1
19988.4
19774
19900.6
20088.4
19449.5
20598.1
19708.4
19272.9
19484.6
19355.3
20108
19967.6
20830.2
20119.2
19421.8
19838.4
19350.9
19668.2
18782.9
18967.3
19795.8
19615.6
19468.4
19550.7
19647.4
20488.1
20884.5
20237.4
20483.7
21043.3
20731.9
20124.9
18964.8
20235.7
20716.8
19810.1
19015.1
17819.9
18350.7
19222.4
19863.5
19750.6
18706
19003.4
18940.2
18425.5
19688.7
19059.9
19358.7
18934.9
18604.2
18491.7
18191.6
18318.3
19093.7
19201.6
19369.4
19404.2
19758.9
20260.2
20840.9
20841.4
21248.1
20657.2
20428.1
20664.6
19846.5
20735.2
20700.6
21100.4
21348.2
21427.5
21211.9
20440.5
20218.7
19976.1
19760
19720.5
20027.4
19616.8
20274.2
20595.6
20714.9
19684
19617.8
19647.7
19539
20568
20989.1
20901.6
20891.3
20406.3
21057.1
19610.6
18946.5
18924
18936.2
18685.5
18429.6
17524.4
18564.8
18430.6
18902.8
18690.4
19096.1
18728
18390.7
19176.2
18468.5
18776.2
18595.9
19447.2
19678.7
19582.6
19776.5
20832.1
20369.1
20721
20190.3
19238.9
19521.3
19779.8
20037.5
19408.3
18682.9
17812.8
18072.1
18468.7
18774.1
18596.2
19584.6
19593.7
19809.1
20523.4
20137.4
19515.4
18943.6
19179.5
19244
19396.6
18454.9
18162.9
18211.9
18113.5
17751
17812.3
18915.8
18561.1
17726.2
18326.9
17881.5
18588.4
18845.4
18595.8
18979.3
18871.8
19190.3
18743.8
18559.1
18942
18145.1
17729.5
18804.1
18478.5
18178.8
18174.8
17804.5
17607.7
18481
17859.3
19196.6
18700
18517.4
18262
18604.1
18200.9
18024.8
17577.9
17528
17057.3
18258.3
18849.1
19012.2
19430.5
18304.6
18289
18113.4
18641.7
19152.1
19688.5
19515.5
19473.1
19643.3
19468.6
18934.5
18953.5
18610.2
18226.8
19106.2
19277.3
19028.3
19099.4
19022.3
19147.2
19374.3
19247.4
18648.3
18711.9
19057.6
19307
19218.5
18813.6
19065.7
18712.3
18577.4
19691.1
20010.2
19615.6
18535.2
17645.7
18642.5
18471.6
18861.1
18571.8
19070.8
19246.8
18322.8
19370.5
18831.3
19127
19535.6
18488.9
19027.8
18779.2
18701.2
19338.8
19920.9
19881.4
21019.2
20318.1
19481.9
20137.6
19878.5
19888.2
19628.8
18098.3
17747
19155.8
19798.8
19104.6
18112
19071.4
18863.9
19770.2
19185.6
19278.2
18482.4
19169.1
18763.5
19590.7
19867.7
19819.7
18624.1
18206.8
17930.1
18469.6
18685.7
19976.3
21060.4
21428.2
21457.6
20342.9
19689.6
19511.6
19464.1
19545.1
19513.3
18660.7
18708.8
19382.2
20431
20160.3
19799.5
19211.9
19515
19515.3
19044.6
18275.5
18550.4
18331.1
17974.3
18050.7
17680.1
17180.5
18620.1
18653.4
18428.9
18464.1
18117.7
17840.3
18353.8
18751.1
18915.5
20342.8
20164.8
20182.5
20252.8
20608
19217.7
19787.2
20281.4
19885.8
19547.7
19422.6
18537.2
18894.4
19768.8
19109
19162.3
18634.9
19376.8
19021.5
19298.7
19319.4
19601.8
19969.2
19801.8
19828.8
19461.4
19550.7
19878
19518.4
19718.1
19686.7
18783.9
18635.5
18629.7
18539.6
18158.4
18557.4
18329.8
18039.4
17618.5
17247.1
18383.9
17908.7
18258.5
17037.5
16623.7
16997.7
16531.1
17011.5
17545.3
17758.4
17847.4
17736
18198.7
17150.7
17387.1
16627.1
16472.5
15997.3
16088
15756.3
15923.3
16745.9
16987.5
16614.3
16793.6
17125.5
17614.8
17057.3
16453.8
16304.7
16198.6
17783.2
17754.1
16962.9
17032
16308.6
16094.4
16648.1
16576
16814.9
16890.5
16454.8
16451.3
17634.7
17579.8
17301.3
17322.5
17740.1
17138
17233.8
17319.8
18569.8
17983.3
17628.8
17815.9
18248
17457.7
17263.7
17189.4
16756.6
16451.3
16200.5
15435.8
15638.1
15565.9
17339.9
16903.1
17329.3
15990.1
15678.3
15376.8
15441.9
15677
15982.9
15411.6
15685.8
15175.8
15795.8
15674.5
15693.3
15331.9
15574.9
14822.1
15508.4
15971.2
16255.8
17130.3
17379.6
16583.2
16193.1
15618.2
16135
15284
15140.2
14978
14720.3
15017.5
14352.1
13841.9
14429.6
14694.6
14862.4
14785.7
15034.6
14923.9
14891.9
15464.1
16026.1
15177.2
15657.8
15360.6
15796.5
15652
15859.2
15685.9
15552.8
15085.2
14928.9
14862.6
15038.4
14534.2
14712.8
15348.6
14471.7
14431.5
14736
15513.7
15390.7
15810.7
16418.7
16238.6
15944.5
16043.2
15241.4
14899.6
15349.6
15717.3
14648.4
15252.7
14753.1
14944.4
15031.3
15451.6
15642.3
15825.9
15857.3
15742.5
14915.1
14538.4
13574.8
14359.4
14802.4
14635.5
14845.7
14896.2
15064.1
15171.1
15669.8
14559.4
14404.3
14746.2
15147.5
15529.8
15183.7
15588.6
15703.7
14997.7
14395.5
14814.8
14878.5
15109.7
15435.1
14860.7
14169.2
14106.9
13645.7
14309.7
14492.5
14930.5
14684.1
14066.8
14226.9
13794.9
14561.5
13957.2
14892.6
14674.4
14856.2
14895.8
15136.6
15612.8
15512.5
15163.4
15266.3
14088.8
14032.8
14129.9
13898.5
14386.3
13708.8
14332.6
14589.8
14987.1
13545.7
13875.5
14064.9
13615.4
14472.2
14588.9
14669.2
14607.6
13843.2
13513.8
12498.6
12170.1
13107.3
13337.3
13649.4
13429.2
13392.2
13821.7
13911.6
13493.6
14185.2
13695.3
13308.1
13711.3
13594.8
14287.4
13913.9
14479.6
13963
14099.3
13538.5
13428.4
13492.3
13830.2
14076.8
13280.6
13033.1
12741.5
13280.9
12856.8
13282.3
13008.2
12646.6
12452.2
12796.9
13106
13517.3
12704.8
13055.5
12947.2
12840
12816.2
12394.6
12904.3
12947.1
13327.7
12906.5
13335.9
12630.2
11542.5
12105.2
12019.6
11590.5
11998.5
12143.2
11778.2
12052.5
12551.8
11950.9
11658.6
11859.5
12325.6
13244
12839.9
12534.1
12736.5
12393.4
12191.4
12064.9
12253.2
11729.1
11629.4
12329.6
11814.2
11685
12303.6
12655.6
12231.7
12133.4
11374.4
12076.1
12761.8
12527.7
11984
11746.5
12099.3
11898.4
11951.7
12522.2
12462.8
11823.8
11424.6
10174
10462.2
10590
10790.4
11625.9
11409.3
11619.5
11415
10371.5
10475.1
10530
10174
10261.6
10365.2
10031.8
10490.2
11424.8
10933.7
10821.6
10490.9
10707.7
11450.9
11011.2
11232.9
11106.3
11168.3
10914.7
10971.2
10686.9
10639.3
11079.5
11701.8
11145.5
10816.7
11375.6
12069.4
11186.7
11423
11398.8
11696.7
11092.3
10675.1
10618.1
11089.6
10841.2
10734.9
10972.3
11311.7
11613.7
11493.9
11159
11094.8
11440.7
11513.8
10482
10836.5
10682.6
10227.3
10030.7
9978.81
10481
10044.7
10963.6
10905.1
10971.8
11143.3
10954.5
11031
11148.5
10849.5
10313.9
10508.8
10672.3
10549
9954.07
10413
10042.1
10114
9786.7
9790.15
11005.2
11192.3
11296.4
10890.9
10704.5
10679.6
10106.5
10351.9
10943.6
11295.1
10524.4
10944.9
10928.4
11294.2
11248.3
9872.94
9776.84
10121.3
9912.54
10125
10291.2
10603
9631.88
9693.97
9894.67
10140
10172.1
9978.73
10129.9
10361.5
9885.74
9969.73
10345
10085.3
9647.88
10101.2
9795.95
9592.96
10041.4
9978.13
10275.5
10278.4
10082.8
10722.3
10329.2
10159.3
9925.19
8723.46
9164.55
9495.44
9653.91
9344.7
9890.76
10697.5
10236.5
10026.4
10432.2
9980.97
10370.8
10314.8
9910.57
10084.3
10042
10077
10598.3
10932.4
10677
10504.5
10072.6
10254.6
10039.7
9620.43
9204.11
9883.69
9642.84
9939.89
9535.56
9496.28
9898.46
10645.6
10582.7
10878.9
11252.2
10540.4
10406
10506.7
10268
10557.6
10825.3
10140.7
9608.28
9585.66
9596.21
9824.43
9787.14
9841.71
10117.9
9770.68
9286.72
9039.31
9186.78
9409.17
9142.36
9280.73
9306.13
9388.83
9048.35
9261.5
8827.3
8444.4
8263.05
8019.34
8174.93
8538.04
8252.49
8239.66
7785.84
7777.08
7995.1
7956.73
8457.33
8649.42
8286.27
8044.22
8274.04
7829.73
7674.42
7757.05
8144.5
8062.97
7930.34
8496.28
8644.86
8290.7
8346.35
8027.65
7723.12
7366.03
7541.55
7657
7668.69
7428.39
7971.55
7704.33
7468.74
7496.91
7393.98
8072.33
8110.43
8343.93
8337.45
8459.62
7868.86
7909.8
7483.63
7534.41
7573.55
7747.42
7441.78
7800.62
7497.79
7608.24
7209.36
7110.54
7055.3
7468.52
7666.91
7015.91
6907.17
6573.06
6461.58
6638.99
6333.61
6189.57
6339.2
6514.66
6694.07
6445.23
6230.47
6307.68
6601.43
6336.26
6051.27
6142.44
5868.96
6358.34
6269.25
5717.69
5725.57
5921.29
5805.68
5733.98
5850.74
5795.57
5703.64
5626.08
6086.37
6244.8
6152.18
6294.29
6563.02
6644.53
6667.69
6098.2
6410.77
6423.84
6006.48
6175.16
5906.53
6174.37
6405.87
6079.05
5794.21
6319.03
6384.74
6307.09
5961.15
6304.75
6288.26
6325.53
5950.06
6511.83
6438.31
6650.39
6949.31
6881.38
6140.5
5537.63
6051.07
6340.77
6639.14
6475.03
6367.52
6522.15
7173.72
6981.98
6978.62
6815.53
6791.15
6947.53
6907.08
6862.95
6546.47
6333.28
6465.21
5716.81
5771.92
6133.19
5724.51
5879.49
5682.83
5566.24
5724.75
5462.46
5387.25
5442.96
5097.25
5233.88
5155.72
5662.19
5572.78
5359.59
5196.31
5457.93
5223.45
5557.4
5149.03
5242.47
5481.7
5418.16
5246.59
5115.28
5172.37
5194.06
5189.16
4854.84
5118.72
5417.98
5181.04
5286.48
5490.56
5175.68
5032.73
5134.25
5015.48
4867.26
4590.89
4760.2
4859.35
4575.75
4697.78
4669.62
4558.26
4529.47
4764.36
4996.3
4532.64
4902.03
5021.11
5184.7
5243.43
4882.34
4967.26
5241.52
5066.66
5265.31
5235.13
5404.87
4844.22
5000.56
5021.51
5151.62
5145.5
4929.09
5091.86
4849.97
4812.66
4871.63
4862.73
4653.27
4431.39
4252.99
3813.52
3971.02
4339.26
4522.61
4757.95
4580.49
4404.13
4269.03
4253.21
4701.98
4454
4500.07
4468.75
4316.54
4586.92
4745.81
4871.75
4914.2
5187.51
5209.43
5157.11
5420.92
5399.32
5283.9
5155.45
4813.77
4867.13
4766.07
5093.88
5156.46
5169.42
4812.41
4849.78
4715.93
4695.59
4620.65
4346.72
4684.78
4510.59
4369.16
4492.91
4511.23
4354.67
4414.34
4420.16
4371.72
4758.13
4699.94
4510.84
4392.49
4078.71
4084.33
4286.33
4387.24
4139.68
3985.17
3692.83
3697.85
4004.45
4035.6
3867.76
3819.34
4191.34
3869.96
3744.4
4276.2
4197.28
4254.04
4262.74
4558.62
4312.59
4255.22
4307.05
4402.34
3926.46
4201.28
3747.45
3773
3875.71
3657.3
3953.4
3909.23
3775.9
3643.01
3728.17
3705.78
3688.77
3569.56
3522.31
3390.79
3585.03
3412.93
3205.75
3174.92
3296.15
3403.93
3486.5
3446.08
3190.62
3173.87
3270.84
3346.13
3387.44
3398.46
3379.42
3537.97
3281.18
3370.98
3282.4
3227.99
3118.45
3215.03
3523.31
3629.22
3767.91
3592.78
3851.43
3729.54
3662.48
3571.96
3415.24
3595.46
3286.04
3185.54
3172.34
3095.26
2893.35
3054.31
3035.54
3206.67
3265.46
3197.9
3137.36
3060.83
3138.62
3309.98
3448.95
3428.32
3384.27
3264.63
3493.9
3536.13
3403.15
3262.59
3470.55
3400.77
3319.44
3287.97
3288.07
3106.56
2953.89
2923
2989.58
3115.2
3207.57
3048.58
3122.57
2973.63
3176.14
3013.82
2999.37
3051.73
3002.76
3024.38
3599.52
3722.79
3678.6
3350.36
3299.11
3432.75
3345.27
3025.9
2892.21
2891.13
2876.43
2864.62
2741.1
3174.4
3083.89
3128.97
2893.35
3040.87
3127.78
2995.04
3058.56
2990.42
3090.11
2940.81
2908.91
2929.36
2808.37
2798.17
2952.73
2886.24
2870.58
2881.32
2967.18
2856.88
2662.52
2732.5
2752.23
2877.98
2903.74
2724.77
2813.86
3014.83
2704.43
2858.19
2845.04
2739.7
2642.08
2378.41
2561.32
2752.02
2779.8
2908.13
2871.74
2894.11
2811.69
2738.38
2561.69
2712.62
2764.55
2600.12
2930
2823.9
2702.19
2735.25
2985.62
2873.81
2956.92
2973.65
2786.42
2863.22
2959.53
2683.56
2492.45
2689.39
2784.7
2821.14
2708.85
2780.28
2862.02
2897.38
2801.01
2711.43
2575.88
2423.21
2489.1
2599.5
2667.55
2639.75
2627.39
2702.27
2832.76
2779.99
2808.43
2569.55
2343.18
2526.6
2397.33
2328.59
2397.34
2312.83
2379.06
2204.37
2250.47
2276.19
2242.69
2334.34
2301.22
2228.56
2307.29
2305.39
2328.93
2415.08
2421
2348.99
2341.64
2196.69
2226.5
2273.1
2296.46
2319.28
2277.59
2187.12
2240.81
2451.29
2136.09
2223.28
2221.91
2266.76
2281.69
2296.92
2305.28
2242.21
2199.4
2233.57
2198.97
2312.04
2239.69
2318.94
2406.5
2507.01
2473.43
2491.6
2346.24
2360.4
2350.78
2334.95
2305.52
2239.68
2283.88
2222.27
2245.73
2262.04
2327.93
2311.53
2374.61
2249.2
2296.81
2319.34
2387.69
2491.83
2458.51
2466.61
2438.07
2244.17
2160.69
2110.36
2122.15
2141
2124.38
2227.17
2309.48
2353.35
2406.47
2632.49
2397.16
2314.53
2271.55
2139.86
2154.53
2253.71
2126.14
2071.43
2088.01
2151.49
2143
2151.15
2099.23
2142.94
2154.1
2098.05
2297.01
2335.94
2196.98
2178.58
2028.76
2070.67
2170.07
2195.96
2215.43
2063.07
1997.07
2090.5
2138.03
2115.05
2165.57
2227.68
2262.37
2316.73
2214.33
2143.18
2289.24
2149.96
2183.16
2078.89
2095.56
2038.11
2190.88
2143.22
2104.68
2087.79
2101.81
2252.65
2247.1
2336.02
2310.46
2339.79
2333.31
2135.42
2260.54
2237.62
2181.21
2167.59
2112.31
2101.97
2024.72
2069.18
1999.41
2027.11
2025.63
1911.37
1877.12
1956.37
1982.54
1916.34
1918.26
1961.27
1968.18
2027.96
1957.6
2008.63
2168.42
2160.24
2039.78
2042.14
1986.07
1939.94
1900.72
1873.95
2030.48
1963.5
2001.47
1973.04
1929.95
1917.11
1966.41
1994.68
1993.27
1991.74
2127.44
2136.81
2062.08
2032.61
1915.12
1998.27
2022.82
2017.68
1910.26
1934.98
1903.21
1883.32
1882.46
1990.32
2066.68
1976.12
2011.72
1962.76
2035.72
1939.47
1903.04
1791.91
1825.16
1999.04
1913.03
2011.65
2003.22
1973.91
1898.13
1868.92
1953.1
1875.81
1905.8
1955.95
1945.32
2017.84
1982.14
1953.64
1937.13
1948.32
1933.65
1987.72
2029.05
1995.25
1943.16
1955.75
1834.28
1862.09
1860.58
1864.93
1823.08
1760.3
1697.8
1734.74
1730.42
1685.37
1702.58
1767.35
1647.5
1696.99
1825.42
1735.82
1812.68
1733.13
1732.88
1665.52
1645.74
1679.64
1674.27
1661.43
1692.89
1634.39
1770.54
1684.7
1688.09
1684.78
1690.35
1759.24
1694.77
1787.87
1785.5
1761.97
1606.87
1647.98
1608.39
1756.92
1743.25
1762.45
1695.01
1742.79
1718.26
1677.23
1699.87
1679.41
1713.07
1696.91
1583.45
1544.52
1566.56
1586.76
1548.56
1508.21
1539.75
1630.68
1575.97
1648.51
1580.34
1624.83
1691.75
1684.5
1684.55
1752.43
1601.97
1636.35
1654.61
1551.19
1623.72
1679.07
1670.98
1734.74
1748.87
1691.04
1696.39
1611.89
1621.85
1653.03
1646.94
1624.73
1588.94
1661.13
1595.44
1632.77
1552.92
1562.58
1530.26
1573.11
1554.1
1574.18
1552.4
1509.65
1516.45
1402.43
1546.88
1561.43
1484.35
1461.76
1508.29
1525.57
1484.47
1488.47
1492.39
1491.28
1533.28
1512.68
1450.23
1478.8
1603.81
1549.1
1566.81
1517.74
1486.75
1507.91
1494.78
1476.6
1388.81
1395.58
1391.69
1398.65
1356.72
1390.42
1398.37
1401.57
1451.71
1442.57
1491.75
1504.92
1539.74
1482.13
1478.73
1458.17
1473.28
1453.34
1447.12
1482.37
1466.31
1506.38
1475.98
1451.88
1451.06
1405.71
1413.33
1470.75
1422.79
1395.6
1359.87
1372.04
1440.91
1419.76
1405.52
1459.54
1464.81
1510.2
1484.62
1507.01
1455.62
1468.75
1446.93
1501.15
1489.16
1515.66
1525.16
1488.25
1489.09
1429.58
1440.19
1472.62
1496.17
1522.88
1506.52
1434.91
1429.97
1388.92
1362.12
1402.53
1423.89
1395.47
1393.31
1390.76
1437.42
1393.46
1387.29
1365.72
1342.36
1389.29
1368.39
1335.58
1319.55
1379.87
1288.89
1383.89
1436.32
1488.3
1466.48
1401.13
1351.27
1340.53
1355.38
1313.12
1404.21
1376.22
1336.6
1379.63
1325.34
1335.83
1346.66
1296.05
1316.85
1293.9
1259.15
1278.98
1296.98
1289.4
1289.39
1366.42
1389.38
1317.05
1274.32
1240.71
1259.22
1245.89
1250.94
1269.24
1245.25
1256.45
1307.5
1276.33
1205.06
1254.3
1253.44
1265.95
1239.8
1232.51
1297.18
1348.13
1365.53
1341.88
1338.8
1336.95
1392.4
1373
1352.1
1286.79
1344.97
1307.27
1278.58
1305.14
1322.56
1354.39
1327.78
1331.81
1330.12
1305.79
1348.02
1319.74
1375.53
1317.06
1323.28
1327.94
1288.91
1260.82
1322.7
1293.29
1322.91
1353.96
1412.67
1395.48
1413.87
1400.18
1394.59
1347.98
1271.49
1307.93
1285.66
1218.35
1232.18
1207.09
1182.05
1187.13
1145.69
1155.52
1169.72
1126.68
1129.99
1136.38
1096.41
1090.38
1116.84
1120.8
1147.91
1141.35
1113.78
1103.49
1130.26
1090.62
1047.06
1112.24
1094.55
1112.47
1065.91
1047.44
1064.5
1073.32
1104.65
1089.79
1097.66
1088.3
1107.24
1072.26
1059.59
1049.68
1110.78
1119.19
1140.62
1121.21
1116.93
1098.59
1113.89
1161.32
1105.46
1050.17
1024.3
1046.06
1076.03
1079.32
1035.91
1003.17
987.128
1015.62
1018.82
1035.56
1037.64
1007.98
1038.18
1034.83
1022.1
1036.18
1011.36
972.177
985.793
974.064
945.865
907.245
916.895
949.224
937.729
948.698
960.247
959.136
954.275
978.423
955.262
995.126
994.526
973.757
1014.41
968.082
995.864
993.354
992.967
1006.28
1002.49
1021.09
1052.07
1034.14
1073.95
1056.51
1036.65
1032.62
989.345
1005.13
986.847
1029.52
1043.79
1024.25
1032.08
1047.7
1025.35
991.163
996.171
994.636
961.225
982.181
943.065
956.451
1002.52
985.612
957.592
953.455
908.302
938.832
938.893
968.555
985.006
959.7
948.542
960.122
967.541
996.906
1011.59
1021.64
1008.35
986.358
997.041
1009.37
1044.88
1048.84
1038.09
1050.58
1048.93
1076.54
1046.62
999.551
985.056
988.638
1008.73
998.223
991.5
1009.02
1010.61
1002.35
981.052
1008.86
1012.69
990.216
958.373
952.191
939.873
926.411
916.882
935.561
962.745
965.55
955.8
954.448
953.644
948.168
919.147
914.061
913.491
912.454
911.842
904.233
908.462
912.549
876.601
898.616
907.056
922.847
938.448
909.127
936.047
919.601
923.185
941.789
953.899
960.765
955.998
954.853
968.569
1004.51
973.619
993.722
1007
988.852
954.544
944.132
934.809
942.799
948.546
962.05
950.552
943.326
924.769
946.855
949.776
933.978
928.065
908.372
908.709
903.673
897.989
919.327
909.616
905.693
887.337
879.98
864.188
869.308
901.425
856.528
851.994
878.004
873.392
858.755
852.07
854.441
861.456
857.316
873.229
862.799
862.357
846.931
854.035
848.223
853.692
851.661
866.598
853.414
871.073
872.54
877.324
843.211
860.929
828.69
812.196
803.565
798.881
803.817
827.2
805.522
815.73
837.637
827.445
820.239
815.028
827.207
878.145
862.154
881.838
873.513
865.225
850.833
836.02
827.973
826.372
820.714
809.076
823.634
831.814
852.331
859.475
867.25
887.966
895.029
850.017
809.779
808.635
832.973
832.274
819.244
834.15
842.312
839.196
836.958
826.62
835.004
816.485
801.206
801.009
824.951
827.5
832.117
813.042
821.705
813.421
823.251
820.604
791.024
815.105
800.797
812.106
819.082
826.392
828.84
825.661
820.719
809.939
793.721
801.22
796.844
793.204
782.322
786.054
798.339
788.435
780.788
784.986
784.704
774.191
791.896
793.71
813.859
782.822
773.019
742.16
744.806
778.015
812.649
803.89
790.267
767.088
752.629
774.344
762.407
756.155
735.909
759.638
773.072
774.6
778.803
760.236
776.098
776.412
791.968
792.693
777.96
772.288
767.656
751.988
769.099
775.102
766.437
790.353
775.718
752.101
760.854
756.692
777.958
792.084
783.979
754.163
730.405
734.637
740.833
736.07
726.414
740.256
728.99
706.558
713.095
717.43
731.159
734.578
724.922
726.742
735.981
745.585
742.192
750.22
737.103
734.069
715.233
734.367
720.301
740.632
747.321
738.303
721.535
729.452
732.339
715.544
713.645
700.666
724.134
724.277
721.949
714.193
723.643
736.084
717.227
715.131
706.589
698.554
711.786
714.517
721.814
737.049
727.935
723.055
734.628
704.669
692.37
685.481
699.734
704.272
706.947
703.916
699.68
704.675
694.386
718.125
711.442
704.167
706.693
715.752
710.921
693.687
700.248
731.665
740.092
733.792
734.695
717.618
706.996
703.204
698.469
677.233
700.052
684.474
685.856
662.844
679.591
689.605
680.442
681.543
652.191
672.236
662.418
685.564
682.473
680.471
673.356
664.499
670.627
686.237
701.076
691.407
701.894
707.755
676.755
668.476
664.453
674.934
698.456
703.06
703.952
690.707
691.203
681.972
689.115
673.059
681.075
690.415
675.696
665.38
658.285
657.276
662.759
664.246
659.06
659.58
635.23
632.369
638.998
621.443
636.939
641.251
640.739
644.501
645.414
633.46
636.358
639.108
627.127
612.845
616.272
617.127
613.317
619.511
622.933
646.494
628.267
629.47
627.651
621.362
596.079
601.749
615.8
603.919
615.282
620.769
613.112
610.874
602.858
610.872
622.016
596.774
601.511
607.317
598.532
595.601
591.212
589.796
581.431
596.425
599.286
597.754
609.201
610.654
607.373
607.31
612.72
629.761
625.961
616.165
601.873
601.964
596.31
576.258
580.428
568.6
557.197
559.369
571.657
575.029
571.36
575.887
571.368
574.429
571.45
570.687
569.54
576.63
574.343
579.514
582.055
575.572
579.343
576.712
583.945
588.8
578.507
579.643
581.878
564.807
562.757
557.481
560.397
554.873
544.229
537.446
551.228
550.029
551.584
534.364
532.822
524.049
528.791
528.101
529.119
517.495
514.906
519.977
508.84
512.826
522.426
539.858
548.042
547.939
554.688
552.656
552.731
543.231
545.083
544.689
546.436
544.466
539.993
539.113
537.128
533.61
537.014
537.046
535.432
535.973
531.038
532.248
533.104
541.881
525.624
533.5
527.213
539.268
536.332
537.323
553.367
556.129
543.293
538.401
539.762
545.601
542.126
543.469
542.68
542.937
541.47
541.1
539.397
543.456
545.022
546.27
545.718
543.217
535.152
547.925
547.916
551.562
554.034
544.877
553.204
530.179
531.773
535.942
535.46
529.119
530.715
523.088
516.18
516.449
514.547
506.276
506.626
509.184
508.243
509.743
513.095
510.254
514.06
512.909
512.019
513.051
512.197
514.585
499.833
495.569
497.518
494.603
492.75
500.909
510.224
504.468
494.455
498.644
498.538
499.299
480.242
487.472
492.171
493.467
496.952
500.496
487.926
484.944
490.488
492.246
493.28
502.914
513.486
509.357
510.595
507.596
491.226
487.485
486.326
488.575
481.692
479.12
475.22
483.653
480.666
485.882
477.336
481.138
487.538
488.318
478.353
478.291
487.883
485.653
501.975
491.611
487.295
486.153
504.726
508.486
507.403
498.28
499.465
496.354
492.339
499.79
500.014
501.373
497.513
496.697
494.526
495.275
493.252
494.582
491.981
497.403
490.989
495.461
501.588
496.484
487.6
491.67
498.48
494.006
493.848
494.474
485.018
495.468
495.581
490.318
493.738
488.361
484.665
491.826
491.653
498.283
492.529
485.365
491.206
485.903
493.53
485.971
485.712
486.124
491.565
484.722
491.185
486.804
491.405
490.984
485.306
477.953
474.06
474.954
476.835
470.043
470.388
468.152
462.049
469.155
468.425
467.673
468.461
469.047
471.602
466.938
465.879
474.055
470.113
463.929
458.104
449.067
456.596
455.923
458.854
452.259
449.521
451.506
452.001
456.456
451.622
444.609
445.847
442.327
444.789
443.694
445.996
450.806
448.607
447.852
443.386
445.727
442.128
440.285
446.448
445.478
448.674
447.118
452.208
453.273
447.909
448.948
448.807
450.066
444.414
441.242
437.775
440.366
438.767
443.319
445.128
440.164
440.202
439.415
437.743
441.39
443.246
442.929
445.077
445.348
445.327
440.736
437.326
436.722
431.415
434.733
437.315
435.427
436.048
439.501
445.35
441.307
446.438
440.975
441.536
439.573
438.875
440.739
436.674
436.346
442.942
442.504
441.73
441.444
444.774
442.893
443.848
438.671
429.522
426.273
425.528
427.82
428.471
419.307
416.79
417.001
417.259
423.804
419.141
423.054
421.263
425.273
422.859
421.302
422.776
416.83
419.083
423.587
422.097
416.372
412.489
413.894
411.25
414.318
411.749
412.715
410.616
407.44
406.063
405.395
410.572
414.418
406.098
404.531
408.347
411.439
405.624
404.649
405.223
405.599
406.701
404.783
406.833
408
412.698
409.15
409.191
407.154
406.767
406.21
409.405
402.405
407.613
410.613
408.152
408.743
408.41
402.944
404.78
403.494
400.289
397.245
396.55
400.608
401.371
397.844
397.355
402.18
408.778
410.208
408.805
408.827
405.547
403.544
402.117
405.363
406.678
402.289
403.851
403.08
398.829
395.835
400.79
398.885
396.276
392.213
389.575
386.337
387.11
387.073
389.496
392.475
392.41
393.484
390.934
386.479
382.458
383.481
388.063
391.899
392.503
392.91
394.145
394.57
391.669
392.617
394.081
393.027
389.667
390.261
389.472
383.762
384.754
385.569
382.351
381.551
385.485
390.54
390.449
384.216
381.73
378.015
381.082
376.089
373.537
375.715
380.737
382.235
383.035
383.461
382.45
380.343
384.825
377.769
379.87
381.128
379.7
377.739
382.007
380.08
378.336
378.836
375.244
376.92
376.428
376.355
375.115
371.475
373.698
371.871
371.272
373.756
378.395
371.974
374.301
373.136
373.292
374.11
373.277
371.599
373.95
373.716
370.249
371.764
371.192
371.921
373.113
373.996
371.51
372.737
373.532
372.365
370.23
370.26
372.865
373.694
367.19
366.176
366.949
368.407
366.24
369.06
367.123
368.387
366.329
365.808
364.929
365.977
366.717
365.804
366.277
365.107
366.069
368.758
367.503
363.546
363.332
362.683
363.056
362.432
364.58
365.608
364.978
362.581
363.983
363.732
366.706
365.826
362.301
362.953
363.58
365.036
367.215
367.413
366.177
365.837
367.308
363.428
359.141
357.29
358.563
355.053
356.225
356.569
357.047
356.526
359.206
357.333
355.635
356.898
357.153
357.221
354.206
353.785
354.708
354.532
354.62
353.918
355.726
355.463
354.833
353.324
353.295
356.555
356.518
357.556
360.361
359.111
355.279
356.421
354.355
354.147
353.412
354.533
353.201
352.151
353.303
354.172
354.04
353.629
354.038
354.041
352.528
354.167
355.473
357.225
356.801
355.969
357.174
355.228
353.533
353.057
354.511
352.923
351.071
349.913
347.515
347.588
347.463
346.263
345.624
345.04
344.566
344.864
345.908
348.889
351.924
351.349
344.676
344.793
345.033
342.812
344.489
342.935
343.847
345.944
346.618
348.215
345.969
345.207
346.109
346.41
343.476
345.176
342.589
340.895
341.24
340.656
340.764
340.86
339.751
339.497
338.471
341.273
340.333
340.63
338.155
339
336.663
338.44
340.386
339.043
340.406
340.038
340.551
342.107
341.19
337.644
339.816
339.061
339.488
340.985
341.069
341.418
341.382
343.659
343.251
344.749
345.837
345.698
344.681
345.561
343.84
342.364
341.32
342.935
344.62
346.318
344.893
345.976
346.584
344.547
344.161
344.543
345.102
344.877
344.141
345.012
341.047
341.473
341.582
338.585
336.876
337.043
336.653
335.932
335.9
334.989
334.949
334.269
335.042
334.097
333.976
334.78
332.949
332.022
332.265
332.36
332.071
331.687
333.424
331.659
331.619
329.977
327.981
327.183
327.613
328.901
328.92
329.678
330.755
329.857
328.472
328.375
328.324
329.117
330.391
329.567
330.123
332.54
334.058
334.892
335.67
334.156
334.306
335.222
334.957
332.738
332.411
330.85
330.814
330.494
330.935
330.761
329.628
327.608
327.835
328.238
325.869
325.578
324.632
323.757
324.955
325.389
324.088
324.617
324.534
324.31
324.735
324.463
323.622
323.989
322.613
321.162
321.459
321.824
322.45
322.855
323.558
324.298
324.897
324.2
324.929
324.445
323.629
322.44
322.65
324.048
324.289
323.164
323.536
324.413
324.578
325.364
325.757
324.995
322.894
323.76
322.719
323.94
324.084
324.348
323.728
322.578
320.548
319.26
317.419
318.088
318.878
318.555
318.248
318.097
318.178
318.173
318.189
317.413
316.977
317.865
318.831
317.601
318.872
319.116
319.797
319.48
320.02
320.228
320.06
319.872
319.83
319.046
319.873
319.136
318.49
318.663
318.313
319.166
318.039
316.882
317.869
317.684
317.029
317.442
316.771
316.424
315.384
314.21
314.695
314.6
314.959
314.78
313.716
314.007
314.517
314.981
314.803
315.427
315.658
315.999
315.907
317.431
315.95
316.423
315.269
315.425
314.879
314.482
313.777
313.923
314.117
313.616
313.533
313.91
313.814
314.125
314.864
315.001
314.416
313.737
312.934
313.144
314.042
315.092
314.331
313.465
313.775
313.955
313.956
313.464
313.286
312.931
312.94
312.479
312.685
312.905
313.455
314
313.79
315.299
315.142
314.199
313.854
313.134
312.989
312.33
313.155
313.013
313.457
312.872
314.132
315.058
314.15
313.446
313.248
313.576
312.855
313.983
314.822
314.409
314.568
315.123
314.361
314.244
313.459
313.388
312.791
311.184
311.513
311.433
311.196
