Mut_X Mut_Y Mut_Size Mut_Rot Mut_R Mut_G Mut_B Mut_Type Time_Sec
72315 71130 82136 74035 83339 83211 83179 68555 2123.67
0 0 0 0 0 0 0 0 2123.67
--- Historial MSE por cambio de temperatura ---
14976
15082.6
14970.1
14762.4
14733.6
14819
14781.6
14507.1
14292.5
14533.7
14102.2
14327.8
14381.8
14275.5
14251
14097.6
14093.1
13670
13220.2
13449.7
13508.7
13359.6
13633.4
13422.4
13411.7
13680.7
13585.5
13671.8
13351.1
13508.1
13556
13426.8
13461
13930.3
14527.9
13975.4
14539.2
14539.4
14503.3
14785.5
14571.7
14421.6
14185
14602.3
13947.5
14050.5
14104.4
14163.2
14275.4
14150.5
14383.8
15059.1
14781.5
14513.1
14297.7
14370.9
14437.5
14514.6
14713.4
14178.8
14726.4
14749.1
14738.5
14725.5
13947.6
14218.8
14313.8
14199.7
14422.7
14053.1
14092.2
14264.3
14100.1
13225.2
12795.1
13230
13282.9
13290.2
13271.5
13722.8
13762.2
13051.9
12753.6
13134.4
13652.6
13548.9
13880
13459.7
13458.7
13255.6
13375.9
12865.4
13061.8
13077.3
12995.4
12590.7
13303.7
13071.6
12954.8
12758.9
12456.3
12646.7
12784.8
13025.1
12902.1
12723.4
12908.2
13005.1
13340.4
13311.1
12903.3
13140.1
13043.1
12784.6
12853.1
12850.6
12960.2
12527.6
12784.2
12813.6
12595.1
12790.6
12536.2
12698.1
13183.1
12827.7
12864.8
13136.7
13056.4
13384.8
13323
13435.5
13507.2
13704.4
13586.2
13054.3
13500.2
13296.3
13235.4
13307.7
13711.6
13078.3
12889.9
12778.6
12983.4
12534.6
13038.3
13040.1
13452.9
12952
12914.7
12757.6
12743.1
13201.5
13194.7
13185.2
12954.9
12657.2
12636.4
12732.4
12942.6
13051
12707.4
13080.2
12750.8
12640.8
12423.6
12403.8
12357.9
12566.3
12407.3
12608.9
12225.5
12562
12413.7
12886.9
13261.7
13120.6
13099.7
13144
12860.7
13100.5
13435.4
13438.2
13808.4
13903.4
14032.6
13766.9
14014.7
14090.8
13553
13629.4
13269.8
13189.4
13094.1
13159.8
13091.3
12966.5
13444
13227.8
12644.5
12925.9
12588.5
13029.2
13249.4
13402.9
13657.3
13173.9
12909.1
13241.8
12921
12777.3
12799.5
12719.8
12930.3
12845
12983.4
13012.7
13273.4
13191.7
12922
12766.9
12979.4
13176.9
13186.1
13288.1
13069.3
13300
13411.4
13340.5
13222.5
13158.1
13169.6
13283
13456.6
12976.7
12567.6
12863.9
13005.1
13233.3
12857.2
13323.1
12915.8
12463.4
12768.2
12860.5
12511.4
12664.8
12656.9
12617.4
12490.7
12153.1
12418
12492.8
12340.1
12583.4
12591.6
12095.1
12085.4
12586.3
12930.6
12820.4
12578.2
12595
12697.7
12904.7
13160.2
13477.2
13583.6
13626.6
13291.7
13102.7
13140.8
13446.1
13846.9
13881.9
13862.4
13527.2
13556.7
13666.6
13610.2
13356.2
13776.7
14141.7
13866.6
13713.3
13909.8
14073.8
13364.6
13597.7
14234.4
14305.5
13798.6
13490.7
13455.9
13249.8
13420.7
13458.9
13477.6
13420.5
13479.7
13897
14140.1
13672.3
13442.2
14086.5
14159.5
14016.1
14051.5
14375.6
14290
14080.3
13585.5
13959.2
13845.9
14022.6
13851.4
13988.6
14290.7
14055.8
14444
14382
14218.3
14029.5
13943.2
14003.3
13742.1
13659.4
13760.7
13829.8
13738.4
14093.9
14062.9
13797.5
13656.3
13180.6
13730.3
13642.9
13366.7
13047.5
12854.8
13477.9
13367.1
13965.5
14104
13878.4
13858.9
14072.9
13930.3
14180.5
14323.7
14370.2
14428.5
14461.3
14048.8
14069.3
14208.8
14567.2
14598.9
13839.4
14065.8
14229.6
14379.1
14231.6
14451
14514.5
15001.9
14566.7
14405.1
14540.1
14156.2
14724.4
14475.6
13996.5
14213.5
14299.3
14027.7
13918.5
13920.7
14117
13954.9
14572.4
15304.7
15035
15260.2
14780.5
14747.4
15059.6
15073.8
15035.1
15170.9
15133.5
14838.9
14940
14981.5
14742.2
14683.7
14674.9
14726.7
14532.6
14619.8
14596.7
14008.8
14008.3
13604.1
13586.3
13661.1
14042.2
13807.1
13915.1
14025.1
13841.5
13717.2
13857.6
13602.5
14156.6
13637.5
13810.2
14275.4
14246.5
14304.8
14338.9
14315.8
14258.4
14376.6
14077.8
13582.6
13531.8
13135.7
13261.9
13071.4
12919.5
13269.2
12810.9
13017.2
12709.8
12942.5
13117.6
12969.7
13043.1
12662.8
12514.8
12042.3
12184.7
11799.9
12448.7
12832.1
12578.8
12223.4
12118.6
12476
12033.8
12084.9
12075.1
11655.6
11769.2
12091
11943.5
11940.4
12268
12641.1
12520.9
12745.1
12476.4
12621.7
13159.7
13161.4
12670.1
12495.7
12383.3
12197
12363.8
12740.9
12353.9
12441
12584.6
12390.8
13002.5
13066.7
12954.7
13137.6
13173.1
13269.3
13521.3
13110.7
13117.8
13077.2
12900.8
12981
12921.9
13407.1
13241.4
12905.7
12661.7
12901.2
12030.3
12248.8
12620.1
12956.4
13037.7
13342.2
12888.2
13549
13046.1
12957.1
13365.5
13691.9
13700.7
13396.1
13597.8
13391.2
13052
13219.1
13572.4
13438.3
13162.7
12592.1
11809.5
12157.9
12288.6
12549.2
12272.3
12070
12532.8
12992.1
13463.2
13376.1
13151.9
12885.8
13043.7
13152.2
12691.2
12831.5
12564.1
12308.4
12176.6
12398.2
12440.9
12588
12889.5
12444.5
12261.5
12785.1
12271.6
12324
12458.5
12148.4
12517.7
12237.5
12360.3
12482.4
12963.8
13215.7
13000.9
12359.8
13027.1
13115.6
13013.5
13130.7
12957.3
12335.7
12650.9
12338.6
12297.7
12602.3
12341.6
12429.2
12300.8
12065.6
11629.2
12175.7
12727.6
12546.8
12752.4
13072.9
13261
12915.2
12406
12171.4
12064.6
12635.7
12436.4
12304.2
11989.8
11909.8
11961.5
12099.1
12467.8
12304.3
11887.5
11868.4
12003.2
11768.5
12041.9
12502
12395.7
12061.1
12168.9
12137.8
12210.8
12076.9
12398.9
12613.7
12568.1
13167.8
13831
13692
14080.9
14015.8
13562.3
13173.8
12984.1
12967.5
12913.6
13361.6
13392
13203.9
12655.3
12913.7
12774.2
13115.7
13220.5
13165.3
13033.2
13035.8
12759.6
12673.3
12795.4
12938
12942.8
12825.6
12721.9
12569.3
12403.4
12606.1
12694.1
12654.8
12636.9
12311.6
11986
11698.3
11811.7
11818
11805.5
12095.9
11479.5
11806.8
12182.5
12362.8
12377.5
12169.5
12075.6
12379.9
12519.5
12165.4
12155.5
12172.9
12421.5
12408.3
12199
12357.5
12623.2
12871.6
12508.5
12753.3
12517.4
12371.8
12737.9
12590.3
12533.9
12352.3
12184.1
12592.5
12029.3
11940.5
11317.5
11436
11638.1
11349.9
12059.1
12044.6
11994.5
11234.7
11250.7
11507
11656
11772.5
12058.4
12396.3
12091
12286.8
12247.3
12371.5
12574.6
12533.3
11887.6
11421.5
11749.3
11751.7
11222.6
12035.8
11900.5
12144.9
12122.2
12232.9
12473.4
12518.2
12397.9
12002.1
12150.5
11716
12263.3
11881
12439.8
12760.6
12678.7
12602.8
12316.2
12417.7
12133.8
12243.3
11869.1
11853.4
11951.2
11460.6
11704.5
11793.4
12081.1
12086.5
12093.9
11845
11441.9
11063.5
11203.9
10953.3
11615.3
11968.7
12081.9
11666.4
11220.6
11694.9
11466.1
11297.6
11311.9
11478.1
11876.7
11448.6
11666.8
11801.5
12163.7
11994.6
11518.7
12124.8
11631.3
11807.8
11628.1
11468.9
11589.8
11093.5
11279.1
11253.2
10836.5
11263.3
11367.6
11354
11289.2
11077.8
11196.6
11427.2
11708.2
11656.2
11405.2
11609.5
11628.9
11565.5
11428.7
11459.5
11718.5
12058
12336
12355.7
11875.4
11735
12184.9
12241
12283.3
12089.8
11494.5
11531.2
11361
11102.8
11228.5
11188.4
11652.6
11738.9
11483.4
11206.4
11382.7
11560.1
11682.4
11996
11642.1
11533
11449.3
11207.4
10815.5
10688.9
10938.5
10967.4
11516.2
11877.7
11831.6
11136.5
10928.8
11302.4
11280.4
11001.8
11260.4
11088.3
11182.8
10902.6
10914
11029.3
11081.1
11001.8
11195.8
11533.5
11316
11119.6
10987.6
11282.4
11173.6
11364.7
11379.8
11009.2
10740
10588.4
11057.5
11003.5
10829.8
10675.1
11544.6
12025
11231.1
11273.3
10651.8
10680.3
10686.4
10545
11246.7
11351.4
10923.1
11010.1
10628.8
10039
10507.2
10617.1
10936
10560.1
10633.6
10464.3
10597.7
10938.7
10942.5
10343.3
10304.3
9889.84
9890.06
9916.9
9481.92
9747.27
10010.1
9940.45
9939.64
9679.18
10214.9
9732.54
9585.36
9839.28
10132.4
10128.4
10029
10441.1
10358.5
10329.3
9655.43
9990.59
9605.52
8943.65
9794.77
9450.27
9690.69
10106.1
9882.14
9883.92
10054.2
9942.79
10164.4
10179.1
10091.1
10083.6
9812.54
10012.7
9683.23
9423.03
9823.73
9779.39
9703.54
9600.83
9740.58
9929.82
10235.2
10537.8
10260.4
10500.4
9970.04
9326.87
9893.51
9924.55
10636.9
10285.8
9968.89
10195
10254
10205
10352
10488.3
10368.7
10464.6
10304.5
10382.2
10507.2
10299.9
9880.85
9515.63
9361.65
9028.39
8844.7
8456.35
8267.62
8351.29
8737.18
8792.05
8921.33
8896.95
9185.68
8654.48
8674.69
9130.81
9108.81
8932.38
9061.53
8973.53
8857.46
9167.98
8909.3
9035.81
9285.26
9887.77
9894.64
9866.75
9497.81
9219.03
9264.35
9364.32
9246.11
8602.76
9316.48
8840.89
9169.17
9016
8625.4
8712.94
8895.02
8943.21
8965.77
9250.84
8887.66
8594.54
8758.07
8671.6
8709.16
9216.69
9110.82
9654.23
9458.77
9357.25
8862.65
8888.3
8899.29
9019
9046.65
8867.37
9436.23
9949
9857.25
10032.3
9508.71
9119.58
8951.29
8788.02
8725.13
8729.55
8796.74
8500.22
8941.17
8845.53
8942.18
8830.4
8869.69
8550.93
8084.24
8294.01
8322.08
8234.69
7964.61
8048.6
8021.77
7681.52
7581.92
7601.14
7557.76
7239.78
7464.06
7622.42
7979.71
7804.58
7951.37
7994.26
8025.45
8261.71
8486.05
8146.43
7915.89
8064.53
8464.12
8990.23
8834.72
8682.85
8775.3
8869.28
8779.11
8923.75
8611.48
8706.25
8396.99
8480.76
8187.09
8103.35
7655.53
7537.87
7069.47
7213.23
7100.94
7104.02
6961.08
7276.74
7424.72
7432.4
7554.06
7544.1
7739.99
7557.2
7275.63
7452.56
7107.96
7251.18
7401.96
7299.22
6791.49
7083.81
7137.92
6712.75
6893.73
6816.94
6507.12
6562.97
6736.26
6363.49
6657.15
6637.31
6349.02
6530.46
6540.46
6477.03
6496.31
6218.93
6852.74
6946.69
6688.79
6910.15
6996.77
6557.53
6190.83
6212.26
5974.33
6471.09
6237.76
5825.63
5931.69
6166.75
6174.44
5707.35
5443.83
5661.2
5208.73
5240.29
5324.33
5384.31
5718.14
5802.55
6206.58
6110.57
5799.43
5857.57
5597.4
5846.24
5571.73
5604.77
5652.12
5856.01
6121.29
5931.97
5761.37
5762.83
5984.7
5980.02
5706.13
5701.34
5430.61
5469.28
5580.26
5718.95
5692.65
5970.4
6022.41
6282.12
6199.79
6375.99
5971.71
5669.93
5699.38
5765.67
5539.54
5303.74
5059.95
5569.54
5512.28
5193.69
5319.27
5053.58
5348.43
5658.23
5555.61
5611.79
5684.97
5264.87
5400.6
5434.49
5675.49
5848.15
5803.14
5920.27
5618.34
5368.32
5507.14
5538.08
5357.43
5091.5
4900.82
4962.2
4674.22
4669.94
4682.14
4890.85
4826.35
5356.63
4966.85
5250.33
4851.74
4705.97
5048.94
4875.27
4603.33
4874.06
5004.58
5304.44
5319.59
5196.56
5294.38
5169.44
5392.1
5237.51
5248.17
5398.82
5148.49
5111.2
4927.97
4703.76
4705.9
4872.02
4806.79
5194.53
5034.04
5050.49
5194.63
5008.51
5048.55
5192.93
4949.65
5233.14
5435.83
5445.81
5665.64
5478.06
5124.08
5072.09
5115.72
4901.37
4524.9
4387.65
4364.78
5053.17
5079.61
4983.57
5253.63
5361.44
5002.21
4935.44
5056.64
5112.11
5164.62
4934.33
5021.68
4763.19
4905.32
5273.15
4874.35
4750.68
4788.63
4626.4
4608.56
4608.03
4779.07
4825.43
4829.23
4585.15
4553.81
4562.6
4924.31
4902.1
4754.15
4600.91
4588.84
4635.05
4742.94
4984.63
4955.7
4773.13
4284.83
4268.68
4476.66
4561.04
4800.49
4696.33
4767.49
4606.94
5026.26
4570.85
4437.84
4474.43
4338.06
4116.04
3997.85
3994.77
3837.49
3765.74
3597
3524.7
3581.68
3682.51
3799.3
3886.89
4058.79
3969.95
3736.55
3674.02
3768.43
3793.43
3956.13
3832.85
3795.82
3819.12
3873.68
3737.13
3946.21
3885.35
4139.64
4028.43
3965.54
4009.42
3950.98
4334.27
4225.34
4288.02
4054.57
4107.2
4172.51
4098.44
3998.34
3773.62
3987.54
4351.58
4326.92
4412.86
4240.7
4104.23
4251.14
4147.4
3881.32
3923.41
3617.4
3639.13
3749.97
3723.24
3592.63
3549.14
3508.06
3427.13
3483.09
3850.96
3946.39
3482.63
3638.34
3649.61
3606.09
3468.77
3467.95
3332.39
3403.36
3474.28
3581.87
3453.67
3459.65
3192.65
3575.85
3680.26
3467.14
3379.15
3436.58
3354.17
3150.41
3339.09
3246.15
3165.3
3174.5
3220.13
3262.97
3188.01
3314.97
3423.34
3299.36
3284.4
3149.31
3150.03
3249.22
3501.49
3503.89
3295.86
3347.64
3313.56
3157.58
3112.86
3169.84
3151.28
3103.35
3045.65
3122.89
3230
2929.04
3088.24
3014.68
2988.69
2872.12
3293.31
3117.15
3154.42
3166.16
3184.86
3120.53
3254.97
3213.47
2937.26
3030.23
3162.86
3091.55
3040.25
3154.54
3094.79
3055.93
3063.88
3339.4
3373.28
3498.62
3518.73
3330.7
3263.23
3312.59
3353.5
3213.64
3356.35
3388.55
3147.43
3111.05
2943.32
3005.8
2846.35
2841.98
2941.42
2993.22
2963.43
3022.36
2964.49
3011.68
3044.62
2983.84
3061.86
2991.42
3156.68
3025.94
2942.64
2847.25
2853.88
2954.83
2992.44
3016
2895.25
2947.34
2980.93
2843.89
2933.14
2883
2747.56
2836.66
2831.56
2851.23
2814.45
2876.62
2942.57
3042.44
2946.19
2880.07
2945.68
2883.57
2922.96
2936.41
2951.7
2897.89
2913.16
2807.05
2822.94
2805.61
2847.36
2779.66
2791.08
2710.81
2673.94
2887.45
2888.68
2817.68
2844.6
2656.27
2746.43
2829.52
2731.24
2724.97
2810.77
2641.54
2633.27
2788.83
2822.29
2762.7
2737.5
2729.14
2552.45
2543.14
2637.31
2569.54
2778.42
2726.33
2634.05
2485.65
2386.55
2428.05
2401.27
2583.66
2462.67
2507
2447.09
2414.99
2526.66
2511
2351.61
2301.07
2192.28
2183.97
2329.49
2503.4
2479.46
2462.54
2561.63
2485.78
2694.99
2513.32
2474.26
2288.29
2194.18
2249.75
2325.29
2215.34
2069.87
2127.73
2111.02
2174.45
2112.99
2159.7
2223.74
2276.02
2197.32
2072.16
2049.24
2029.86
2067.24
2135.59
2082.72
2030.31
1994.58
2130.47
2115.16
2067.45
2045.18
2000.9
1906.56
2045.86
2110.45
2009.87
2039.26
2067.15
1955.89
2201.53
2153.73
2125.25
2080.09
1995.55
1989.15
1950.19
1910.89
1895.71
1931.86
1848.95
1765.14
1803.39
1666.07
1639.46
1794.24
1696.97
1825.21
1763.81
1831.88
1874.35
1924.29
1795.43
1825.54
1882.73
1810.89
1751.72
1737.37
1723.23
1820.21
1806.83
1806.14
1857.43
1878.57
1966.55
1880.59
1806.47
1778.21
1809.19
1785.35
1748.57
1727.24
1719.81
1838.08
1697.9
1633.57
1719.35
1787.11
1702.66
1751.84
1799.71
1822.5
1850.64
1863.66
1791.05
1790.54
1695.78
1659.62
1615.21
1715.64
1781.49
1777.18
1779.72
1769
1741.03
1833.89
1788.89
1834.68
1811.45
1881.98
2003.34
1906.67
1859.25
1885.75
1859.33
1813.81
1908.48
1846.99
1776.71
1783.45
1802.92
1770.75
1769.99
1722.06
1740.85
1738.41
1724.25
1745.15
1749.44
1692.15
1678.37
1660.24
1643.49
1698.57
1719.74
1703.69
1720.66
1863.33
1792.7
1793.83
1717.05
1677.07
1693.64
1669.28
1654.69
1612.1
1532.73
1617.61
1611.61
1525.68
1559.46
1619.98
1616.92
1549.49
1582.64
1579.31
1584.33
1587.58
1582.71
1582.34
1555.01
1563.48
1559.37
1601.39
1627.76
1580.61
1541.59
1526.55
1571.63
1527.34
1540.45
1494.41
1471.35
1438.33
1458.65
1438.34
1513.31
1419.96
1484.19
1442.54
1459.6
1489.55
1487.17
1512.29
1472.47
1485.35
1512.73
1534.26
1545.65
1474.61
1471.94
1524.91
1495.24
1511.77
1519.65
1477.05
1494.82
1481.58
1464.15
1478.16
1445.32
1470.29
1464.46
1511.59
1407.67
1419.68
1415.46
1416.86
1450.32
1390.78
1325.31
1321.2
1308.79
1313.95
1324.19
1382.82
1369.92
1375.32
1402.06
1325.54
1305.51
1278.81
1304.17
1242.8
1380.28
1396.31
1372.33
1432.03
1369.25
1299.4
1226.3
1259.82
1301.23
1277.74
1232.2
1313.58
1296.86
1272.31
1253.46
1287.77
1325.67
1292.96
1359.88
1304.38
1319.29
1281.91
1280.07
1244.24
1238.11
1259.83
1270.5
1281.61
1280.2
1205.85
1194.01
1181.04
1201.63
1163.7
1156.69
1172.12
1132.53
1107.99
1110.57
1123.35
1106.84
1134.89
1170.46
1249.79
1176.79
1171.7
1146.92
1179.46
1176.35
1145.76
1200
1188.82
1171.68
1193.12
1206.35
1214.08
1221.6
1178.33
1175.77
1146.87
1119.65
1103.6
1157.38
1194.84
1229.04
1253.83
1249.64
1223.48
1225.38
1187.3
1187.07
1178.12
1216.59
1162.64
1125.6
1102.73
1106.55
1110.85
1116.75
1126.55
1073.15
1051.23
1045.72
1063.38
1095.85
1083.55
1120.37
1150.7
1116.74
1167.95
1174.65
1187.22
1119.28
1118.29
1156.09
1085.86
1079.97
1028.69
1019.24
1026.44
1036
1030.81
1070.94
1091.04
1121.92
1129.22
1113.87
1122.33
1090.84
1113.71
1112.75
1083.5
1075.5
1082.24
1068.69
1089.49
1045.86
1070.48
1062.58
1075.02
1071.88
1042.45
1073.16
1047.39
1068.54
1060.49
1083.87
1067.71
1045.5
1058.6
1061.27
1027.24
1011.82
1033.8
1041
1042.11
1058.92
1043.86
1011.81
1011.7
1035.2
999.158
976.642
951.698
971.604
1007.65
1027.37
1045.74
1036.48
1056.77
1041.63
1068.9
998.189
1026.85
1024.02
1052.28
1021.27
992.88
1031.6
1060.02
1053.68
1041.64
1044.16
997.083
978.767
992.068
1008.31
1018.39
998.994
1022.52
1028.19
1018.14
1021.79
1010.14
1000.77
953.983
938.76
916.656
918.799
913.089
899.68
896.918
903.608
934.486
935.342
913.235
939.277
929.909
929.579
900.877
942.309
896.237
923.519
888.525
872.366
882.53
876.826
855.014
870.624
863.684
870.376
902.803
889.84
906.764
909.122
938.343
909.372
906.764
912.308
923.594
936.752
888.49
857.41
844.432
851.888
843.233
872.271
820.175
855.574
810.922
799.427
832.202
854.61
855.003
855.564
857.853
809.964
821.706
828.959
831.885
828.192
823.347
833.266
803.598
825.01
798.467
804.408
816.119
830.162
809.277
789.453
770.729
810.854
764.762
738.994
712.229
721.623
758.229
744.274
732.438
728.252
725.099
721.239
708.927
723.375
734.007
729.104
715.326
719.063
714.661
713.308
752.417
721.608
732.403
736.15
734.225
736.348
721.579
712.108
679.998
703.791
678.944
677.724
676.312
683.781
703.233
702.679
690.021
716.024
736.706
722.697
722.045
701.501
694.741
683.366
703.141
687.804
689.768
666.448
668.081
676.059
664.3
679.273
692.398
701.499
697.361
690.72
692.27
669.544
656.017
664.478
684.09
650.839
649.714
650.172
640.171
646.6
667.284
667.991
668.919
677.038
676.721
675.061
661.706
655.917
662.273
661.239
648.34
638.305
627.725
634.944
630.92
629.927
632.201
632.839
625.341
627.415
626.438
645.296
640.455
636.752
643.97
626.556
622.586
600.742
608.497
619.543
620.338
608.587
625.664
625.285
623.151
634.123
625.441
621.876
624.127
620.446
615.617
614.172
614.977
609.651
588.142
592.367
606.667
593.882
603.333
604.612
590.728
604.189
596.756
592.355
589.284
589.491
582.999
569.826
577.207
571.418
577.669
582.839
592.205
579.963
579.197
572.079
572.413
578.096
590.459
593.594
576.362
567.132
568.253
570.764
568.699
558.678
559.759
562.811
543.575
567.858
551.568
525.598
518.119
499.725
499.908
499.516
509.419
514.688
499.797
514.617
508.445
499.81
493.365
479.56
486.174
472.306
483.022
484.575
491.271
492.655
489.087
489.96
501.199
508.168
528.643
531.872
526.005
522.4
508.956
499.232
496.154
503.099
508.837
501.637
500.09
510.621
512.966
486.187
487.145
474.135
480.097
472.04
486.362
488.093
470.489
456.373
455.492
463.369
460.681
470.281
469.228
478.062
473.316
457.822
445.552
450.575
439.765
440.745
440.473
445.556
446.008
448.192
448.008
448.561
435.944
431.495
443.465
430.811
431.437
427.912
427.081
415.496
406.448
415.601
413.917
417.524
417.464
411.284
418.163
417.986
408.717
403.534
404.464
407.37
399.717
414.706
413.332
433.66
439.122
435.295
433.411
431.449
426.46
426.657
424.524
418.007
417.274
414.851
413.126
415.907
416.499
421.248
415.486
419.228
410.494
409.335
416.824
407.038
403.264
396.086
398.981
396.526
403.618
411.433
411.049
401.642
405.245
397.19
405.651
399.355
412.705
408.525
397.785
397.193
384.857
384.644
392.186
387.343
389.478
386.971
380.068
371.591
370.378
373.404
376.795
362.722
357.966
349.224
351.897
350.202
351.879
353.054
352.432
350.982
347.786
342.047
341.887
347.547
343.952
344.093
341.96
338.346
342.663
339.53
339.121
336.053
336.266
335.975
347.435
348.053
352.264
356.726
352.472
351.073
345.417
343.653
343.388
340.921
347.672
342.665
347.794
346.933
345.453
350.201
354.411
346.286
348.875
346.857
343.337
340.185
342.688
347.322
352.472
341.161
331.897
326.908
326.085
318.944
320.026
317.861
318.771
314.381
317.859
315.261
317.795
313.635
314.062
317.455
322.561
322.954
308.043
309.762
306.025
307.335
313.7
308.533
302.545
304.789
309.695
298.219
292.923
297.853
298.42
299.163
293.217
296.943
299.243
301.056
302.799
310.092
309.899
308.66
311.842
300.239
302.645
300.689
299.69
298.154
298.594
299.537
303.454
303.934
297.908
292.795
299.547
298.285
291.357
291.779
296.04
299.665
293.682
291.17
294.996
297.614
295.637
297.246
294.792
288.456
293.934
291.273
295.974
298.123
297.239
294.576
296.617
299.863
299.709
299.421
294.637
293.037
293.279
291.281
290.938
294.178
295.273
288.642
294.969
291.857
290.577
296.437
293.149
293.783
290.978
291.094
288.058
286.589
290.542
291.493
294.947
290.221
289.978
293.813
294.956
284.289
284.431
281.1
281.297
286.367
288.562
287.409
287.315
286.931
286.362
278.691
282.809
288.193
285.214
286.5
287.492
283.89
282.854
285.084
281.427
286.045
285.149
287.383
290.048
291.215
287.431
290.046
289.335
285.596
280.045
284.605
278.177
272.707
270.53
271.425
276.424
276.835
280.133
276.981
279.095
279.678
280.972
284.216
281.517
287.135
282.063
280.017
280.928
276.144
271.547
278.844
281.48
286.024
281.88
277.203
274.124
273.71
271.696
264.567
265.483
263.418
264.16
263.732
264.492
261.824
259.328
258.804
259.041
265.399
264.762
265.172
263.643
258.083
260.23
262.739
261.315
258.169
256.457
255.107
254.569
252.589
251.342
247.162
242.402
243.103
241.353
241.709
240.42
241.065
243.185
243.625
242.138
244.026
246.46
247.675
245.872
245.424
247.559
244.7
244.127
244.495
242.53
242.539
242.734
240.377
237.678
237.102
236.805
233.028
237.625
236.788
239.209
240.467
240.597
240.577
243.316
242.607
242.93
240.22
240.587
243.058
245.99
244.363
241.777
241.498
239.484
238.754
236.868
236.529
237.52
236.461
237.099
235.932
237.41
234.781
239.115
238.053
235.6
238.483
240.05
239.66
238.652
238.743
237.212
236.98
234.197
235.039
235.856
235.318
232.347
231.488
233.543
230.772
228.958
229.013
226.641
226.201
227.328
224.489
222.138
224.149
225.656
226.798
223.765
223.882
223.159
223.272
220.54
219.844
219.341
221.084
219.118
219.015
218.868
219.124
218.192
216.806
218.597
216.859
217.205
217.756
219.747
220.155
220.393
223.201
224.439
223.477
220.575
216.669
217.09
215.659
217.561
219.143
218.334
218.301
218.712
219.897
220.71
219.067
217.61
217.229
215.701
215.174
217.512
220.276
219.731
221.168
221.683
217.875
218.352
219.684
218.396
216.741
215.691
213.305
215.969
217.016
217.747
217.954
217.478
219.966
216.877
214.981
214.419
213.204
213.31
212.58
211.328
211.546
209.071
208.709
207.639
208.984
210.281
209.517
208.668
207.242
207.2
209.38
208.494
209.028
209.126
209.814
207.743
210.13
207.505
206.658
208.419
206.924
206.752
206.616
205.448
205.283
204.737
204.579
203.666
204.807
204.467
203.438
203.513
203.244
203.483
202.767
204.151
203.913
205.59
207.179
206.995
205.933
205.442
205.323
203.975
202.512
201.96
200.232
199.513
198.548
199.567
199.113
197.359
198.131
195.736
196.161
196.678
195.64
195.857
196.679
196.884
196.577
196.925
197.552
197.291
196.612
197.198
195.389
196.65
197.311
196.582
196.651
195.117
195.907
195.831
193.1
192.556
194.279
195.09
196.243
195.716
195.25
193.398
193.671
194.564
194.9
194.618
194.386
193.055
191.387
191.137
191.974
194.229
192.482
192.78
192.177
191.725
189.737
188.293
187.865
188.12
188.716
188.349
188.436
187.543
186.421
186.089
186.363
187.851
188.611
186.999
187.457
185.894
185.383
185.904
186.681
185.343
184.655
184.77
184.15
184.981
184.306
184.269
184.438
182.773
182.173
180.892
180.815
179.676
177.657
177.009
177.052
176.924
176.387
175.533
175.859
176.613
177.247
177.699
177.483
176.525
176.872
177.546
176.969
177.405
177.142
176.7
176.659
176.76
175.227
175.79
175.175
174.894
175.637
174.968
175.248
174.923
176.751
176.349
177.311
176.223
176.561
177.189
174.702
173.972
174.633
173.732
173.673
173.066
172.082
172.143
170.956
171.951
172.315
170.477
169.36
170.056
169.897
170.053
169.486
169.09
169.336
169.326
168.684
168.157
167.555
167.562
168.123
168.421
168.874
166.018
166.105
164.837
164.735
164.084
163.287
163.064
162.343
161.464
160.757
161.646
162.418
162.432
161.032
160.453
160.025
160.535
160.828
160.573
159.89
160.028
159.632
159.533
160.244
160.42
161.399
161.721
161.446
162.171
162.361
161.423
160.45
160.349
160.798
160.278
160.053
159.612
160.843
161.452
159.865
158.081
157.975
158.293
157.215
156.863
157.163
157.12
156.396
156.433
155.925
155.965
156.568
156.705
