Mut_X Mut_Y Mut_Size Mut_Rot Mut_R Mut_G Mut_B Mut_Type Time_Sec
54170 55943 66316 58257 65724 65175 65807 51955 1851.5
0 0 0 0 0 0 0 0 1851.5
--- Historial MSE por cambio de temperatura ---
21270.5
20969.8
20699.9
20964.1
20437.5
20801.2
20561.4
21243.9
21423.9
21479
21035
21108.1
20500.1
20358.2
20259.5
20858.4
21028.3
20569
20250.1
19923.6
20326.6
21066.3
21367.4
21261.5
20833.2
20896.4
20783.3
20885
21310.9
21310.2
21153.2
20928.3
20752.2
19953.4
20647.4
20763.4
20529
20365
20477.1
20429.7
20146
20043.6
20353.5
19649.5
19955.2
20030.9
20138.8
20078.5
20137.4
20164.1
20162.6
20136.9
20113.4
19884.3
19790.9
20482.2
20072.1
20219.6
19960.7
20049.7
20755.1
20269.4
20438.6
19728.8
19896.9
19545.8
19266.4
19237.5
19098.7
19291.2
19614.5
19552.2
19871.9
19624.6
20051.6
19646.1
19491
19981.8
19397.7
20306.3
20052.5
20107.6
19822.4
19847.9
19606.2
19543.7
20259.3
20026.6
19737.9
20302.6
20559.3
20418.5
20381
19794.8
19260.9
19465.7
19218.1
19277.3
19303.4
19265.2
19272.6
18911.3
19407.1
19809.6
19281.4
19730.6
19248.8
19355.2
19478.9
19877.3
19585.3
19600.3
19930.5
20251.8
20687.6
20119.8
19891.6
19670.2
19831.2
20322.4
20289.3
19991.9
19685.1
20042.5
20097.7
20014.1
20027.3
20500.7
19415.4
19769
19945.4
20038.5
20024.5
19995.2
20435
19991.6
19472.7
19692.6
20269.2
19662.5
19953.1
19786.6
19967.9
20023.2
19646.9
19934.6
19738.9
18654.2
18474.1
18631
18424.7
18942.3
18951.3
18365.3
18342.5
18369
18313.6
18764.7
19428.5
18995.1
18641.1
18596.6
18841.9
18995.5
18226.9
17981.7
18555.1
18277.3
17879.2
18102.2
17732.4
17932.1
18121.9
17564
18299.3
17604.9
17685.4
17359.7
18334
18358.1
18722.5
18667.2
18812.9
18789.4
18011.6
18192.3
18473.3
18650.3
18612
18181.7
18142.6
18420.2
19024.9
18588.4
18443.1
18877.7
18050.5
17647.1
18080.7
17478.3
17849.7
18069.3
18383.7
18638.5
19075.3
18914.7
18286.5
18724.8
18868.4
18506.7
18819
19217.6
19002.9
19439.3
19277.7
19064.8
18954.1
18583.5
18547.7
18982.8
19028.1
19194.6
19102.4
18844.2
19260
19413.3
19221.6
18949
19139
18658.3
18371.1
18199
17586.8
18169.6
18131.3
18085.6
18217.3
17924.1
17881
17569.4
17611.4
17738.1
17442.3
17774.8
17675.2
18513.9
18524.8
18358
18400.3
18018.7
18461.6
18422.3
18276.9
18657.8
18564.4
18305.2
17543.5
16856.3
16777.9
16639.2
17169.1
16900.2
16980.9
17085.3
17084.6
16824.1
17137.6
16484.3
16596.9
16630.1
17581.9
17191.6
16917.1
16918.8
16525.1
16989.7
17663.5
17679.9
17440.4
17276.1
17924.5
17647
17643.2
17415.7
17167.6
16701.8
17184.8
16805.7
16885.8
16722.3
17866.9
17204.6
16896.8
16448.1
16324.7
16361.7
15517.2
15951.2
16236.4
16262
15493.3
15684.5
15420.2
15161.8
16033.3
16673.4
15162.3
15472.4
16001.1
16460.5
16028.2
16493.7
15894.2
15794.4
16041.4
16757.9
16386.5
16309.2
16105.7
16659.4
16345.1
16259.1
16019
16667.4
16462.8
16359.8
16023.2
16182.5
15689.2
16167.3
16396.2
16270.9
16553.9
17321.6
17610.5
17215.5
17712.1
17578.3
16637.3
16250.5
16313.7
17106.7
17962.1
17907.9
16612.4
16370.2
16371.6
15780.5
16424.3
16378.2
16448.2
16772.8
16975.1
16915.6
16730.8
16812.7
16790.5
16765.7
16276
16187
15926.3
16076.2
16465.6
15887.5
15394.8
15977
15791
15178.9
15708.1
16868
16531.2
16470.1
16933
16799.5
17063.8
16493.2
16048.1
16332
16505.9
16529
16509.1
16118.4
16443.3
16033.2
15822.5
15302
16123.5
15941
16705
16755.4
16358.1
15658.2
15875.3
15336.6
16067.7
16166.3
15669.7
15234.4
14912.1
14906.3
15403.1
14848.7
14799.1
14245.1
14090.9
15043.6
14893.7
14384.6
14273.8
14259.7
14706.7
14811
15345.4
15023
14911.5
15259.9
15098.2
15000.3
15115.1
14639.1
13814.9
14019
13591.6
13760.2
13681.4
13966.8
14372.3
14492.3
14417.6
14659.5
14614.5
14493
14551.8
14567.8
14429.2
14564.7
14706.8
15160.1
14454.4
15039.3
15739.3
15089.8
15389.6
15714.2
15431.3
15688.6
15790
14598.9
14655.8
15409.1
14507
14622.9
14743.5
14415.2
14878.1
14939.2
15891.9
16143.7
15377.2
14772.9
14300.6
14794.7
14851.6
15151.6
15616.6
15729.9
15710.2
15363.5
15409.9
14955.1
14856.8
14915
15869.4
15233.5
15318
15391.2
15148
15079.6
14724.2
14121.4
13988.9
14523.4
14222.4
14231.9
13823.1
13432.5
13890.6
13534
13704.9
13864.2
13042.1
13012
12741.4
13125
13196.1
12604.3
13061.5
12463.7
13105.4
13289.6
13086.5
13722.7
13155.2
12994.2
12916.8
12972.3
13441.2
14227.1
13607.3
13298.3
13042.6
13403.5
14079.3
14228.5
14247.2
14605.4
14004.9
14408.6
14549.1
14879
14706.5
15480.4
14992.1
15078.4
14949
15193.3
15694.6
14991.3
14464.4
14137.3
14836.1
14581
15232
15742.1
15665.7
14923.7
14392.7
14143.5
14587.7
15027.9
14295.1
14514.2
14094.4
14505.7
14443.7
14592.8
14326.4
14735.3
14424.5
14236.9
14501.9
14336.5
14463.9
14766.2
14116.7
14506
15150.4
15462.4
15108
15496.2
14061.2
14051.3
13977.9
14021.6
14698.4
14644.5
14624.3
14679.5
14996.7
15222.8
15051.3
14937.9
14424.3
14373.8
15488.2
15360.2
16010.7
16141.3
15596
14936.8
14523.6
14067
13503.3
13891.9
13771.3
14137.9
14908.2
14946.7
15065.8
14295.5
14316.3
14564.4
14595.3
14672.4
14235.7
14557.7
14231.2
13691.8
13826.6
14182.6
14273.3
14150.2
13854.1
13035.5
13293.9
12848.7
13241.3
12793.8
13689.7
13928.3
13649.2
13925.4
14787.1
15033.4
15061
14489.8
14930.9
14579.9
14585.3
14448.9
14153.2
14156
14473.3
14390
14763.9
14639.4
15336.7
15295.6
13911.1
14560.9
14413.6
14667.4
14390.5
14470.1
14647.1
14947.2
14604.8
14281.3
14014.6
13791.5
13101
13252.2
13900
13911.6
13703.3
14353
14021.3
14099.4
13990.7
14455.8
14404.4
13800.8
13909.5
13880.9
14154.6
14677.1
15119.6
15177.1
15148.9
15094.2
15950.2
15591.6
14702
14601.1
14351.7
14179.3
14187.5
14361.1
14987.5
14891.1
15059.8
14591.5
14479.8
14445.4
13587.5
14288.9
14696.4
15192.1
14459.9
14387.3
14527.3
14577.6
14623.9
14803.7
14295.2
14962.9
13998
14471.3
14080.2
14141.6
14035.8
14288.4
13984.1
14018.4
13776.4
14266.6
14932.2
14146.2
14277.6
13854.9
13922.8
13413.2
13234.3
13409.7
12704
12895.5
12289
12128.3
12213.9
12669.5
11670.7
12443.3
12460.4
12023.2
11943.9
12068.5
12242.5
12281.1
11985.1
11510.3
11599.8
11880.6
12030.7
11708.5
11961
11706.4
11657.1
11572
11781.4
11728.2
11389.4
11514.1
12315.1
11878.8
12104.1
12141.9
11944.2
11913.1
11969.4
11809.2
11796.4
11674.6
11368.2
11083.3
11063.8
11226.1
11101.9
10483.9
10823.9
11015.3
10801.2
10398.2
10740
10643.5
11096.1
11689.4
11613.1
11606.3
11573.9
11347.1
11338.2
10671
10913.3
10840.8
10676.1
10467.3
10480.6
10279.6
10551.2
10211.7
10433.6
10135.3
10143.5
10642.2
10457.4
10277.5
10403.2
10257.9
10877.2
11023.3
11084.1
10748.1
10638.4
10686.4
10593.5
10447.6
10352
9788.08
9506.1
9686.15
10288.5
10236.7
9997.75
10050.3
10212.5
10113.2
10120.9
10192.5
10490.4
10406
10487.3
10233.2
10651.2
10609.6
10438.4
10656.5
10228
10305.6
10404.4
10379.4
10287.7
10463.7
9942.2
10072
10276.2
10265.8
10311.7
10592
10792.3
10515.6
10380.1
10060.6
9886.53
9908.02
9916.96
10356.5
10005.9
10119.9
10483.5
10225.5
9828.52
10239.1
10237
10140.7
10412.8
10499.9
10321.8
10036.1
10163.2
9925.92
10385.9
10362.4
9925.37
9443.95
9801.22
9942.21
9984.36
9794.46
9888.54
9938.33
9593.62
9220.12
8773.57
8799.12
8693.37
8879.75
9136.68
9345.1
9123.79
8962.55
9325.96
9887.03
9703.14
9157.01
9341.31
9171.54
9084.15
9350.34
9894.6
9429.32
8925
8796.5
9237.39
8837.1
8961.26
9040.88
9238.66
9128.44
8702.22
8900.72
8924.16
8779.38
8473.53
8686.79
8783.78
8596.3
8384.21
8602.45
8305.95
8668.3
8526.05
8243.06
8518.12
8757.7
8168.68
8004.98
8125.04
8632.31
7793.89
8537.45
8751.22
8417.24
7513.51
7349.6
7458.65
7429.05
7513.23
7587.06
7962.31
7989.98
7680.84
7688.38
7724.07
7847.37
7587.74
8036.77
7399.97
7288.85
7618.58
7848.92
7604.28
7368.85
7445.45
7557.48
7353.91
7028.49
7454.31
7511.78
7017.41
7071.14
7084.37
6691.17
6700.43
6591.74
6486.12
6691.8
6341.99
6435.23
6821.05
6885.84
6897.9
6365.05
6410.22
6745.41
6307.55
6272.32
5997.28
6475.79
6315.92
6106.15
6222.27
6545.17
5840.57
6090.67
6202.72
6077.67
6057.2
6459.68
6491.31
6538.82
6477.12
6372.04
5946.74
6061.67
6060.95
6107.04
6018.7
5992.34
6433.65
5981.53
6036.6
5726.85
5420.12
5417.56
5594.39
5614.56
6042.04
6180.63
6501.2
6536.23
6132.64
6307.81
5682.92
5793.47
5987.23
5926.34
5962.22
5897.15
5965.85
5760.89
5603.53
5561.48
5878.88
6010.58
5901.08
6097.73
6121.85
5589.8
5405.52
5497.62
5303.64
5336.49
5340.19
5333.42
5339.07
5386.71
5074.85
5039.57
5028.82
4889.12
4429.77
4055.29
4512.55
4513.46
4213.22
4284.43
4248.2
4290.06
4261.44
4258.03
4316.44
4128.73
3982.8
4002.57
4030.01
3989.73
4084.25
4168.74
4212.63
4260.97
4256.63
4295.45
4443.46
4519.03
4284.18
4592.8
4702.12
4309.03
4489.38
4380.52
4243.86
4376.23
4140.68
4257.57
3963.21
4047.9
4021.07
4182.79
4019.99
3906.84
4218.07
4109.92
4023.2
4204.6
4077.8
4371.26
4386.18
4477.15
4511.04
4456.13
4458.89
4551.08
4481.51
4511.96
4679.92
4702.58
4686.01
4595.06
4493.29
4720.41
4853.34
4646.46
4734.05
4919.52
4831.2
4911.96
4912.37
4499.26
4613.27
4591.01
4650.12
4373.44
4591.71
4601.27
4600.53
4354.75
4357.62
4429
4172.2
4134.03
4402.77
4560.94
4489
4295.84
4151.55
4140.41
3779.96
3789.54
3808
3913.8
3987.96
3911.2
4083.45
3799.9
3901.64
3919.57
4151.74
4064.1
3691.09
3732.42
3803.27
3537
3533.44
3386.79
3414.27
3358.98
3448.12
3441.52
3347.93
3089.36
2893.09
3033.75
3164.32
3344.71
3421.11
3182.04
3136.26
3056.98
3090.61
2994.04
3032.78
2876.88
2877.3
3089.66
3112.91
3056.08
2946.15
2911.12
2961.47
2871.29
2967.39
3241.55
3318.01
3285.95
3162.23
3239.27
3208.34
3200.72
3192.97
3141.58
3182.38
3136.45
2978.91
2698.59
2700.7
2640.03
2558.55
2825.58
2931.73
2925.44
2885.6
2885.52
3125.01
3120.13
3050.66
3037.26
2919.25
3009.02
3183.24
3323.67
3029.42
3170.17
3164.11
3130.78
2964.55
2730.78
2778.33
2752.32
2844.68
2877.29
2809.54
3002.04
2862.54
2899.22
2868.21
2940.36
2985.44
2995.08
2987.6
2919.91
2945.6
2866.97
2820.41
2813.11
2856.92
2745.91
2720.24
2527.11
2594.47
2588.49
2559.87
2745.36
2666.3
2637.88
2757.04
2876.99
2733.61
2717.54
2715.31
2738.06
2631.09
2528.33
2662.71
2548.96
2530.1
2409.19
2555
2455.69
2413.35
2355.28
2405.31
2468.89
2465.78
2416.2
2431.36
2526.45
2435.13
2409.64
2482.63
2538.05
2520.29
2619.35
2600.58
2493.56
2389.68
2267.54
2262.49
2344.71
2277.81
2221.42
2285.04
2222.15
2239.49
2200.88
2123.8
2064.6
2067.75
2151.72
2088.06
2193.93
2091.39
2135.77
2199.41
2200.5
2084.95
2055.4
2080.82
2177.73
2084.8
2002.74
2114.52
1963.67
2056.28
2110.74
2000.13
1945.9
1908.88
1861.94
1821.11
1772.6
1855.15
1881.99
1910.4
2039.06
2000.8
1975.96
2076.03
2115.95
2095.39
2133.37
2080.55
2099.96
2178.96
2065.57
2213.01
2082.63
2007.14
2039.22
2091.48
2074.5
2109.06
2267.61
2147.51
2070.08
1990.56
2023.42
2093.56
1985.19
2003.05
2036.84
1988.43
2042.55
2075.14
2009.9
1997.42
1991.03
1978.41
1992.52
2009
2070.9
2070.22
2024.8
1982.63
1969.09
1859.91
1865.49
1790.49
1755.7
1736.07
1723.24
1852.34
1834.72
1787.68
1789.11
1764.05
1740.99
1650.8
1654.26
1666.73
1663.48
1637.61
1674.74
1633.72
1639.94
1633.68
1592.33
1621.22
1537.94
1644.31
1662.39
1695.63
1622.77
1619.33
1702.94
1722.64
1766.01
1778.95
1730.24
1843.23
1839.83
1723.4
1713.23
1631.43
1631.09
1579.9
1605
1625.27
1540.88
1579.24
1620.12
1592.28
1532.8
1554.4
1528.74
1525.42
1547.98
1602.37
1708.97
1677.89
1661.44
1684.8
1610.78
1643.54
1604.53
1680.22
1658.01
1602.09
1635.6
1601.84
1627.07
1646.94
1594.02
1547.52
1597.59
1574.9
1575.66
1587.28
1570.69
1541.96
1465.87
1495.89
1490.91
1436.16
1451.4
1441.49
1481.25
1472.99
1490.12
1499.28
1537.24
1515.74
1491.12
1446.6
1457.58
1453.73
1474.69
1430.13
1414.53
1425.01
1397.58
1395.94
1394.16
1389.38
1399.64
1415.59
1463.27
1426.12
1435.74
1363.26
1368.12
1374.55
1344.56
1363.49
1366.33
1362.3
1357.54
1370.35
1342.61
1337.46
1347.85
1323.5
1304.43
1302.52
1328.98
1404.02
1400.59
1383.73
1425.02
1412.77
1460.12
1418.17
1418.61
1436.7
1365.53
1368.73
1340.16
1326.61
1301.63
1270.77
1245.26
1279.61
1297.08
1249.82
1318.45
1258.75
1260.99
1251.42
1257.57
1244.49
1194.57
1214.94
1205.22
1233.49
1224.31
1261.35
1226.22
1215.82
1252.91
1240.99
1224.27
1175.25
1183.05
1150.37
1116.63
1184.92
1190.93
1205
1203.6
1170.25
1173.26
1199.63
1171.21
1206.69
1192.36
1173.63
1174.79
1153.56
1138.31
1162.9
1159.88
1165.89
1187.81
1204.53
1199.04
1200.48
1191.82
1187.8
1147.05
1129.81
1117.44
1136.13
1154.76
1207.79
1175.71
1167.69
1143.35
1141.44
1136.95
1128.64
1115.85
1115.42
1122.13
1134.19
1142.14
1132.34
1139.71
1150.39
1132
1139.11
1152.41
1147.47
1117.85
1108.62
1139.91
1149.38
1154.44
1123.5
1128.04
1134.91
1105.79
1148.14
1142.91
1136.88
1084.91
1107.61
1101.52
1096.96
1104.58
1098.78
1118.65
1102.46
1121.63
1102.09
1079.72
1076.73
1087.87
1108.39
1102.81
1151.82
1141.83
1130.13
1169.4
1122.13
1090.43
1129.92
1128.73
1141.98
1133.65
1136.76
1096.15
1102.21
1091.18
1101.68
1098.42
1060.47
1064.85
1062.22
1028.7
1055.05
1047.23
1037.83
1032.31
1023.4
1013.19
1032.47
1045.62
1069.79
1018.03
994.878
1025.15
1014.96
1010.64
992.543
979.879
966.665
954.827
991.562
988.764
994.859
1009.97
1005.4
1017.13
1025.17
1013.94
1007.26
1014.16
1029.59
980.523
990.057
995.151
991.776
987.933
1006.03
990.687
977.978
978.196
975.709
997.927
995.59
1016.93
1001.2
979.797
947.544
958.343
912.221
910.051
899.821
911.723
884.281
893.654
890.368
893.754
895.477
889.18
888.427
913.56
933.351
920.812
927.639
916.375
934.322
929.437
911.79
901.518
907.142
920.229
908.267
923.323
927.182
902.717
898.474
896.703
878.238
876.46
878.414
905.579
908.584
891.667
884.243
875.521
893.714
870.153
889.661
884.248
873.455
870.027
888.318
899.954
887.57
913.57
913.556
888.675
892.876
875.351
864.697
863.958
860.696
874.796
855.986
863.691
852.418
857.748
851.945
852.448
856.679
873.574
858.992
856.619
873.818
876.02
853.559
872.991
876.49
864.307
854.129
860.197
856.016
843.947
858.732
836.42
858.951
847.051
863.006
870.787
871.082
878.988
865.375
842.917
839.782
840.517
840.73
827.968
813.834
820.494
814.144
821.178
818.355
818.461
816.485
820.369
822.804
798.835
804.922
813.732
836.793
811.877
823.638
828.288
828.203
835.955
829.104
820.981
813.483
815.728
808.743
805.145
801.457
801.227
803.206
805.602
813.548
820.843
799.24
784.653
796.037
793.712
781.419
775.589
783.244
777.328
784.221
786.462
785.723
797.841
788.181
781.405
788.825
787.421
781.069
784.545
784.568
789.53
780.574
772.525
781.789
770.323
776.257
777.341
778.832
783.949
786.975
784.679
796.232
792.362
792.485
790.125
785.972
783.713
782.931
789.746
799.362
796.34
786.227
782.093
781.467
789.237
794.05
806.1
793.657
783.978
787.027
783.529
776.109
774.822
771.418
770.459
767.465
761.9
758.646
767.851
760.071
761.833
759.756
758.177
751.164
753.048
756.808
752.836
772.623
779.662
765.64
753.155
745.453
739.878
737.516
745.088
749.302
753.179
749.631
746.324
745.533
732.41
740.856
733.744
729.737
733.492
735.732
741.777
744.852
744.627
746.558
752.972
747.798
738.612
739.677
730.714
731.207
734.37
733.35
735.486
732.407
718.644
722.8
737.725
735.616
727.937
728.555
720.227
722.036
727.087
731.336
731.44
725.415
727.37
723.213
720.33
719.556
709.249
709.07
710.362
701.502
694.453
696.372
690.979
689.126
696.028
691.469
693.641
702.555
697.099
698.881
684.448
680.329
673.113
673.287
671.616
676.331
685.67
682.988
677.58
678.878
673.886
673.795
672.047
677.797
676.176
672.536
677.356
678.564
672.743
674.529
680.419
680.313
678.909
678.945
679.952
684.08
680.892
683.894
674.23
674.129
666.411
670.816
668.215
668.628
673.652
669.456
665.693
664.855
666.582
669.6
669.934
666.715
669.584
675.101
665.266
663.005
659.384
659.692
655.617
659.501
658.794
652.756
659.728
658.65
653.524
650.195
648.851
647.989
651.501
651.686
655.338
657.248
651.877
645.214
639.526
640.066
636.45
637.225
638.76
643.416
643.127
641.514
638.902
641.844
639.488
639.171
635.86
633.816
631.848
632.649
628.902
629.811
628.256
631.584
628.354
624.975
620.128
622.529
619.425
622.615
618.318
619.406
623.901
630.225
627.558
631.754
633.282
636.105
631.879
631.262
625.634
625.662
627.11
633.975
634.035
629.186
633.493
633.371
628.126
624.22
618.501
615.535
615.629
615.348
621.894
618.018
618.714
620.263
618.021
625.8
626.453
625.219
617.394
612.655
608.343
610.86
606.137
608.49
605.248
606.591
607.308
609.144
607.769
605.381
604.257
604.555
603.854
599.271
596.456
599.905
598.463
595.281
594.127
596.03
596.009
594.505
594.456
598.344
597.527
595.293
589.729
592.919
590.984
591.618
594.582
592.693
587.615
588.078
585.627
587.212
584.477
583.885
587.836
589.057
587.328
587.765
585.846
583.002
584.202
584.566
579.601
577.762
577.075
576.927
578.14
577.354
577.9
574.381
575.142
572.41
571.491
568.946
566.475
565.212
565.435
568.232
568.717
569.504
569.442
571.268
572.446
573.144
569.963
565.803
565.187
566.58
567.062
565.66
566.224
568.794
567.139
567.024
567.312
565.979
565.064
561.587
564.432
564.442
565.904
564.62
565.283
564.615
562.602
564.042
563.605
562.5
562.97
562.98
561.03
563.887
560.703
560.832
557.427
559.55
559.304
555.015
557.527
553.744
549.861
549.361
548.957
551.254
548.147
548.634
547.755
548.245
550.601
551.405
552.525
549.95
549.254
550.848
549.496
550.089
548.791
549.652
548.706
547.973
548.246
546.03
545.067
542.84
541.117
540.825
542.752
543.81
544.367
541.604
544.106
542.648
544.058
543.773
544.795
543.821
543.306
540.704
539.881
539.984
538.063
538.863
539.403
539.739
538.089
537.7
536.904
533.648
533.71
535.655
535.86
536.248
535.027
534.752
534.552
534.19
534.111
534.78
533.501
533.888
531.814
531.281
530.068
531.941
530.122
530.959
531.888
531.376
532.637
532.479
532.378
531.923
531.544
531.008
530.765
530.806
532.045
531.231
530.889
530.879
529.678
531.11
531.594
529.079
526.498
529.893
527.39
528.12
527.895
527.597
526.476
525.989
525.479
521.654
521.19
520.883
520.581
521.731
522.598
522.585
523.236
523.202
523.759
524.474
526.539
523.402
524.081
523.483
524.191
523.394
521.106
520.755
521.076
519.956
520.323
519.94
520.591
520.144
521.021
520.941
520.428
521.049
520.208
520.683
521.29
519.293
519.493
518.08
517.599
518.372
517.756
517.556
515.988
517.514
517.237
516.679
516.122
514.444
514.569
514.153
512.771
512.528
512.823
512.577
513.445
513.917
513.195
513.073
513.147
513.097
512.481
512.622
511.748
511.627
511.412
512.566
511.302
510.945
508.762
509.108
509.144
508.68
507.384
507.175
507.364
505.494
505.753
504.762
503.86
504.51
503.94
502.978
502.013
502.284
501.775
501.994
500.754
500.534
500.894
502.128
501.624
501.161
500.666
500.609
500.079
498.916
498.015
498.106
497.043
496.947
497.37
497.097
496.97
496.466
495.59
494.768
495.346
495.251
495.313
494.621
494.614
494.65
495.777
495.551
495.534
496.229
496.819
496.1
