Mut_X Mut_Y Mut_Size Mut_Rot Mut_R Mut_G Mut_B Mut_Type Time_Sec
291759 285620 333643 292676 331274 330853 332510 271039 4809.04
0 0 0 0 0 0 0 0 4809.04
--- Historial MSE por cambio de temperatura ---
16233.5
16035.4
16369.6
16357.2
16448.8
16382
16121.5
15987.6
16245.7
16326.3
16449.5
16406.7
16016.5
16164.9
16511.2
16621.2
16634.1
16413
16215.4
16528.2
16181.7
16501
16391.8
16212.6
16175.4
16214.6
16636.7
16515.4
16152.8
16264.9
15611.1
15726.3
15681.5
15955.9
16276.4
15500.3
15841.1
16009.3
15931.8
16147.5
16057
16048.3
16035.8
15924.3
16277.1
16117.6
16154.3
16730.3
16257.5
16446.7
16440.9
16374.5
16903.2
17055.4
16881.4
16670.9
16889
17372.6
17652.7
17944.8
17345.5
17266.8
17357.7
17710
17250.9
16764.2
16612.1
16378.8
17178.8
17096.3
17314.1
16931.1
16704.9
16498.2
16609.7
16715.6
16713.6
16230.5
16479.9
16216.9
15557.1
15794.2
15988.9
15910.2
16232.9
16195.7
16409.2
16665.2
16548.4
16390.7
16162.2
15940.1
16484.3
16549.7
16460.1
16453.7
16087.7
15731.5
15435
16320.7
16174.6
15914.3
15634.3
15958.6
15279.5
15964.8
15708.3
15570.3
15760.2
15779.8
15673.3
15693.9
15313.1
15573.8
15950
15884.9
15605.5
15319
15262.8
14978
15339.5
15428.7
15760.7
15441.4
15525.1
15529.8
15271.7
15144.1
14998.4
15133.4
15298.1
15275.1
15476.4
15423.1
15231.6
15588.5
15418.2
15078.3
15421.9
15326.1
15405.5
15192.5
15189.9
15147.4
15094.1
14936
14920.5
14987.4
15072.9
15183.7
15329.3
15254.9
15195.8
15435.8
15157.6
15421.9
15181.8
15191.5
15422.4
15490.4
15828.6
15935.4
16031.5
16100.8
15648.8
16114.1
16290.3
15771.2
15966.7
15963.5
15429.5
15337.4
15772.1
15460.8
15588.7
15567.9
15293.4
15326
15366.9
15227.9
15031
15482.6
15346.6
15268.6
15129.2
15164.4
15551.1
15606.6
15234.3
15285.5
15330.9
15349.3
15680.7
15460
14953.5
15014.7
14882.6
14396.5
14517
15184.3
14839
15044.5
14660.4
14916.4
14910.9
14860.1
14601
14719.7
14554.1
14780.7
15026.8
15251.4
15820.9
15155.9
14434.7
14466.6
14423.3
14284.6
13705
14245.2
14378.1
14565.4
14431.2
14241.2
14536.3
14451.7
14433.5
14444.9
14476.4
14693.1
14568.1
14666.7
14746.4
14312.7
14254
14025.1
14358
14449.7
14542.6
14448.9
13991.5
14379.7
14391
14664.2
14660.9
14969
15046.9
15020.8
15511.1
15277.1
15675.6
15866.6
15401.6
15140.9
14874.1
15236.2
15150
15176.2
14919.2
14823.6
14606.3
14920.6
15036.4
15032.4
15130.1
15107.9
15422.6
15560.6
15295.6
15181.6
15121.4
14987.5
14744.5
15193.1
15328.9
15361
15053.7
14902.8
14808.2
14571.1
14242.9
13699.1
14328.4
14289.6
14109.5
14339.3
14623.5
15053.9
14847.3
14766.3
15090.3
14381
14964.6
14936.8
15145.9
15184.4
15214.2
14966.9
14794
15137.2
15094.4
14954
14556.4
14830
14726.9
14704.4
14536.2
14351.5
14662.1
14866.4
14575.1
14592.6
14369.6
14448
13878.1
14375.6
14367
13999.6
14170
14367
13956
14276.7
13978.1
14231.8
13888.3
13491.4
13543.6
13734.9
13748.9
14116
14344.9
14021.4
14303.2
14665.7
14346.9
14469.9
14622.4
14683.2
14835.2
14783.5
14677.8
14020.5
14044.8
13493.8
13711.9
13908.1
14154.9
13696.5
13872.4
13966.2
13933.1
14063.4
13662.1
13772.6
13985.5
13743.8
13753.2
13894.4
14071.4
13999.1
13768
13197.6
13309.7
13743.3
13841.7
13503.1
13791.8
14027.2
14388.4
14473.8
13931
13581.1
13850.2
13514.4
13171.6
13249.9
13171.5
13606.7
13516.6
13994.9
13548.3
12898.2
13283.9
13137
13271.1
13064.2
13107.9
13519.2
13533.8
13873.3
13911.7
13856.1
13629.4
13894.2
13881.5
14347.7
14287.8
14103.8
13698.6
13527.8
13485.5
13569
12968.7
13663.6
13473.7
13563.8
13458.3
13782.8
13782.1
14147.1
13713.9
13596.9
13843.9
14020.8
14308.2
14585
14301
14203.4
14137.6
14216.3
13864
14042.2
13768.3
13690.3
14265.9
13821.4
13758.1
14215
14124.1
14363.2
13967.8
13867
13830.9
13902
14406.6
14113.3
14571.7
14526.6
14272.5
14142.1
14548.3
14714.2
14597.5
14454.4
14387.5
14061
14235.8
14225.1
13815.7
14044.8
14091.2
14110.6
13789.7
13996
14171.6
13898.8
14239.7
14230.6
15031.1
15023.3
15208.1
15304.9
14893.3
15055.6
14344.6
14269.6
14363.7
14350.8
14041.3
13979.5
14002.5
13647.4
12764.2
13215.4
13106.9
13162.4
13275.8
13797.2
14354.2
14579.9
13758.5
14051.7
13957.2
13770
13473.6
13165
13576.3
13902.1
13558.8
13730.3
13609.1
12883.3
13519
13988
13937.5
14459.4
14014.2
13987.9
14315.3
13825.9
13537.1
14097.1
14104.4
13617.7
13480.1
13553.7
13662.9
13816.1
13185.4
13694.7
14058.2
13988.9
14146.7
13763.2
13729.1
13483.6
13064.5
13078.8
13021.7
13775.3
13193.1
13167.2
13319.8
13228.8
13188.3
14193.4
13677.2
13643.8
13360.2
13373
13563.6
13065.5
12966.1
13046.3
13027.9
13073.2
13021.5
13055.9
13123.8
13421.6
12992.3
13152.9
13612.7
13461.6
13037.5
13154.6
14127.4
13908.1
14010.7
13846.7
13855.4
14435.1
14547.1
14748.2
14213
14649.1
14534.6
15089.4
15326.5
14968.4
15164.3
15104.1
14896.9
14894.4
14699.7
15160.2
15396
15151.1
14828
14568.5
15029.6
15441.5
14942.9
14700.4
15032.3
14836
14575.7
14876.9
15048.8
15261.4
15147.1
15236.6
15556.4
15653.9
14951.7
14610.4
14476
14555.5
14382.8
14838.7
14029.6
13826.1
14343.3
14190.8
14521
14391.5
14064.5
14229.6
14064.1
14369.7
13950.3
14829.9
14060
14027.1
14010.9
13892.5
14245.3
14106.1
14082.5
14087.5
14230.3
14599
14481.2
13845
13716.9
13996.8
14167.6
14028.2
14196.7
14033.9
13301.2
12927.4
13266.9
13633.5
13274
14338.9
14227.8
14560.5
14474.7
14068.1
15071.3
15190.7
14263.7
14048.5
14229.4
13627.9
14331.8
14278.8
14634.8
14794.5
14271.9
14359.1
14694.8
14838.4
14831.3
14984.5
14656.5
14826.6
15000.7
14994.4
14825
14308.7
14503.1
14242.4
14052.8
13854.7
13766.3
14305.5
13761.6
13357.5
13710.5
13517.4
13917.5
14083.3
14866.9
15148.9
14835
14887.1
14616.1
14670.4
14552.8
14346.4
14601.7
14319
14050.9
13815.7
13640.8
13605.3
13473.6
14242.9
14341.6
13685.1
13243.9
13768.1
14320.3
14061.1
14474.2
14169
14539.5
14617.2
14118.3
14181.2
14069.9
14427.3
14368
14523.4
14267.6
14169
14066.2
13263.9
13779.2
13996.8
13892.1
13908.5
14148.8
14263.8
14058.5
14011.6
14161
14066.1
13350.6
13583.8
13096
13391.3
13525.7
13497.2
13504.4
13318
13227.7
12820.2
13340.2
13270.7
13514.8
13577.1
13453.2
13786.5
13626.6
13388.8
13417.4
13351.4
13445.5
13670.9
13939.1
13713.4
13744.5
13541.9
13545.1
13692.9
13637.7
13682
13894
13955.6
14368.2
14256.8
14341
14137.5
13713
13822.2
13885
13765.9
13970.7
13943.7
13815
13364.4
12827.1
12984.6
12357
13243.5
13120.4
13381.9
13349.5
12568.8
12859.9
13517.2
13565
13399.1
13639.3
13542.3
12997.9
13484.8
13243.8
13141.5
13432.8
13339
13860
13159
13136.4
13054.3
13596.7
13071.3
13216.1
13402.5
13160
13997.9
13957.2
13770
13954.7
13858.3
13181.8
12587.2
12152.7
12160.8
11363.6
11735.6
12611.4
12735.1
13501
13545.5
13668
13185.2
13501.3
13053.8
13268.3
13670.7
13390.1
13143.1
12812.7
13070.9
13285.7
12912.1
12891.4
12989.6
13095
13395.9
13415.2
12944.3
13202.5
13446.6
13402.7
13381.4
13161.7
13201.3
12815.1
13401.3
13362.4
12843.1
13265.4
12659.7
12851.5
12634.2
12478.5
12429.8
12277
13560.6
12888.5
12816.2
13401.5
13010.2
12950.9
12724.5
12974.6
13336.7
13686.5
13873.9
13465.2
13227.1
13365.5
13141.6
12940
12276.6
12018.2
12607.8
12483.2
12904.5
12902.5
12886
12911.1
12545.8
13803.4
13353.4
12723
12499.7
11892.2
12462
12241.8
12436.1
12881.5
12918
12923.3
12657.4
12818.2
13623.2
13902
13968
12822.1
13294.3
13050.7
13183.8
13006.7
12681.9
12566.7
12863
12759.3
13536.4
13310.3
13038.1
13300.8
12683.2
13191
13548
13349.9
12329.2
12727.2
12711.7
12787.7
13471.4
14179.3
13789.7
13882.7
13530.5
13447.9
13483.2
13728.4
13501.9
13983.1
13532.4
13054.6
13151.2
13356.4
13488.7
13560.1
12921.2
12945.9
13124.7
13313.7
13326.6
12632.5
12936.6
12607.9
12298.2
12519.7
12508.3
12754.3
12621.6
12985.2
13127.1
13066.8
13256.7
12993.6
13171.4
12531.7
12338.6
13162.2
12372.5
12367.4
12638.1
12369.1
12476.8
11827.8
12259.1
11516.5
11433.2
11663.2
12240.9
11959.1
12811.1
12699.3
12466.9
12784.7
12483.1
12009.4
12417.8
12186.2
12243.8
12361.1
12691.2
11957
12607.5
11940.8
11633.1
11733
12188.1
12486.4
12217.8
12089.4
12168.7
11925.1
12275
13092.7
12779.1
12301.7
11983.8
12028.7
11575.1
12228.1
12761.6
12548.5
12061.2
12488.6
12535.6
12573.9
12040.5
11895.7
11725.2
11725.7
11566.7
11678.4
11926.7
12801.9
12726.3
12154.8
11754.6
12338.1
11850.7
11934.9
11761.1
11613.6
11372
11325.3
11401.1
12060.2
12414.7
12269.2
12173.2
12045.7
12530.4
12856.4
12353.9
12961.7
12836.2
12644.5
12440.2
12487.7
12894
12672.2
12862.4
12935.7
12533
12763.6
12550.3
11673.6
11684.8
12357
12667.3
12046.2
13259.4
13266.5
12380.6
12595.2
12070.3
11935.7
12322.7
12631.6
12645.7
12171.3
12660.8
12510.1
13107.1
12832.6
12769.5
13015
13445.3
13770.5
13505.5
13202.7
13390
13986.5
13216
13269.5
13491
13225.4
13171.4
13420.6
13530.3
13022.8
12516.5
12611
12554.6
13133.5
12926.7
13056.1
12990
12644.8
13124.4
12878.8
12813.1
12323.2
12563.2
13093
13181.1
13650.3
13251.4
13384.6
13528.2
13245.4
12991.4
13060.1
12710
13144.6
13444.7
12454.6
12708
12559.5
12412.8
12642.8
12767.1
13353.4
13413.9
13096.9
13102
13092.9
12424.6
12283.6
12477.2
12713.1
12781.8
12963.7
13020.6
12817.6
12362.1
12789.3
12491.1
12554.9
12536.9
13194.1
12725.2
13136.5
12838.3
13720
13554.8
12680.7
12652.3
12542.9
12620.4
12806.5
12641.7
12631.7
12668.5
12065.1
12758.2
11970.4
12309.9
12257.1
12005.5
11352.3
12159
11610.9
11350.9
11314.5
11236.1
11087.5
11645.4
11508.2
11418.5
11956.1
11984.3
11848.6
12241.6
11651.8
11688.4
12011.6
12444
12399.5
12091.9
12449.1
12999.8
12790.1
13137
12981.4
13056.1
13540.5
12849.4
13409.1
12883.3
13003.8
13583.1
12780.6
12962.3
13221.8
13290.7
12902
12873.8
13251.9
13424.1
13388.5
13214.4
12845.3
12449.5
12591.6
12819.4
12815.6
12641.1
12932.9
12722.3
12397.1
12665.2
12866.4
13369
13332.6
12840.5
13651.2
13472.4
13889.9
13458.3
13200.3
11766.5
12307.5
12623.4
12049.7
12779.4
12802.6
12239
11761
11044.1
11342.3
11474.8
11752.4
11314.8
11751.6
11820
11573.4
11375.2
11528.4
11776.8
11283
11367.4
11050.7
11147.6
11290.6
11089.2
11060.6
11346.1
11582.4
11414.1
10917.8
10418
10647.7
10632.6
10477.3
11235
11054
11002.6
11223.6
11807.8
10843.1
10872.2
10731.5
10658.8
10475.9
10011
10831.5
11023.8
11514.2
10780.5
10903.4
10821.8
10120.7
11278.5
11032.7
11055.6
12036.7
12063.5
12648.1
12140.7
10543
10429.5
10962.6
10297.8
10487.7
10593.3
10647.6
10655.9
10538.5
10918.3
9926.45
9832.24
10816.9
10928.8
10313.3
9823.56
10311.1
10782.4
10225.8
9757.13
10549.1
10734.7
10475.1
10634.7
11101.6
11394.5
10922.5
10777.3
10830.6
11218
10514.6
10835.5
10652.7
10950.5
10699.9
10378.7
10870.3
11666.7
11636.2
11827.3
11208.8
11161.6
11449.7
11603.8
11238.2
11184.6
11772.2
12067.7
11929.7
11251.4
10607.2
10815
11028.8
11070.6
10810.3
10687.9
10560.5
10305
10882.8
10930.1
10942.1
10220.7
10727.4
10201.9
10177.8
9469.13
9603
9776.92
9956.77
10637.5
10144
9311.37
9760.45
9659.71
9410.33
9190.66
8985.08
9075.34
9739.72
10036.9
10098.9
10299.8
10819.2
10701.6
10247.5
9805.5
9967.25
9587.88
9819.65
9980.94
9541.01
9988.46
10906.2
11154.5
11112.8
11349.2
11540.9
11811.6
12187.9
12258.9
11887.8
11823.7
11112.5
11158.8
11163.3
11318.5
11318.3
10698.2
11024.2
11309.1
11319.8
11583.6
11322.8
11777.8
11671.8
11457.1
10635.2
10542.2
9697.82
10266.1
9912.25
10506
10829
10496.7
10660.2
11056.2
10209.5
10111.1
10269.8
10764.4
10339.7
10237.6
10330.8
10560.1
9906.81
9840.7
9995.44
10469.6
10734.5
10228.8
10115.6
10651.3
10127.9
10079
9661.65
9339.43
9640.78
9171.35
9292.66
9696.6
9556.85
9611.01
9277.69
9851.57
10337.6
9557.7
9357.47
9870.41
9580.64
9357.26
10292.3
9415.28
9782.48
9972.91
9556.89
9751.18
9247.98
9116.56
9228.04
9299.81
9020.73
8882.53
8691.2
8713.92
8569.07
9317.88
9014.52
9045.1
9239
8520.79
8852.44
9182.24
9674.97
10023.7
10460.9
10192.9
9895.65
9776.69
9267.57
9614.28
10239.2
10225.9
9942.29
10155.5
10360
10553.4
10115.6
9529.39
9275.21
9833.22
10013.2
9820.92
9901.49
10302.7
9958.92
10113.6
9876.57
9953.81
9906.69
10331.2
9743.05
10007.7
9851.75
9865.2
9815.76
10491.7
10370.9
10337.5
10214.1
9945.49
9524.28
9651.35
10025.5
10789.3
10445.2
10055.5
9324.48
9735.58
9771.57
9734.02
9756.59
10129.8
9980.4
10111.8
10737.2
10642.9
10105.8
10372.3
10427.5
10586.2
11268.5
10675.1
10969.3
11162.8
11714
11733.6
11711.5
11604.9
11950.1
12740.4
12659.9
12378.5
12338.7
12006.6
11521.4
11544.3
11221.3
11340.7
11504.2
12255
12053.3
12415
11954.9
11556.3
11389.6
11858.1
11908.2
11318.2
11364.1
11896.1
11543.6
12721.5
12156.8
11556.7
12057.8
11775.1
12044.8
11762
11507.1
11773
11780
11156.8
11327.4
11730.6
10956
10688.1
10267.6
10065.3
10585.9
11150.7
11140.6
11465
11458.9
11274.2
11926.7
12105.7
11993.6
11053.8
11722.5
11361.3
11375
11778.6
11782.3
11606.7
11984.4
11735.8
11912.6
11747.1
11930.2
12253.2
11476.1
11656.5
12327
12417.2
11950.7
11958.9
12158.7
12210.9
12797.5
13069.4
12760.1
12998.4
13079.7
13724.3
13002.1
13169.9
12804.9
12965.2
12977
12519.9
12538
12775
12066.5
12093.3
11900.6
12126.2
12784.9
12561.5
12195.4
12402.8
12330.6
12728.3
12626.7
12890.5
12255.9
12150.5
11739.6
11708.2
11361
10973.4
11354.1
11402.3
11077
11559.7
11525.6
11343.6
11317.9
10984.4
10530.1
10100.5
10163.9
10490.3
10705.5
10909.1
10826
11049.7
11506.9
10884.2
10591.1
10217.8
10607.5
10529.4
10402.7
10633.4
10413
11003.9
10792.1
10690.2
10343.4
10777.9
10547.4
10145.5
10177.7
10183.4
10029.5
10256.9
10468.1
11071.1
11530
10891.4
10984.3
10602
10647.6
11095.1
11116.3
11178.8
10525.7
10889.7
11108.9
10917.1
10966.2
10575.2
11575.3
11746.6
11208.7
10928.2
10639.6
10869.9
10484.2
10491.7
10678.4
10864.4
11593.4
11145.3
11628.4
11060.9
11237.3
10917.5
10661
10062.1
10364.4
10792
11097.3
11103
11651.4
11394.3
11420
11436.9
11558.4
11601.5
11771.3
10750.1
10593.1
10724.2
10122.4
10472.1
10530.9
10441.5
10713
10612.6
10500.6
10668.4
10645.2
10954.4
11594.9
9941.46
9956.12
10021.8
9943.5
10259.9
9533.1
10261.7
9982.44
9837.63
10194.1
10099.4
10507.1
10079.7
10292.8
9843.87
10466.1
10188.2
10444.4
10237.7
10239
10707.2
10738.2
10355.5
10499.5
10901.9
11351.5
10895.4
11111.8
11017.2
10503.8
10584.2
10062
10298.1
10773.6
10946.4
11365.8
10621.6
10942.1
10861.6
10618.8
10953.5
10918.3
11023.1
10771
10999
10360.7
10332.2
11011.8
11302.2
11148
11121.4
11431.9
11813.3
11278.3
11051.9
11518.5
11849.3
11132.6
11727.7
11379.4
11465.2
11157.8
10782.9
10641.4
10750
11151.3
11096.1
10773.1
11076.8
11495.9
11073.4
11184.6
11421.2
11135.7
10583.3
10351.5
10432.6
10340.1
10077.7
9871.45
10058.7
9635.4
10395.3
10233.6
9870.09
10057.7
10091.9
10305.8
10133
9973.75
9776.01
9553.02
9345.65
9927.66
9928.35
10006.1
10383.2
9805.94
9824.69
10020.3
10143.4
9834.41
9965.22
9994.78
10212.5
10070.4
9854.83
9664.93
10093.4
10207.5
10308.3
10736.6
9783.5
9762.23
9180.33
8704.75
9178.36
9178.67
9509.64
9573.82
9510.42
9279.56
9611.37
9854.93
10129.6
10282.1
10295.7
10354.1
10153.5
9607.97
9427.17
9430
9881.77
9962.3
9889.14
10692.8
11033.8
11999.6
12038.3
10783.7
11401.2
11120.2
10950.9
10937.9
11280.5
11142
11285.1
11133.7
10531.8
10338.6
10253.5
10382.4
10062
9372.59
9623.3
9775.88
9911.86
10093
9703.35
9985.89
9433.79
9977.13
10198.3
10602.6
10570.2
10634.7
10445.1
10457.9
10331.9
10750.2
10878.1
10317.6
10698.2
10890.3
11191.8
11234.4
11148.5
11083.6
10747.3
10392
11259.6
11027.3
10307.3
10765.9
10993.5
10984.9
11586
10979.2
10901.2
10680.7
10117.3
9872.08
10475.3
10155.5
10453.8
10846.9
10502.5
10348.8
10228.5
9864.72
9585.2
9694.17
9829.75
9365.27
8855.67
8859.41
8266.43
8939.2
8620.53
9282.52
9038.66
8764.19
9488.38
9290.11
9229.26
10287.1
10063.8
9440.16
9447.37
9886.17
10257.4
10534.9
9723.88
10195.5
10373.5
9640.9
9926.85
10788.9
10374.1
9785.55
9250.57
8983.67
9313.39
9971.91
10463.4
10890.9
11366.3
11012.8
10968.8
10866.2
10975.9
10778.4
11624.3
11078
10343.2
10175.8
9774.56
10281.8
11005.2
10984.5
11490.5
10993.7
11274.5
11665
10832
11731.4
11584.7
11507.5
11491.6
11520
11663.1
11945.6
12225
12605.2
12903.6
12571.9
12256.7
12074.7
11426.7
10681.6
10917.5
11130.7
11267.6
10284.9
9444.57
9402.03
9624.38
9706.06
10191.3
10564.7
10752
10497
9883.31
10231.2
10276
9762.22
10155.9
9988.83
9931.62
9915.97
9967.72
10465.8
10214.7
9642.18
9344.37
9859.02
8999.72
9355.78
8861.47
8669.72
9153.7
9788.15
9947.38
10005.1
9428.93
10327.1
10270.9
10130.1
9842.17
9896.06
9693.5
10522.9
10816.8
11485.3
11063.8
10010.1
9637.4
9725.52
9779.36
10084.1
10080.8
10505.8
10099.5
10645.8
9749.47
9580.9
9613.52
9875.16
9496.54
9585.27
9581.09
9166.88
9701.32
9896.36
9300.56
9374.9
9772.2
9964.32
9856.22
9708.91
9728.57
10027.7
10113.8
10084
10291
9939.95
9752.04
9995.09
9774.65
9844.77
10097.6
9793.26
9276.77
9760.36
10138.8
9436.11
9945.77
9616.62
9539.99
10319.8
10332.3
10750
10467.6
11206.4
11740
11787.7
11894.9
11809.4
11478.2
10569.7
10598.4
10280.8
9958.76
9223.33
8900.25
9690.11
9694.2
10035.2
10422.4
10873.1
10603.5
10729
10480.1
10259.9
10523.5
10513.8
10634.8
10477.4
10575.1
10471.8
10369.2
10745.9
10826.6
10465.5
10040.8
10525.6
10055.7
9956.4
10025.7
9732.28
9843.83
10621.1
10965.4
11017.8
11358.5
11799.9
11969.5
11350.6
10651
10723.8
10610.2
10490.1
10480.3
10098.7
9814.17
9724.88
9323.9
9416.05
9332.95
9894.22
9451.47
9511.26
10222.7
10131.9
10326.9
9940.58
9266.08
10139.9
10894.1
10458.4
10357.6
9906.06
9999.38
9471.16
9684.22
9883.34
9825.83
9432.75
9295.77
9419.86
9897.94
9360.85
9534.57
9402.78
9250.73
9351.91
9808.34
9496.5
8899.74
9014.13
9350.86
9214.52
8875.54
8515.23
9109.23
9470.58
8842.93
9347.97
8782.86
9239.07
9170.71
9169.83
9324.95
8182.79
8057.79
8673.83
9019.34
9464.92
9341.25
9333.03
8584.91
8408.91
8172.86
7999.18
8162.55
8207.47
8306.94
8437.55
8695.48
8141.11
8108.66
8204.36
8088.85
8240.14
8017.32
7956.36
7816.32
7672.11
7997.36
8207.77
7565.08
7951.2
8352.95
8660.06
9017.75
8867.78
8150.31
8072.01
8242.58
8174.83
8461.98
9644.55
8714.12
8113.25
8029.25
8691.86
9618.16
8817.47
8553.61
8869.52
8570.53
8082.44
7970.97
7574.61
8657.02
8256.82
8494.01
8232.75
8384.75
8744.14
8529.04
8659.59
8534.55
8416.36
8534.05
8269.52
8188.18
8334.58
8930.99
8825.95
8827.9
8728.91
8435.61
8324.24
8503
9087.31
9463.05
9902.34
9614.21
9832.51
10161.5
10104.3
9734.56
9855.19
9268.03
9428.05
8808.97
8893.73
8659.75
8910.47
9115.49
9692.77
10108.1
9909.79
9583.46
9409.78
9862.43
10033.3
9991.97
9511.26
9632.53
9902.47
9689.38
9401.3
9231.79
9624.41
9796.08
9789.19
9956.7
9577.62
9480.17
9531.8
9731.02
8964.11
9850.92
10053.3
9553.31
9470.04
9572.92
9454.8
9530.96
9334.36
9468.46
9301.1
9259.89
9279.62
9333.63
9277.98
8998.03
8944.71
8833.94
8321.73
8616.66
8431.79
8720.63
9878.4
9050.09
9050.74
8908.61
8701.22
8694.44
8527.35
8715.26
8484.86
8607.39
8911.22
8756.45
8903.15
9326.44
9186.12
8865.56
9240.48
9466.13
9703.05
10064.9
10846.8
9821.51
10847.3
11384.3
11544.3
11441.4
10872.7
10810.7
11146.2
10407
10681.3
10840.3
10942.2
10603.2
10921.9
10784.2
10690.7
10268.8
9924.24
9705.63
9314.19
8972.71
9767.41
9412.83
9115.62
9181.82
8563.33
8776.76
8834.95
8617.59
9247
9641.98
9408.06
8995.47
8900.25
8342.11
8558.2
9180.47
8766.19
8786.14
8523.11
8290.58
7696.67
8668.35
8564.08
8491.78
7741.64
8387.85
8637
8569.3
8747.91
8646.47
8394.43
8811.87
9045.4
8760.69
9176.16
8949.82
9061.1
8897.39
9149.25
9046.67
9413.81
9905.11
9498.61
8927.62
9013.37
8919.2
8527.18
8118.48
8080.87
8441.61
8981.67
9079.25
8449.81
8835.16
9025.26
9223.17
8190.84
8475.67
9340.14
9717.13
9395.9
9704.39
9732.05
9427
9842.35
10095.3
9461.56
9169.67
9659.61
9367.33
9087.67
8875.09
9141.59
9239.28
9332.88
9445.55
9859.25
9503.86
9903.63
9538.81
10057.6
10135.4
9944.48
10064.2
10068.5
10499.5
9689.57
9585.76
9423.56
9285.13
9258.05
9379.43
8918.23
9075.54
8631.96
8582.29
8871.55
9008.41
9109.41
9174.74
9825.42
9362.16
9674.77
9666.45
9254.53
9505.6
9474.25
9728.41
9969.02
10289.8
10341.5
10075.2
10199.2
9810.23
9960.46
9807.98
10340.4
10486.7
10195.2
10237.8
9595.01
8565.41
9041.63
9109.7
9371.48
8194.53
9006.62
9413.57
8882.47
9077.41
9399.31
9185.5
9270.76
8979.34
8582.26
8153.32
8453.73
8338.07
8695.05
8722.31
8938.72
9037.34
8239.32
8760.08
8572.64
8051.06
8071.74
8525.76
8511.57
7855.64
7755.04
8549.25
8441.29
7943.37
8064.76
8115.08
7710.82
7953.35
7783.85
7786.29
7457.41
7345.83
7399.76
7664.49
7729.54
7529.89
8195.5
7753.08
7621.2
7775.64
8333.32
8187.42
8495.89
7526.08
7750.81
7629.84
7655.53
7761.11
8043.44
7591.61
7662.02
7148.99
7035.41
7705.56
8006.04
7847.46
7926.5
8521.77
8396.73
7814.27
7731.82
7910.62
8105
8245.34
8436.73
8255.14
8019.07
8405.24
9185.63
9482.16
8823.12
9134.47
8524.11
9057.32
8511.36
8563.91
8696.94
8970.96
8506.33
9067.13
8990.52
8807.74
8340.7
8296.55
8424.3
8199.03
7920
7720.15
8081.91
7883.1
8190.89
7648.08
8799.73
8752.17
8747.6
8778.63
9020.38
8970.49
9080.05
8252.04
8286.24
8008.85
8187.15
8475.23
7993.58
8396.54
8604.78
7862.23
8156.52
7950.57
8011.05
8553.35
8794.37
8393.28
8355.99
7961.46
8247.8
8283.16
8418.08
8073.61
7662.6
7460.31
8319.04
8392.75
8459.15
8406.44
8303.2
8397.04
8767.31
8642.55
8163.49
8107.79
8121.77
7608.62
7506.43
8048.43
8040.62
8276.17
8041.44
8143.4
7975.3
8231.59
7889.01
7814.79
7176.78
7098.93
6969.29
6930.98
6957.64
7230.44
7650.55
7416.37
7212.96
7621.8
7970.31
7501.26
6980.2
7057.71
7100.58
7360.95
6788.38
6753.32
7073.45
7096.87
7256.02
7440.32
6982.1
7194.94
7351.56
7654.93
7471.64
7282.56
7029.71
7026.5
7765.22
7967.09
7411.47
7375.77
7068.92
7482.39
6953.87
7280.53
7614.88
7534.86
7453.61
6914.89
7055.57
6910.29
7175.85
7047.27
6996.39
6619.36
6661.52
6261.95
6455.61
6764.95
6976.74
7488.89
7243.02
7002.94
7420.57
7207.48
7223.04
7026.83
7434.49
7191.79
7392.87
7539.77
7418.97
7721.73
7747.88
8006.32
7934.58
7858.66
7722.91
7847.01
8099.79
7920.8
8137.43
7582.17
7860.23
7934.81
7748.72
7829.69
7904.66
7639.44
7404.4
8039.48
8535.42
8783.98
7979.69
8317.79
8566.87
8899.4
8831.19
8396.56
8254.48
8428.33
8257.26
8100.97
7731.4
7709.67
7439.96
7493.51
7689.23
7949.7
8263.05
8230.58
8139.56
7706.74
7776.04
7399.33
7104.57
7763.71
6994.86
7077.01
7234.82
7118.41
7236.69
7546.56
7880.46
7502.38
7860.73
8000.07
8451.01
7756.96
7645.44
8136.89
8155.46
8311.52
8650.81
7808.13
7790.43
8054.23
8385.49
7917.62
8292.49
8004.17
7639.7
7618.71
7429.11
7543.9
7366.62
7249.27
7268.1
7371.03
7601.79
7530.92
7774.75
7662.18
7265.34
7865.46
7478.7
7775.82
9045.83
8547.59
9095
9017.05
8786.45
8693.79
8127.29
7948.39
8173.41
8209.4
8825.13
8463.07
8505.8
8261.92
8859.58
8534.02
8084.26
8341.07
8449.25
8550.74
8680.8
8250.78
8316.98
8016.27
7848.51
7695.97
7732.15
8014.19
8454.91
8648.89
8558.73
8305.2
7929.94
7825.24
7989.03
7370.64
7452.6
7710.12
7570.13
7211.92
7087.81
7805.59
8012.11
7582.64
7653.56
7302.47
7811.24
7780.96
7545.81
7850.39
8085.43
7882.05
8157.48
8203.56
8043.36
8326.73
8476.59
8281.06
7671.81
8124.54
8003.06
7879.29
7473.04
7691.55
7158.75
7390.17
7426
7335.56
7319.9
7566.3
7496.53
7544.17
7135.72
7493.96
7371.24
8313.4
8166.96
7819.49
7852.73
7403.1
7488.4
7528
7851.95
7454.41
7884.22
8295.45
7938.87
7951.34
7969.25
8020.04
8035.51
7903.22
7655.88
7383.26
7222.19
7875.27
7435.78
7395.26
7694.92
7567.58
7270.7
7189.98
7307.43
7090.28
7817.99
7858.54
7903.55
7759.15
7846.83
8070.97
8387.66
8362.49
7884.13
7813.8
8215.17
7914.24
8295.58
8743.71
8971.7
8644.06
8480.75
8690.68
8641.08
8616.66
8199.6
7675.97
8542.12
8025
8260.51
8162.68
7987.21
8197.76
8677.99
8546.96
8659.1
8488.02
8867.21
8543.96
8863.67
8893.32
9061.42
9846.13
9449.42
8915.96
8956.39
9736.67
9279.11
9269.31
8792.63
8842.14
8814.87
8373.06
8156.94
7943.01
7944.95
8258.84
8590.37
8722.35
8374.06
8120.59
7783.32
7764.56
8189.57
8260.1
7681.08
8248.86
8416.35
8428.77
8349.73
8649.96
8297.76
8410.82
8354.1
8345.07
8559.04
8964.35
8672.18
8017.58
8220.55
8971.36
8470.68
8262.21
8582.58
8746.42
8643.33
8680.26
8543.02
8857.43
9073
8437.17
8391.42
8109.16
7812.22
8206.8
8451.06
8745.28
9107.69
9388.61
9108.11
8833.33
9055.95
8389.16
7871.04
7921.31
7810.03
8213.16
9164.89
9171.07
8823.74
8902
8878.69
9557.51
9027.78
8739.12
8708.72
8367.75
8738.7
8879.21
9352.74
8686.7
8984.87
8014.33
7911.12
8736
8772.29
8810.74
8665.42
7943.97
7919.23
7709.74
7670.9
7674.73
7850.28
7934.18
8384.54
8146.82
8186.9
8056.73
8433.1
8493.46
8741.93
8441.7
8106.81
8013.63
7991.09
7108.88
7323.4
7582.19
7946.05
7226.01
7816.35
7946.18
7480.91
7299.5
7364.97
7250.02
7148.55
6855.43
7062.82
7718.96
7845.72
8339.69
7398.48
7260.13
7064.48
7241.98
7240.08
7283.39
7043
7070.39
6759.97
7020.25
7051.84
7353.15
7891.22
7847.57
7878.65
8135.88
8704.75
8782.63
8958.69
8668.56
8622.29
7765.64
7480.4
7433.12
7228.03
7503.37
7510.05
7751.16
8048.93
8150.79
8048.96
8407.35
8166.24
8616.85
8128.11
9097.02
9197.95
9516.25
8904.81
9140.22
9736.4
9654.09
10226.3
9663.39
9635.36
9491.96
9739.86
9050.7
8263.99
8537.21
8989.17
8568.72
8759.19
8618.71
8856.89
8671.41
8720.56
8865.83
8614.02
9315.6
8748.67
9109.61
8543.39
8860.82
8836.08
9279.62
8267.31
8004.06
8583.13
8191.01
9078.82
8677.45
8471.88
8695.13
8041.71
8487.2
9134.62
8990.14
8405.97
8763.23
8401.06
7866.25
7887.87
8142.42
8642.28
8867.59
8708.93
8747.36
8232.37
9362.84
8442.44
8257.26
8340.26
8429.13
9017.29
9037.49
8919.82
8593.07
8935.77
9371.37
8842.26
8930.59
8417.97
7948.16
8164.69
8428.94
8526.86
8123.19
8321.84
8110.79
8312.33
9338.36
9225.87
9286.04
8198.71
8119.22
8846.09
8365.94
8327.65
8612.91
8661.84
8477.71
8632.72
8322.08
8450.62
8518.94
8454.94
8668.09
8092.25
8227.84
8962.51
9425.92
9447.27
8929.43
8808.47
7902.2
8168.44
8470.02
9186.53
9248.8
9384.91
9409.75
9044.65
8621.38
9314.75
9400.83
8921.26
8847.57
8954.58
8587.91
8536.29
8205.24
8340.44
8537.25
8639.98
8770.86
8593.26
8560.15
8156.12
8470.47
8310.53
9446.71
9245.06
9378.65
8942.65
8911.41
8208.57
8883
8945.27
9247.67
9211.39
9113.64
9196.96
9207.45
9648.74
9418.81
9557.79
9631.34
9297.16
8775.09
9043.14
9195.3
8925.75
8982.86
9143.24
8715.99
8804.47
8393.81
8085.92
8064.51
8397.99
8161.44
8199.69
8163.12
8270.06
7928.73
8493.26
8468.57
8492.82
8794.1
8426.2
8182.86
7958.33
7834.98
7886.45
8185.6
7912.16
7905.63
8100.07
7983.18
8448.19
8730.15
8237.19
8323.54
8048.12
8124.41
8338.01
8125.97
7582.04
7964.47
7814.46
7000.67
7588.3
7598.29
7657.04
7840.18
7051.09
6864.16
7017.91
7244.72
6891.35
6611.71
6745.58
6714.93
6430.59
6401.84
6627.03
6633.92
6862
7630.33
7423.64
7886.66
8076.33
7805.47
7327.44
7406.09
7426.93
7425.94
7223.88
7265.31
7243.87
7122.34
6893.68
7614.97
7402.59
7568.07
7284.44
7586.77
7363.02
7376.74
7245.24
6979.9
7111.09
7460
7500.79
7394.04
7519.61
7800.15
7965.75
8128.91
7951.5
7500.52
7211.85
7087.47
7059.05
7133.06
7513.53
7298.26
6905.82
6776.67
7001.85
7154.62
6816.66
6686.94
6424.32
7127.63
7366.86
7427.15
6887.68
6807.55
6904.73
7365.95
7266.55
7283.43
6980.21
6628.11
6854.77
6852.92
7378.88
7059.97
7113.93
7351.02
7175.72
6923.64
6518.29
7107.8
7248.98
7040.94
7301.22
7035.91
6821.85
6794.3
7146.45
6875.45
6654.9
6488.6
6480.41
6626.6
6307.18
6745.26
6505.39
6426.57
6412.36
6813.44
6947.8
7048.53
7551.81
7653.9
7231.11
7835.18
7866.81
7731.35
7859.88
7841.18
7597.99
7508.58
7251.7
7221.58
7068.93
6804.58
7278.19
7707.75
7750.19
7231.79
7812.07
7359.52
7212.94
7498.76
7279.25
7335.21
7303.71
7403.48
7803.15
7507.51
7466
7334.62
7780.57
7458.24
7668.3
7581.31
8194.19
7826.22
8356.48
8502.76
8114.56
8586.46
8150.51
8208.64
7946.4
7845.61
8036.59
8284.82
8513.87
7970.62
7770.73
7561.66
7811.6
7874.36
8113.12
8267.41
8016.16
8280.11
8092.09
8198.53
8392.28
8344.87
8747.25
8459.94
8215.24
7668.82
7670.99
7513.84
7595.85
7156.83
7668.41
7966.99
7772.46
8477.19
8297.18
8000.2
7797
7171.18
6980.43
7215.19
7721.41
7760.45
8366.68
8016.59
8546.42
8969.48
8687.68
8358.67
8319.21
8683.51
8685.74
8599.19
8725.94
8491.22
8721.21
8986.51
8517.4
8752.69
8606.03
8671.63
8608.66
8245.72
8143.57
8120.73
8068.46
8097.91
7658.19
7743.71
7240.48
7592.71
7870.63
8720.16
8867.15
8390.34
9043.7
8874.72
8565.69
8850.38
9120.04
9301.78
9097.38
8613.27
8314.58
8723.5
8884.41
8447.96
8275.33
8309.44
7967.9
7439.36
7938.02
7557.55
7784.82
8033.12
8167.09
8396.34
8269.24
8233.33
8281.35
7935.25
7562.95
7618.17
7984.77
7446.59
7529.19
7543.91
7798.08
7693.56
7875.89
7807.48
7948.04
7881.16
7846.19
7939.03
7566.79
7587.69
7478.54
7753.26
7953.05
7343.62
7431.56
7471.44
7381.49
7541.03
7380.99
7304.44
7512.22
7363.68
7043.67
7534.64
7272.26
7241.38
7307.13
7386.72
7550.26
7538.58
7545.63
7693.09
7779.36
7695.47
8014.51
8053.61
7510.32
7321.74
7498.52
7751.25
7918.23
8392.67
8070.36
7624.72
7344.31
7640.43
7571.26
7702.85
7898.49
7672.23
7703.88
7862.41
8274.77
7585.62
7798.9
7409.49
6721.72
6805.38
6967.79
7252.99
6807.61
7129.98
7384.37
7171.42
7418.54
7240.09
7556.61
7026.32
7478.04
7053
6944
6732.69
6742.74
6880.13
7177.37
7649.61
7924.91
7499.28
7817.26
8159.08
7859.58
7638.78
7734.1
7627.33
7280.02
7588.76
7583.27
7640.86
7667.14
6964.83
7400.02
7024.1
6992.08
6870.59
7266.17
7305.04
7091.81
6734.11
6691.51
7028.77
7097.98
7666.07
7437.3
7472.2
7599.22
7748.81
7422.17
7676.41
7760.99
7639.07
7557.18
6864.42
6827.87
6854.46
6927.02
7199.89
7778.07
7438.81
7254.39
6736.44
7466.02
7229.6
7306.68
7139.43
7449.65
7028.66
7129.71
7419.26
7481.4
7260.14
7429.02
7334.63
7001.22
6732.36
6881.39
6877.15
6952.05
7076.63
7418.51
7023.23
7351.08
7149.05
6734.14
6764.21
6908.36
6550.32
6538.51
6947.49
7421.64
7532.08
7575.37
7559.36
6915.18
6574.45
6184.44
6039.62
6030.52
6080.52
6444.02
6378.63
6501.15
6329.44
6453
6748.85
6943.45
6820.12
6903.11
6704.64
6510.29
6582.14
6886.54
7282.86
6940.02
6483.91
6188.35
6556.15
6399.17
6388.1
6679.18
6616.26
6654.41
6673.5
6262.89
6586.56
6778.27
7020.22
6507.18
6444.39
6375.98
6371.73
6474.06
6941.98
7347.29
6515.54
6778.43
6763.42
6435.48
6598.48
6571.56
6592.37
6681.04
6747
6436.16
6663.66
6796.13
6921.64
6372.65
6482.36
6627
6596.95
6404.84
6422.78
6050.68
6477.8
6313.89
6195.89
6252.63
6886.18
6907.41
6245.44
6194.08
6246.39
6438.09
6753.04
6561.77
6759.45
6610.03
6530.29
6924.69
6542.84
6499.54
6772.02
6223.34
6210.53
6272.06
6256.35
6309.57
6747.43
6851.31
6653.89
6525.67
6374.09
6164.82
5983.56
6084.71
5820.83
5696.42
5703.37
6258.63
5885.56
6144.08
5770.18
6161.53
6699.8
6909.55
6729.91
6799.46
6706.5
6173.77
6073.63
6166.33
5814.48
5621.48
5426.73
5836.7
6016.95
5895.4
5854.57
5539.47
6011.86
5787.37
5959.55
6004.56
5927.16
5813.57
5849.62
6349.4
5883.69
5961.82
5816.25
5678.2
5464.42
5732.84
6033.38
6098.15
6291.04
6461.27
6463.76
6534.64
6131.37
6597.85
6379.52
6527.21
6437.44
6372.04
6066.33
5840.67
5891.04
6257.24
6485.29
6059.33
6320.27
6313.64
6309.85
6295.23
6195.55
6338.85
6431.35
7008.38
6407.95
6842.2
6234.99
6582.98
7015.18
7105.22
6997.01
6625.41
6399.28
6664.46
7094.28
6944.2
6721.28
6596.01
6705.24
6764.42
7237.55
7138.18
6844.05
6477.49
6725.3
6851.24
6669.02
6622.17
6632.25
6572.95
6429.29
6737.59
6680.04
6556.42
6542.02
7055.27
6686.36
6301.59
6857.26
6504.8
6502.33
6533.59
6408.83
6493.37
6175.86
5836.61
5787.88
5861.8
5946.58
6098.19
6302
6320.06
6551.73
6645.51
6153.46
5900.14
5869.94
6043.06
6024.97
6017.88
6031.49
5588.89
6013.28
5933.67
5799.9
6006.42
6154.24
6372.38
6096.43
6074.56
6248.71
6136.17
6200.83
5981.96
6228.45
6119.57
6153.51
6078.57
6258.77
6003.75
6024.5
6161.26
5919.61
5806.71
5672.32
6129.74
6392.38
6343.77
6704.62
6526.61
6486.37
6071.38
5931.58
5744.19
5541.02
5527.07
5526.63
5330.71
5548.96
5683.25
5585.28
5563.44
4951.02
5274.37
5669.28
5321.95
5086.01
5272.41
4938.96
5130.62
4821.91
4973.19
5337.82
5448.61
4626.92
5147.42
4993.48
5100.56
5031.78
5170.43
5536.72
4993.06
5197.82
5072.17
5167.84
5302.32
5431.83
5376.91
5022.86
5000.64
5313.05
5471.98
5501.3
5626.29
6020.76
5954.9
6198.74
6152.93
6233.98
5913.25
5991.66
6218.4
6094.6
6696.39
6731.93
6759.26
6533.29
5774.23
5573.48
5774.6
5890.72
5998.34
5982.82
6031.11
5772.48
6070.1
6229.43
6474.86
6567.59
6485.07
6239.54
6210.82
6014.55
5324.63
5884.6
6327.3
6272.39
6095.87
5770.41
5927.95
5562.93
5336.71
5362.33
5423.4
5508.14
5796.97
5561.55
5319
5286.34
5665.16
5996.66
5652.14
5611.72
5494.5
5500.86
5345.24
5165.96
5034.35
5474.85
5136.84
5397
5219.36
5450.55
5935.24
6095.24
5999.72
5673
5425.29
5229.6
5392.93
5223.36
5310.02
5110.43
5163.63
5407.56
5541.68
6040.63
6371.02
6409.38
6311.04
6667.53
6227.44
5801.02
5696.55
5789.62
5576.31
5395.91
5309.86
5376.63
5754.55
6097.25
5963.94
5819.48
5751.95
5784.61
5352.95
5357.25
5365.98
5586.12
5719.6
5665.8
5990.05
6362.25
6089.94
5439.09
6083.98
5967.73
5557.99
5456.17
5859.99
6514.63
6335.69
6949.21
6805.37
7054.01
6877.31
6510.86
6376.28
6489.98
6863.38
7129.75
7180.5
7381.51
7266.57
7050.36
6794.93
6617.84
6919.83
6207.18
6163.71
6189.61
6740.98
6143.85
5800.45
5866.35
5667.73
5893.35
5936.24
6175.43
5871.02
5256.07
5266.46
5197.67
5302.19
5926.52
5933.63
5464.57
5634.39
5440.87
5485.08
5198.98
5491.33
5665.62
5563.93
5859.55
5954.66
6042.88
5696.03
5641.99
5184.53
5407.89
5364.23
5291.26
5180.57
5404.62
5248.79
5905.62
5682.06
6019.8
5962.65
5892.41
5370.65
5501.62
5501.93
5751.02
5594.57
5632.34
5692.17
5816.59
5818.83
6084.14
6102.07
6341.75
6413.69
5832.1
6082.87
6242.33
6573.38
6386.83
6688.39
6783.39
6623.38
6805.76
6616.11
6289.99
6537.27
6383.94
6650.85
6059.13
6473.06
6213.08
5645.77
5328.41
5777.6
5459.39
5509.26
5367.01
5443.45
5454.69
5919.54
5604.94
5643.22
5426.99
5396.28
5666.67
5723.16
5699.35
5856.15
5370.22
5553.4
5707.18
6108.91
6013.33
6277.39
6355.21
6710.03
6672.33
6403.26
6262.42
6086.59
5247.66
5139.94
5194.19
5265.36
5164.27
5513.94
5432.94
5494.08
5036.11
5270.36
5488.38
5513.77
5205.71
5208.87
5230.99
5131.37
4894.07
4590.28
4749.56
4817.33
4500.8
4246.32
4262.95
4186.02
4009.88
4367.92
4544.22
4495.07
4326.01
4049.53
4199.56
4448.61
3899.58
3798.62
4282.11
4273.05
3932.57
4722.33
4088.76
4143.41
4329.49
4012.99
4723.59
4762.45
4995.01
4800.8
4095.65
4096.12
4427.95
4021.2
4102.65
4226.51
4175.38
4500.53
3759.66
3863.21
4150.51
4284.05
4282.72
4317.8
4403.66
4213.12
4528.3
4654.12
5325.09
5098.85
4991.71
4843.6
4766.71
4316.63
4403.42
4940.37
4565.17
4618.36
4466.53
4528.68
4430.78
4571.32
4477.16
4676.95
4942.89
4564.76
5051.12
4920.79
5194.4
4853.18
4860.74
5195.26
4569.33
4648.21
4491.12
4600.22
4594.09
4637.29
4613.21
4701.3
4472.75
4463.82
4880.17
4469.3
4381.14
4216.21
4514.31
4772.15
4583.02
4637.7
4262.4
4158.26
4508.84
4647.83
4838.2
4956.49
4536.91
4762.48
4991.42
4992.22
5074.58
4804.54
4813.61
4711.82
5060.55
5058.59
5558.18
5244.08
4973.62
4742.41
4477.1
4446.82
4525.24
4855.36
4951.17
4885.98
5019.29
4796.67
4926.24
4987.97
4628.09
5249.88
5151.51
5008.06
4917.14
4693.76
4361.96
4219.28
4456.14
4548.09
4565.8
4631.84
4717.93
4736.61
4719.67
4742.73
4427.66
4622.54
4707.46
4813.66
4494.61
4978.39
4689.99
4695.57
4845.38
4704.59
5065.5
4684.86
4554.22
4741.49
4829.71
4962.33
5026.68
5331.84
5348.11
5403.27
5260.75
5238.39
5250.49
5245.17
5048.42
4870.23
4689.51
5125.23
4953.44
4362.49
4792.1
4868.47
4870.05
5117.82
5419.49
5329.2
5881.97
5463.31
5534.74
5885.8
5689.91
5472.8
5319.57
5023.59
4910.39
4918
4597.33
4981.08
5008.25
5309.34
5289.89
5700.23
5751.77
5618.07
5513.56
5311.97
5746.76
5959.38
5784.37
5960.5
5736.07
5809.67
5776.2
5706.37
5693.69
5844.98
5751.97
5390.46
5350.92
5426.29
5570.61
5168.3
5194.83
5238.77
5036.68
5242.8
5156.85
5067.35
5209.8
5084.37
5257.8
5104.73
4936.09
4931.32
4948.97
5010.76
5267.09
5512.26
5837.97
5331.81
4983.15
4971.02
5396.81
5674.05
5906.48
5493.94
5087.51
4854.59
4914.86
5072.99
5419.53
4837.13
4760.45
4747.88
4359.61
4065.26
4134.12
4550.29
4581.36
4312.68
4472.76
4183.73
4241.21
3541.93
3585.93
3882.19
3941.22
4080.87
4133.22
4410.64
4601.81
4560.98
4746.91
4608.17
4491.26
4706.21
4507.5
4403.98
4169.7
4001.38
4584.67
4782.41
4857.71
4719.09
4545.2
4658.11
4472.65
4619.78
4741.36
4610.01
4756.45
4578.97
4511.38
4510.34
4600.5
4596.88
4392.08
4390.46
4217.28
4035.71
4141.53
4439.68
4460.8
4352.51
4470.02
4770.23
4622.11
4693.58
4847.37
4742.35
4970.25
4887.02
4873.37
5090.07
5317.27
5715.18
5262.42
5009.35
5164.99
4698.84
4993.09
4356.3
4355.82
4553.75
4670.89
4642.26
4591.22
4316.46
4289.16
4493.07
4457.14
4802.76
4950.04
4968.98
5020.75
5554.34
5325.48
5083.95
4962.45
4785.61
4585.46
4721.17
5038.23
4473.7
4438.04
4636.27
4850.76
4755.82
4874.2
4839.51
5094.73
5038
5314.96
5418.54
5632.05
5728.56
5048.18
4731.11
4797.36
5144.6
5058.74
5375.96
5286.74
5349.55
5265.53
5595.13
5947.53
5430.66
5524.94
5424.3
5604.34
5342.1
5389.21
5795.21
5689.55
5185.13
5214.53
5436.66
5382.12
5077.42
5346.37
5473.11
5322.05
5588.57
5653.64
5859.07
5645.74
5532.35
5865.07
5585.69
5335.96
5425.09
5532.91
5486.2
5742.24
5839.59
5939.42
6216.55
6471.11
5722.82
5659.73
5497.38
5378.93
4809.1
4845.82
4822.13
4780.7
5024.37
4830.87
4891.27
4916.4
5108.21
5231.35
5170.42
5495.59
5622.84
5707.78
4827.9
5182.04
5312.85
5177.53
5731.67
5134.79
4723.49
4822.3
5219.38
5219.81
5266.37
5095.08
5064.79
5006.25
4970
4814.81
4942.69
4685.36
4983.44
5081.27
5193.39
5038.09
5330.09
5291.14
5378.26
5502.13
5917.58
5680.06
5676.02
5323.03
5112.66
5072.04
4961.47
4690.61
4834.1
4766.88
4598.57
5079.17
4760.05
4534.31
4938.62
4784.01
4427.86
4398.13
4094.82
4544.09
4438.47
4928.47
4803.55
4469.24
4225.89
3787.11
4142.39
4212.44
4543.77
4213.95
4201.63
4173.87
4083.3
3892.56
4294.75
4360.9
4408.73
4622.32
4221.92
4083.31
3989.58
4243.02
3985.04
3995.45
3761.87
3711.37
4152.16
4275.46
4246.59
4380.35
4544.3
4521.67
4787.46
4257.37
3899.3
4030.59
3827.85
4221.36
4234.51
4748.85
4479.14
4378.28
4633.28
4107.45
4581.17
4552.08
4342.29
4377.17
4422.6
4590.47
4871.32
4731.06
4333.49
4386.34
4533.89
4684.86
4689.25
4697.1
4636.82
4355.33
4444.67
4480.69
4418.39
4379.55
4447.66
4528.66
4446.26
4172.25
3870.28
3872.5
4198.16
4273.38
4488.08
4281.5
4568.8
4412.22
4280.42
4292.89
4581.59
4389.94
4607.2
4372.95
4343.32
4260.51
4398.43
4587.94
4359.27
4340.17
4414.33
4564
4420.56
3971.02
4107.82
3996.74
3964.12
3822.13
3912.18
4128.65
4304
4115.21
4248.48
4286.67
4089.7
4361.96
4189.41
4042.62
4191.74
4295.37
4052.39
4028.39
3926.04
3933.84
3814.38
3684.56
3863.81
3863.91
3705.06
3718.15
3893.68
3871.19
3961.79
3987.08
4025.26
4106.8
3835.78
3899.05
3609.01
3816.49
3839.23
3869.1
4144.05
4062.09
3837.72
3678.9
3544.36
3694.77
3754.41
3631.06
4060.06
3965.1
3811.76
3719.54
4035.62
3768.34
3372.26
3450.15
3498.73
3722.75
4037.35
4017.15
3970.68
4185.48
4186
4351.74
4654.73
4562.28
4435.61
4059.2
3956.03
3839.68
3949
4102.74
4090.98
4139.65
4149.49
4229.18
4190.82
4036.07
3715.17
4054.36
3939.45
3854.14
3755.39
3732.92
3657.79
3769.93
3898.8
3845.49
3701.99
3929.5
3765.56
3633.08
3766.27
3780.99
3707.58
3904.04
3796.98
3898.72
3803.9
3956.74
3806.69
3821.92
3900.71
4071.55
3984.61
4143.83
4332.34
4269.04
4166.92
3911.84
3900.08
3880.79
3741.44
4079.7
4063.37
3936.72
3820.11
3715.68
3942.43
3813.07
4118.69
4172.54
4116.19
3903.02
3955.55
3956.11
3944.16
3952.59
4121.57
4052.14
3735.52
4062.04
3746.36
4143.97
4041.11
3928.47
4162.39
4150.05
4148.34
4112.72
4127.3
4121.43
4077.85
4335.44
4133.01
4300.41
4548.46
4701.85
5126.31
4835.78
4581.08
4491.96
4520.31
4507.73
4386.48
4944.58
4962.61
5011.66
4952.65
4600.3
4444.58
4557.74
4520.81
4561.17
4388.52
4170.6
4146.92
4038.69
3916.14
4024.82
3836.3
4052.08
3995.5
4014.68
3850.21
3828.66
3983.67
4049.62
3855.56
3967.54
4218.83
4232.2
4393.73
4181.77
4377.08
4025.51
4132.47
4344.55
4172.6
4184.3
4168.95
4183.66
4068.46
3961.01
3841.3
3993.59
4248.08
4203.22
4121.57
4765.89
4409.41
4068.06
4318.2
4105.22
4016.55
4119.19
4122.21
4261.53
4170.66
4247.73
4425.76
4451.63
4360.42
4188.88
4501.31
4355.99
4274.29
4163.97
4004.17
3992.12
4149.76
3953.71
4069.58
4160
4220.49
4496.74
4474.68
4345.38
4282.51
4270.4
4026.54
3938.94
3990.46
4273.79
4513.32
4331.83
4156.81
3895.16
4073.34
3655.24
4172.23
4104.28
4056.26
4367.03
3811.55
3732.09
3902.48
3773.36
3546.6
3586.5
3725.55
3605.34
3628.4
3578.31
3680.3
3918.62
4044.44
3987.62
4285.68
3708.81
3432.2
3787.2
3854.46
3804.38
3872.17
3798.78
3760.43
3859.61
3633.21
3822.25
3689.26
3947.56
4017.8
4046.86
3867.33
3890.31
4003
3841.94
3897.77
3816.01
4004.05
3980.6
3700.22
3581.92
3725.09
3731.62
3770.02
3798.93
3673.04
3828.17
3814.38
3652.17
3636.35
3826.6
4026.51
4059.87
4151.91
4241.08
4431.82
4621.45
4348.96
4394.54
4326.42
4201.58
4101.2
3934.96
3623.88
3752.46
4076.06
3921.4
3840.61
3933.26
3881.78
3758.41
3836.92
3799.43
3669.28
3467.97
3744.67
3889.56
3842.42
3973.73
4183.66
4083.54
4071.62
3865.43
3949.07
4026.94
3960.36
4123.39
4130.38
4485.38
4565.38
4516.9
4461.11
4228.3
4128.89
4131.78
4020.52
3957.47
4119.44
4409.69
4530.73
4652.42
4495.34
4286.25
3965.99
3771.51
3687.59
3558.83
3704.39
3903.23
4070.05
4278.45
4257.15
4384.46
4354.4
4549.45
4288.55
4304.74
4418.56
4617.87
4323.66
4087.65
3938.69
3899.02
3915.47
3844.06
3739.48
3771.1
3821.48
3619.06
3575.2
3764.58
3732.16
3770.6
3605.2
3720.29
3740.17
3736.68
3813.12
4068.04
4024.35
4230.3
3850.98
3834.85
4143.7
4157.36
4260.67
4135.19
3828.69
3756.06
3949.47
3730.01
3847.65
3693.68
3598.17
3540.87
3596.85
3638.32
3718.11
3699.88
3762.6
3671.81
3805.88
3715.05
3594.78
3505.9
3594.64
3839.12
3820.1
3717.88
3700.77
3487.37
3684.13
3634.43
3626.2
4147.24
3966.39
3861.69
3756.5
3986.02
3879.47
3828.58
3874.57
3922.96
4072.54
3989.67
3888.99
3982.48
4079.97
3965.26
3737.33
3685.73
3729.53
3841.68
3639.9
3555.09
3554.45
3624.96
3727.07
3581.27
3457.29
3524.39
3659.29
3625.59
3688.29
3619.99
3705.58
3648.36
3635.1
3585.2
3513.99
3616.94
3602.34
3868.42
4075.6
3708
3813.87
3808.37
4004.55
3702.08
3577.21
3783.15
3849.49
3844.67
3682.06
3579.88
3671.42
3655.63
3640
3777.46
3611.8
3624.5
3745.4
3704.31
3759.72
3742.53
3774.49
3733.76
3544.17
3568.93
3608.55
3757.69
3919.69
3683.89
3582.05
3618.33
3644.55
3442.3
3491.11
3490.61
3360.73
3123.97
3247.58
3390.24
3384.67
3306.54
3252.81
3359.47
3267.38
3371.26
3578.78
3298.83
3257.79
3407.36
3423.86
3387.94
3511.1
3488.73
3466.35
3433.12
3255.15
3274.87
3371.56
3386.46
3173.91
3397.66
3402.48
3372.83
3269.18
3399.85
3484.37
3497.67
3270.54
3173.06
3198.07
3070.76
3090.77
3061.12
3230.2
3224.61
3259.29
3297.99
3322.01
3428.33
3440.39
3542.99
3662.2
3349.51
3606.55
3671.55
3650.28
3627.24
3459.57
3313.48
3196.21
3302.17
3326.32
3449.4
3283.37
3326.61
3318.02
3470.28
3578.89
3513.71
3282.83
3338.12
3348.05
3231.89
3127.15
2986.2
3009.75
3274.82
3097.96
3061.84
3030.74
3070.08
2987.11
2984.16
2831.1
2972.3
2936.17
2791.44
2918.28
2903.32
3149.43
3122.34
3101.24
3090.36
3212.22
3037.15
3108.04
3082.45
3344.8
3286.22
2978.62
2915.48
3154.63
3158.83
3102.37
3216.13
3250.74
3295.8
3272.9
3218.24
3210.67
3257.35
3365.27
3166.76
3276.63
3182.04
3139.6
3378.37
3307.54
3341.87
3246.43
3317.5
3331.95
3215.67
3249.37
3138.67
3061.45
3108.32
3200.54
3066.87
3304.81
3128.65
3171.42
3214.71
2971.01
3288.88
3071.5
3120.94
3196.63
3141.48
3113.15
3013.11
3095.43
3056.65
3096.57
3467.63
3364.07
3305.47
3402.95
3305.54
3275.26
3223.67
3090.96
3064.03
3038.05
2893.02
3037.49
2940.26
3062.95
3207.55
3112.98
2999.6
3326.36
3139.43
3583.46
3458.26
3326.42
3207.43
3490.13
3557.92
3507.36
3412.93
3187.22
3221.84
3070.8
3053.34
3111.69
3183.49
3147.05
3196.28
3196.88
2985.03
2913.07
3055.99
3286.36
3177.29
3294.55
3241.18
3152.83
3101.29
3193.5
3091.49
3220.74
3090.31
3207.2
3095.33
3015.11
2913.64
2976.35
3106.65
3095.16
3059.53
3114.45
3312.92
3211.21
3365.63
3351.33
3276.71
3104.6
3052.41
3090.09
3192.04
3156.81
3191.74
3051.75
2996.14
3133.56
3101.21
3216.41
3164.09
3166.88
2988.52
3005.72
3058.55
3123.66
3080.06
3096.65
3084.95
3097.55
3133.39
3170.73
3353.35
3124.32
3138.23
3114.35
2977.96
2913.42
2777
2849.22
2903.38
2796.97
2857.82
3020.57
2944.48
3032.99
3097.07
3243.62
3432.24
3267.99
3296.27
3254.15
3488.36
3163.92
3245.01
3105.01
3103.92
3143.91
3005.18
2988.16
2955.28
2951.62
2845.76
2982.57
2955.68
3196.82
3158.37
3149.02
2845.53
2886.21
2848.61
2847.72
2946.34
3027.98
2993.85
2814.09
2725.58
2700.02
2772.71
2715.69
2633.17
2796.47
2575.49
2609.54
2791.05
2732.72
2640.13
2672.13
2736.36
2758.59
2750.03
2861.05
2582.81
2618.77
2775.41
2701.17
2649.31
2921.46
3205.92
3109.09
3143.01
2868.93
2994.25
2982.3
2861.91
2732.66
2728.34
2837.11
3008.26
3031.68
3141.93
3245.86
3257.06
3319.87
3222.07
3122.79
3118.04
3089.49
3056.74
2984.94
3139.96
3093.04
3106.88
3227.42
3050
3046.71
2918.32
2960.15
2824.24
2766.04
2889.39
2843.24
3045.95
2900.59
2995.42
3067.32
3070.92
2878.93
2905.43
2912.33
2967.97
3062.72
3052.49
3155.08
3282.85
3277.61
3247.19
2981.08
3108.94
3149.16
2847.94
2782.39
2679.91
2962.35
2851.41
2969.35
2926.21
2841.47
2814.99
2961.6
3019.5
3051.46
3166.58
3047.71
3109.23
3072.64
3055.61
2919.46
2926.55
2921.87
2898.27
2969.89
2885.64
2797.54
2809.85
2826.63
2829.58
2814.19
2846.45
2978.84
2952.2
2918.4
2841.08
2929.87
2845.11
2803.21
2775.83
2936.42
2724.5
2771.15
2872.71
2882.39
2810.01
2697.98
2989.56
2946.52
2898.29
2868.62
2879.75
2868.98
2738.51
2691.52
2787.17
2635.97
2644.07
2764.51
2752.77
2894
2712.42
2881.57
2762.74
2901.73
2763.76
2750.22
2821.3
2792.25
2720.19
2801.58
2622.23
2685.4
2868.82
2750.76
2720.2
2650.38
2667.18
2614.82
2507.91
2567.16
2601.71
2677.21
2644.6
2768.55
2769.46
2656.74
2645.03
2803.38
2740.97
2719.86
2568.71
2660.72
2688.41
2654.81
2681.6
2885.01
2887.84
2966.45
2778.58
2718.69
2839
2866.85
2835.49
2802.27
2827.99
2813.13
2830.53
2888.43
2799.27
2726.17
2741.05
2786.65
2755.31
2816.68
2836.04
2854.42
2807.33
2811.56
2647.9
2604.56
2539.37
2424.59
2496.57
2548.44
2405.15
2492.38
2674.16
2613.4
2602.05
2479.69
2422.65
2508.68
2432.25
2480.65
2687.34
2625.52
2651.17
2482.98
2566.39
2396.95
2402.8
2557.44
2457.07
2352.15
2358.62
2445.87
2368.84
2450.97
2321.29
2397.83
2460.11
2474.11
2468.53
2392.99
2256.89
2336.17
2392.82
2514.89
2500.52
2584.7
2499.17
2556.23
2368.69
2470.01
2391.78
2473.65
2504.14
2679.91
2536.74
2504.94
2670.23
2743
2705.42
2708.92
2767.54
2711.64
2740.51
2952.35
2847.64
2721.94
2730.47
2789.91
2739.85
2676.09
2711.57
2816.3
2708.45
2590.56
2535.17
2455.78
2504.86
2498.35
2480.67
2548.68
2582.35
2512.39
2504.32
2438.63
2346.05
2289.49
2345.27
2334.89
2343.8
2334.27
2411.31
2344.22
2449.34
2307.57
2348.81
2317.26
2349.22
2542.71
2281.13
2209.12
2159.09
2176.58
2233.45
2176.2
2355.07
2247.34
2154.23
2246.32
2042.62
2072.11
2085.9
1955.36
2014.9
2160.72
2249.81
2150.53
2115.56
2181.52
2118.2
2303.43
2234.45
2316.85
2276.55
2317.64
2261.3
2329.45
2297.78
2382.18
2313.04
2453.63
2458.77
2480.33
2422.6
2378.45
2473.63
2362.91
2397.17
2395.33
2350.39
2192.05
2234.2
2254.19
2149.33
2228.82
2303.43
2219.05
2219.33
2273.4
2297.01
2356
2319.13
2176.67
2282.01
2421.2
2343.09
2353.67
2423.63
2349.38
2341.18
2359.78
2335.31
2469.22
2454.37
2411.58
2446.58
2558.11
2457.26
2534.6
2666.27
2755.61
2515.22
2578.69
2583.55
2608.74
2684.67
2594.76
2650.45
2631.54
2496.12
2531.85
2585.7
2606.13
2847.75
2841.64
2947.25
2758.63
2759.02
2593.76
2682.15
2603.31
2566.77
2705.12
2723.13
2689.69
2544.45
2598.47
2488.45
2581.76
2542.39
2470.43
2509.5
2450.06
2471.27
2475.99
2645.95
2672.83
2520.55
2442.8
2658.82
2492.18
2491.18
2640.32
2681
2659.57
2650.93
2641.15
2588.56
2597.39
2598.21
2622.91
2688.71
2755.55
2589.19
2470.12
2376.04
2483.65
2533.67
2430.35
2334.3
2457.15
2469.87
2660.76
2634.88
2669.84
2449.7
2456.61
2527.89
2612.02
2656.07
2670.86
2580.98
2497.88
2463.56
2426.59
2418.1
2525.69
2642.29
2644.84
2656.36
2466.83
2507.79
2364.71
2314.08
2249.87
2338.03
2216.25
2277.39
2444.94
2344.39
2423.67
2413.88
2367.21
2376.84
2357.32
2405.67
2534.74
2554
2511.76
2528.91
2569.49
2555.01
2544.97
2337.38
2434.98
2465.74
2440.44
2533.2
2460.1
2318.86
2397.21
2409.95
2368.29
2364.45
2439.11
2573.35
2573.23
2498.99
2647.25
2565.96
2552.77
2535.61
2463.79
2524.11
2572.97
2565.65
2540.24
2552.3
2670.78
2654.37
2779.57
2710.22
2484.06
2519.11
2545.64
2503.54
2395.05
2352.92
2434.85
2459.86
2472.2
2432.36
2359.42
2374.84
2436.85
2351.31
2396.9
2326.59
2418.97
2352.31
2363.21
2637.58
2615.55
2530.91
2479.68
2431.97
2533.83
2431.96
2442.94
2459.45
2504.58
2407.05
2370.75
2329.46
2428.32
2668.56
2564.49
2493.84
2519.76
2579.8
2452.39
2461.5
2462.94
2540.37
2490.2
2542.6
2558.73
2483.63
2615.83
2712.66
2651.52
2608.62
2646.74
2445.88
2612.96
2604.1
2529.47
2501.65
2499.98
2376.12
2373.95
2361.26
2505.54
2541.05
2318.67
2421.45
2413
2424.26
2518.82
2574.6
2685.25
2736.03
2665.41
2749.77
2617.22
2610.77
2513.9
2368.33
2476.73
2473.41
2454.73
2620.14
2628.01
2581.59
2475.56
2573.82
2587.13
2623.15
2600.04
2348.44
2330.71
2218.25
2183.3
2279.08
2226.28
2210.63
2219.57
2252.75
2379.57
2385.24
2473.87
2485.35
2397.07
2330.68
2476.74
2407
2414.12
2409.09
2292.5
2281.96
2400.08
2407.12
2253.64
2456.48
2410.26
2460.59
2286.86
2349.79
2380.3
2254.11
2345.68
2429.29
2460.16
2436.52
2280.91
2306.61
2445.02
2194.26
2272.52
2222.09
2219.94
2180.74
2075.03
2197.4
2231.26
2325.53
2240.68
2249.91
2203.77
2317.73
2311.17
2378.49
2245.94
2310.48
2284.59
2212.22
2249.59
2322.52
2307.97
2419.44
2294.18
2380.06
2280.04
2232.48
2324.99
2201.79
2292.17
2293.74
2336.57
2372.21
2457.16
2504.13
2463
2454.95
2454.42
2450.43
2424.4
2391.78
2374.26
2282.38
2299.88
2245.89
2178.5
2120.3
2060.68
2054.01
2178.83
2174.33
2302.02
2416.36
2418.47
2431.15
2348.69
2302.59
2272.68
2220.18
2140.87
2309.68
2208.1
2368.55
2286.54
2277.46
2325.38
2212.13
2358.28
2314.82
2324.11
2370.55
2391.77
2413.25
2347.24
2274.59
2311.86
2175.75
2154.79
2243.43
2182.64
2169.61
2080.83
2055.19
2153.24
2157.15
2108.35
2287.97
2198.06
2237.48
2163.98
2180.91
2051.49
2056.67
2195.96
2121.84
2166.33
2168.58
2168.23
2198.74
2146.81
2234.84
2118.47
2104.01
2134.55
2282.63
2401.01
2432.04
2412.7
2412.95
2408.97
2436.02
2352.69
2306.37
2305.21
2402.73
2349.47
2223.07
2291.49
2228.95
2207.73
2233.94
2198.21
2146.26
2173.8
2335.15
2316.65
2233.51
2238.11
2229.93
2276.7
2370.38
2233.52
2208.13
2192.52
2122.37
2189.37
2171.65
2315.27
2389.23
2335.91
2407.09
2339.09
2261.66
2216.46
2167.04
2053.35
2125.89
2189.36
2263.13
2230.62
2257.84
2196.13
2088.52
2107.43
2049.72
1960.38
1909.64
1973.06
1964.27
2014.57
1992.3
2114.55
2083.7
2133.45
2138.43
2136.44
2054.6
2104.75
2138.8
2162.86
2152.03
2122.49
2108.79
2077.05
2020.57
2095.21
2211.39
2264.71
2279.36
2268.25
2225.34
2147.59
2173.6
2214.3
2159.48
2241.92
2192.17
2113.25
2051.84
2114.29
2120.3
1989
1965.91
2019.41
1969.14
1985.58
2046.26
2052.46
2013.78
1996.5
1996.94
2023.17
1971.74
2042.08
2007.35
1955.12
1903.61
1964.14
1948.83
2028.09
2070.15
1959.95
2018.02
1970.13
1899.57
1949.71
1906.39
1928.67
1891.07
1917.35
1941.64
1828.43
1834.34
1927.08
1944.52
1984.65
2021.05
2064.06
2016.72
1985.32
2031.5
2149.93
2201.14
2146.87
2108.09
2053.71
2072.65
2040.51
1943.57
1971.73
1966.16
1928.65
1942.19
1950.55
2007.76
1968.8
1946.19
1964.09
2011.45
2024.62
1868.35
1866.93
1873.96
1828.3
1889.88
1858.98
1878.51
1935.47
1909.84
1996.53
1981.49
2069.88
2154.05
1985.17
1959.85
1909.46
1931.71
1994.88
2045.72
2112.44
2124.85
2076.97
1976.44
1974.14
1955.75
1955.3
1957.57
1974.78
2011.63
1994.71
2064.19
2040.76
2093.38
2037.34
2023.23
2037.86
2006.63
2065.23
2030.64
2047.05
2132.47
2149.62
2018.26
1995.89
2057.28
2107.45
2005.8
1986.27
1844.84
1845.02
1894.72
1784.04
1853.05
1841.36
1921.49
2025.49
2032.42
2000.83
1993.52
2045.62
1981.67
1971.08
2024.21
1996.24
2002.75
1957.32
1935.97
1852.5
1866.85
1888.63
1797.09
1884.43
1860.24
1918.65
1926.66
2007.48
1926.78
1967.69
1881.54
1872.64
2080.2
2081.05
1988.61
1963.6
2004.92
1896.25
1961.64
2004.77
1978.22
1891.23
1873.84
1879.52
1922.08
1994.21
2053.21
1981.54
1973.52
2018.04
1987.13
1900.95
1943.6
1968.24
2041.9
1938.72
1935.92
1914.55
1941.38
1923.53
1934.67
1917.13
2006.92
1984.96
1967.21
1988.79
1946.55
1919.55
1976.85
1972.36
1965.71
1970.58
1988
1978.33
1997.46
1882.18
1899.1
1923.72
1921.65
1912.57
1876.76
1866.85
1934.19
1863.63
1874.15
1901.26
1852.63
1950.05
1929.56
1859.37
1916.05
1984.81
2018.08
2005.65
2067.27
1967.34
2036.68
2089.59
2040.7
2054.81
2080.99
2122.25
1978.5
2018.66
2154.61
2134.16
2068.31
2089.29
2090.45
2023.55
2075.88
1983.15
2024.43
2032.92
2086.79
1976.8
1938.89
1971.93
1980.11
1996.63
1869.15
1942.14
1929.64
1814.18
1797.09
1785.51
1806.49
1704.2
1788.74
1896.07
1897.23
1856.26
1941.54
1837.96
1905.74
1973.68
1995.75
1881.78
1881.42
1921.37
2046.8
2029.06
1974.2
1887.74
1835.58
1797.23
1819.54
1795.99
1884.99
1967.07
1951.6
1867.39
1916.81
1965.52
1989.65
1927.48
2028.72
1925.23
1874.14
1940.17
1931.52
1852.34
1886.17
1869.01
1924.23
1919.98
1874.16
1837.4
1897.32
1904.85
1964.93
1880.9
1970.93
1952.43
1892.69
2000.36
2126.34
2096.66
2075.06
1995.6
2053.77
2011.31
1980.84
2048.09
2055.52
2036.75
2064.66
2031.44
2048.99
2043.75
2025.49
2039.52
2082.55
2093.32
2037.68
1934.73
1971.5
1944.83
1852
1878.41
1849.72
1860
1815.06
1793.69
1789.29
1822.19
1757.29
1883.37
1848.62
1819.4
1844.9
1846.84
1862.31
1818.52
1846.16
1826.01
1862
1887.96
1930.49
1943.61
1943.69
1982.02
2038.9
1999.65
1885.14
1907.92
1968.81
1937.32
1998.73
2022.12
1988.18
1988.95
1965.26
2032.62
2081.91
2051.14
1916.61
1927.65
1916.56
1941.44
1897.82
1896.03
1924.84
1928.83
1915.21
1929.45
1932.63
1947.06
1986.88
1925.17
1895.59
1876.93
1925.16
1863.64
1877.14
1898.46
1842.65
1806.93
1889.88
1915.96
2021.93
2001.09
1932.3
1877.9
1868.94
1854.2
1835.74
1898.2
1947.34
1857.41
1926.73
1891.62
1895.87
1820.16
1773.25
1817.02
1696.97
1731.89
1770.82
1784.5
1843.92
1802.33
1824.16
1841.61
1825.15
1752.01
1808.33
1831.6
1859.88
1855.72
1786.46
1874.3
1840.94
1856.42
1874.66
1802.91
1766.57
1822.7
1818.6
1927.72
1945.2
1924.56
1850.92
1897.71
1928.58
1859.28
1841.42
1829.81
1807.94
1787.44
1703.41
1742.86
1729.13
1702.66
1839.03
1874.23
1915.92
1838.73
1834.82
1783.28
1781.07
1840
1796.84
1840.76
1802.89
1911.9
1873.74
1864.9
1924.15
1926.26
1872.3
1903.96
1833.85
1858.47
1761.08
1784.89
1830.62
1820.61
1864.65
1862.19
1846.33
1827.27
1896.93
1832.74
1867.01
1827.23
1908.46
1879.49
1915.24
1863.13
1911.63
1894.47
1953.13
1897.39
1906.36
1960.27
1996.54
2009.78
2004.15
1949.7
1986.24
2017.97
2037.99
1855.91
1821.02
1871.19
1841.47
1919.02
1877.96
1867.73
1850.1
1842.06
1822.54
1863.77
1763.49
1826.84
1763.83
1778.41
1780.4
1912.26
1902.83
1886.97
1846.24
1819.04
1828.48
1865.18
1816.45
1835.88
1897.47
1827.34
1808.87
1801.65
1748.31
1780.78
1808.39
1766.39
1726.71
1697.07
1720.24
1751.55
1750.08
1724.22
1662.77
1656.35
1621
1637.59
1694.64
1659.77
1712.96
1701.27
1760.69
1704.98
1769.8
1752.19
1739.88
1726.98
1734.17
1738.53
1721.88
1720.4
1621.62
1563.34
1525
1615.11
1631.36
1648.98
1693.98
1686.13
1720.4
1720.31
1695.82
1656.05
1682.52
1710.83
1680.87
1797.37
1758.6
1730.99
1721.24
1681.36
1674.48
1681.02
1728.63
1715.05
1683.89
1662.25
1635.05
1545.52
1563.83
1604.57
1649.89
1648.16
1729.68
1802.68
1787.12
1794.59
1690.49
1657.55
1707.17
1648.8
1611.38
1618.29
1577.99
1673.79
1780.37
1761.56
1775.62
1723.64
1760.91
1721.33
1749.35
1809.12
1795.14
1802.33
1742.51
1691.45
1698.52
1664.77
1646.46
1622.7
1582.2
1571.84
1625.96
1645.19
1648.35
1679.47
1629.54
1665.72
1709.96
1727.54
1718.36
1744.51
1741.53
1735.24
1776.27
1733.01
1732.99
1748.1
1760.87
1831.93
1830.36
1808.12
1787.34
1817.99
1872.08
1857.4
1803.76
1778.36
1803.91
1708.71
1675.51
1753.51
1756.75
1785.19
1689.02
1655.5
1642.2
1603.24
1581.96
1579.97
1596.9
1542.21
1582.16
1558.09
1501.4
1503.41
1531.55
1570.41
1565.38
1557.33
1629.27
1665.17
1634.78
1689.63
1691.17
1676.95
1667.18
1703.24
1702.31
1670
1667.86
1632.99
1630.32
1650.59
1640.71
1647.69
1717.4
1645.45
1704.5
1685.23
1757.32
1741.31
1716.62
1694.72
1653.36
1616.05
1650.7
1699.34
1682.53
1742.5
1696.71
1630.9
1636.99
1672.76
1678.12
1635.26
1624.27
1631.03
1664.39
1659.66
1697.19
1751.62
1683.45
1740.8
1726.09
1743.79
1714.07
1782.38
1739.77
1709.42
1699.96
1719.17
1669.45
1708.25
1703.53
1717.6
1684.27
1700.55
1715.39
1684.93
1692.53
1712.19
1737.2
1723.06
1677.42
1692.03
1687.1
1689.07
1614.99
1624.88
1640.3
1629.62
1579.09
1629.41
1666.9
1643.23
1662.36
1668.97
1643.41
1674.02
1634.02
1711.96
1717.29
1659.39
1709.25
1639.71
1611.06
1629.48
1616.84
1670.75
1626.55
1655.39
1724.81
1656.25
1645
1709.79
1711.52
1676.11
1726.53
1751.12
1726.85
1722.3
1667.22
1723.38
1721.31
1700.83
1641.54
1665.5
1722.97
1695.39
1693.94
1639.01
1586.5
1625.17
1664.42
1663.16
1675.19
1707.82
1635.58
1672.26
1686.11
1716.51
1685.42
1671.93
1675.3
1634.96
1623.71
1644.1
1653.38
1595.75
1590.94
1638.16
1722.3
1708.42
1648.5
1684.73
1715.64
1769.46
1787.09
1760.22
1783.66
1755.07
1742.85
1707.05
1695.82
1720.33
1685.2
1668.92
1633.07
1635.23
1652.27
1679.89
1687.16
1761.97
1741.32
1738.35
1663.12
1638.71
1631.51
1659.18
1684.61
1732.38
1709.57
1683.42
1680.47
1720.11
1707.24
1724.5
1697.79
1687
1616.66
1632.51
1652.42
1650.15
1683.99
1687.95
1631.86
1620.64
1659.54
1644.49
1697.3
1677.23
1695.78
1698.26
1685.9
1690.91
1646.73
1665.46
1645.48
1614.35
1603.98
1601.63
1621.87
1573.42
1555.39
1529.05
1555.46
1562.54
1592.2
1595.02
1648.3
1606.94
1585.37
1620.25
1645.41
1664.36
1671.05
1708.54
1658.71
1659
1683.37
1686.58
1697.85
1622.61
1613.45
1631.02
1687.51
1631.89
1562.06
1597.21
1552.72
1548.4
1549.74
1582.13
1587.06
1578.82
1561.38
1570.24
1606.76
1671.27
1671.41
1583.85
1575.05
1571.4
1541.14
1560.91
1555.23
1546.84
1549.75
1574.19
1585.97
1561.53
1548.58
1647.99
1586.9
1557.73
1519.39
1518.76
1526.77
1537.08
1517.32
1552.71
1550.47
1567.63
1554.36
1571.23
1532.57
1578.87
1535.16
1561.15
1528.55
1522.54
1521.91
1583.55
1557.94
1545.38
1550.31
1546.95
1506.16
1472.49
1480.04
1494.22
1525.65
1494.29
1562.4
1565.78
1544.4
1478.16
1517.34
1527.65
1564.66
1539.02
1531.92
1536.58
1574.67
1563.28
1556.97
1539.7
1492
1548.51
1579.78
1586.58
1505.4
1462.78
1482.49
1456.85
1436.46
1443.08
1453.48
1520.35
1568.95
1624.62
1616.9
1644.78
1609.23
1608.5
1612.77
1529.17
1564.3
1498.46
1473.94
1426.46
1467.55
1470.57
1454.57
1469.88
1484.61
1457.96
1525.14
1491.23
1459.11
1447.77
1488.13
1544.12
1523.95
1538.48
1540.82
1525.86
1505.89
1482.95
1485.32
1482.98
1511.32
1522.58
1500.81
1493.13
1535.56
1554.94
1529.29
1497.87
1498.54
1481.44
1473.99
1463.12
1440.58
1457.43
1515.51
1557.75
1500.39
1503.37
1513.03
1507.23
1505.15
1491.58
1487.06
1490.79
1498.06
1508.25
1523.46
1450.57
1482.88
1515.59
1517.16
1468.97
1456.6
1459.25
1488.76
1498.53
1451.1
1459.25
1481.66
1488.52
1481.82
1483.24
1478.65
1423.01
1463.76
1480.66
1472.86
1479.3
1470.5
1437.89
1477.73
1441.59
1394.62
1406.87
1457.22
1456.57
1405.38
1377.27
1349.95
1338.93
1322.41
1353.97
1365.24
1414.31
1414.65
1410.4
1385.15
1437.35
1471.36
1416.33
1403.44
1429.01
1439.3
1432.22
1446.13
1477.68
1462.51
1461.35
1443.36
1450.2
1493.63
1494.9
1455.8
1477.79
1419.34
1424.55
1415.6
1410.39
1423.56
1393.26
1421.94
1410.44
1413.2
1406.27
1404.45
1415.61
1416.93
1445.52
1461.67
1448.41
1481.18
1509.72
1424.78
1411.41
1402.33
1393.93
1377.11
1400.83
1386.25
1385.19
1400.8
1422.32
1385.55
1384.33
1401.6
1449.87
1393.08
1450.26
1482.97
1441.31
1443.22
1415.05
1438.36
1428.73
1407.83
1416.91
1445.79
1419.99
1429.28
1421
1416.79
1403.63
1424.91
1420.12
1422.38
1477.92
1519.35
1522.68
1543
1546.33
1506.23
1507.98
1427.83
1437.17
1406.49
1406.93
1409.64
1396.71
1367.07
1409.6
1400.21
1449.6
1419.68
1423.49
1428.2
1466.04
1477.72
1449.94
1419.92
1453.44
1455.01
1480.07
1438.46
1422.15
1427.69
1474.77
1442.68
1414.21
1442.82
1468.45
1455.48
1455.93
1401.66
1440.05
1491.72
1489.08
1490.47
1453.96
1461.25
1385.01
1359.61
1398.24
1414.01
1449.93
1418.55
1450.8
1430.41
1384.88
1371.47
1346.8
1381.07
1404.37
1435.67
1409.48
1400.39
1391.28
1441.52
1401.43
1406.95
1448.81
1432.44
1428.35
1401.63
1403.78
1410.47
1410.86
1433.2
1416.63
1421.86
1404.06
1446.72
1424.88
1463.72
1469.31
1430.37
1420.19
1475.82
1473.01
1473.83
1480.47
1484.21
1424.25
1463.02
1417.92
1429.84
1444.65
1368.93
1369.99
1382.21
1417.9
1433.72
1421.82
1400.09
1400.18
1410.46
1407.79
1434
1435.92
1443.07
1418.07
1405.72
1393.16
1362.62
1340.71
1377.06
1373.99
1370.05
1411.59
1392.47
1366.3
1347.75
1374.01
1378.78
1407.26
1426.85
1413.04
1378.29
1388.17
1379.13
1387.39
1366.24
1393.74
1372.79
1372.52
1374.18
1401.05
1414.59
1347.1
1389.81
1417.17
1425.46
1377.77
1383.09
1379.68
1402.14
1411.39
1456.32
1435.68
1441.01
1441.95
1443.5
1450.89
1420.4
1409.03
1379.05
1407.42
1362.6
1365.56
1370.8
1372.8
1367.63
1331.94
1362.13
1408.87
1382.06
1358.96
1328.92
1341.74
1357.17
1378.74
1397.94
1406.63
1366.08
1375.59
1368.79
1369.45
1404.08
1354.1
1397.02
1393.16
1432.45
1445.17
1463.98
1494.29
1478.78
1430.81
1412.03
1394.52
1388.63
1384.4
1354.04
1317.7
1343.13
1344.13
1314.8
1320.96
1315.57
1301.73
1351.05
1305.95
1350.05
1342.33
1395.3
1353.63
1351.53
1364.67
1390.84
1387.2
1353.21
1408.54
1386.87
1357.1
1327.26
1307.16
1335.38
1319.68
1355.77
1352.23
1379.18
1433.39
1399.43
1406.27
1402.14
1375.1
1382.14
1344.53
1306.76
1330.68
1392.19
1399.53
1389.44
1396.57
1358.09
1344.52
1344.91
1367.69
1342.99
1362.45
1347.52
1309.24
1322.42
1339.01
1351.23
1388.78
1384.65
1360.07
1381.66
1412.14
1409.7
1374.82
1360.34
1377.76
1374.37
1373.86
1379.42
1365.82
1390.87
1351.04
1374.92
1391.4
1388.86
1364.85
1371.82
1349.89
1391.96
1355.3
1342.94
1331.62
1316
1317.97
1355.02
1369.09
1391
1412.93
1382.32
1380.36
1388.59
1371.04
1425.31
1412.93
1401.39
1374.81
1381.34
1403.59
1372.59
1379.4
1345.85
1351.36
1357.81
1368.33
1343.83
1319.51
1303.15
1303.13
1306.89
1291.06
1278.97
1279.05
1309.9
1308.77
1327.06
1315.05
1310.25
1304.53
1352.78
1351.13
1348.95
1329.14
1337.05
1322.67
1328.39
1350.46
1308.6
1304.9
1306.96
1328.16
1300.56
1326.24
1305.29
1297.2
1297.59
1286.42
1295
1295.5
1316.05
1305.19
1318.32
1298.21
1298.99
1295.46
1289.94
1270.64
1258.05
1244.78
1295.68
1295.38
1300.21
1307.72
1350.27
1313.81
1332.25
1303.68
1286.36
1304.25
1351.09
1321.78
1349.94
1325.63
1346.44
1363.82
1317.31
1337.47
1318.55
1339.89
1364.16
1330.51
1331.73
1319.68
1303.74
1334.37
1345.83
1328.26
1328.99
1345.36
1340.07
1353.62
1388.42
1368.54
1360.22
1336.21
1318.64
1321.08
1313.3
1301.87
1303.85
1325.02
1291.29
1295.02
1281.39
1279.47
1300.2
1313.39
1342.79
1336.64
1345.35
1340.59
1305.28
1306.17
1297.82
1286.15
1302.12
1281.66
1293.78
1308.81
1288.78
1294.25
1302.82
1326.54
1316.86
1320.29
1327.03
1369.1
1369.91
1385.6
1402.44
1376.6
1375.43
1394.53
1352.49
1370.89
1360.82
1353.5
1345.82
1343.48
1370.58
1350
1357.58
1376.22
1346.96
1311.89
1289.76
1331.36
1308.6
1308.57
1302.17
1313.27
1306.81
1326.72
1327.29
1304.23
1290.83
1288.09
1279.91
1292.13
1306.77
1252.17
1248.48
1250.96
1261.27
1242.39
1249.08
1272.28
1291.29
1277.57
1253.36
1260.22
1266.73
1241.89
1245.05
1236.17
1251.23
1245.57
1253.14
1246.97
1268.98
1274.17
1259.36
1265.36
1265.57
1244.15
1247.97
1264.85
1276.42
1250.64
1227.11
1239.99
1254.57
1319.32
1302.49
1312.8
1324.03
1329.91
1349.17
1325.51
1303.7
1341.22
1357.58
1342.39
1326.22
1342.46
1349.35
1347.51
1307.89
1308.25
1293.47
1296.63
1301.79
1319.8
1298.59
1288.47
1274.11
1264.6
1253.68
1263.73
1292.2
1337.22
1322.23
1315.01
1319.56
1308.08
1291.09
1291
1298.49
1312.09
1294.72
1289.06
1287.43
1304.65
1290.85
1293.09
1316.37
1300.32
1295.18
1317.06
1318.45
1340.78
1362.53
1346.75
1355.5
1371.61
1377.68
1377.02
1368.18
1347.04
1328.13
1300.71
1280.62
1310.15
1294
1264.77
1281.51
1275.8
1264.62
1235.23
1261.82
1262.98
1240.59
1269.63
1271.97
1277.28
1289.9
1284.3
1311.18
1317.65
1318.99
1328.66
1330.8
1301.66
1288.23
1287.6
1316.14
1300.57
1297.54
1317.61
1302.06
1296.73
1319.92
1323.75
1327.65
1299.75
1290.78
1288.33
1280.12
1294.53
1281.98
1270.18
1253.26
1271.44
1284.02
1278.24
1253.86
1248.27
1253.12
1254.96
1254.7
1260.84
1246.25
1257.59
1257
1227.75
1226.48
1195.26
1212.52
1213.76
1204.5
1191.59
1176.35
1189.01
1195.84
1203.63
1238.2
1219.08
1215.88
1213.16
1217.52
1212.74
1215.14
1193.16
1195.49
1208.82
1206.98
1213.25
1216.78
1238.16
1219.08
1261.62
1240.73
1229.38
1215.26
1218.9
1208.84
1217.19
1218.96
1239.83
1234.97
1243.37
1243.2
1226.78
1218.32
1247.11
1251.6
1255.72
1231.44
1243.5
1236.28
1254.61
1251.62
1245.78
1241.7
1235.65
1270.91
1259.57
1262.39
1253.45
1264.48
1251.5
1273.03
1265.58
1251.78
1239.03
1235.9
1234.97
1244.11
1252.33
1268.61
1256.55
1263.48
1238.51
1246.24
1251.64
1259.17
1239.27
1248.96
1240.61
1228.36
1225.1
1246.76
1255.3
1261.26
1264.54
1249.16
1256.59
1250.12
1246.22
1247.44
1254.77
1264.47
1290.1
1277.56
1267.23
1252.25
1220.19
1225.63
1223.6
1248.17
1219.71
1251.73
1248.41
1254.31
1256.54
1233.03
1243.38
1238.48
1239.38
1236.98
1261.07
1252.1
1248.87
1240.3
1230.1
1221.53
1256.43
1238.01
1211.5
1233.87
1240.27
1233.37
1235.84
1234.57
1234.49
1222.41
1217.2
1204.6
1194.54
1209.96
1221.76
1205.35
1203.91
1210.16
1206.02
1196.81
1219.17
1201.69
1192.11
1188.35
1192.91
1178.64
1169.92
1176.34
1168.55
1162.74
1157.74
1183.7
1191.18
1202.67
1182.88
1203.14
1204.72
1218.37
1205.18
1210.77
1205.81
1228.76
1231.28
1215.69
1223.67
1225.64
1218.87
1204.89
1218.07
1204.96
1186.36
1191.84
1196.87
1187.21
1198.07
1197.1
1189.47
1195.85
1189.39
1181.91
1175.61
1177.28
1155.67
1160.96
1182.93
1172.5
1156.67
1158.93
1186.12
1178.25
1173.43
1169.62
1182.93
1169.45
1167.35
1188.4
1169.85
1170.92
1183.56
1183.82
1165.5
1162.29
1157.15
1173.79
1185.56
1179.49
1204.41
1207
1202.73
1184.83
1203.73
1176.75
1203.97
1200.17
1199.36
1194.93
1214.96
1202.5
1193.03
1182.3
1187.54
1168.47
1190.92
1186.04
1167.86
1143.39
1140.31
1143.84
1153.2
1141.58
1151.12
1170.06
1160.7
1181.7
1174.85
1174.96
1166.52
1170.27
1165.74
1169.27
1178.27
1158.62
1171.07
1168.81
1155.7
1170.47
1170.57
1173.58
1175.49
1201.45
1209.2
1204.02
1189.83
1169.71
1150.21
1194.53
1190.3
1182.93
1184.22
1202
1206.52
1197.93
1193.77
1172.77
1165.51
1163.48
1151.92
1138.27
1133.76
1149.69
1122.16
1130.48
1137.28
1164.96
1168.71
1155.94
1154.86
1151.18
1147.98
1135.33
1147.43
1171.64
1163.97
1173.86
1152.79
1185.86
1161.69
1167.15
1148.01
1152.25
1136.19
1157.96
1158.66
1156.78
1150.99
1152.95
1171.68
1184.99
1182.8
1197.56
1169.89
1178.97
1188.49
1186.26
1187.98
1185.35
1150.02
1151.76
1133.07
1119.84
1132.87
1147.28
1154.79
1175.29
1158.02
1150.56
1163.67
1161.35
1152.94
1181.07
1177.88
1160.97
1132.47
1138.97
1124.29
1113.63
1114.48
1126.03
1132.58
1115.97
1123.35
1131.53
1110.82
1128.73
1136.55
1135.28
1139.36
1164.42
1165.36
1170.21
1146.03
1151.22
1140.37
1120.92
1123.05
1145.01
1131.45
1140.93
1143.25
1147.97
1141.59
1135.02
1145.61
1160.14
1148.04
1152.74
1137.43
1130.88
1144.05
1116.88
1114.9
1112.66
1097.24
1108.18
1126.81
1139.24
1132.63
1128.76
1118.55
1111.88
1115.97
1125.21
1123.78
1131.79
1106.47
1108.02
1113.32
1130.52
1124.6
1131.68
1117.86
1098.65
1112.43
1099.57
1108.95
1108.64
1117.18
1133.49
1134.57
1129.78
1145.86
1134.98
1136.04
1136.97
1134.52
1149.81
1135.94
1156.91
1149.13
1155.36
1131.1
1127.35
1134.75
1147.28
1139.81
1131.29
1150.89
1149.15
1161.09
1144.96
1161.66
1153.65
1143.45
1165.02
1161.82
1150.6
1141.12
1148.35
1149.14
1138.55
1151.61
1149.9
1170.23
1158.92
1157.1
1173.32
1162.09
1172.05
1170.96
1156.04
1152.76
1146.67
1151.98
1144.53
1150.63
1141.2
1144.57
1129.63
1129.87
1126.08
1135.52
1124.2
1114.66
1111.94
1139.98
1147.76
1132.93
1129.31
1143.55
1141.65
1158.69
1147.27
1151.26
1147.59
1153.08
1132.1
1120.23
1103.26
1110.4
1106.01
1123.93
1125.53
1116.69
1119.24
1118.5
1119.33
1116.71
1136.7
1136.89
1156.94
1150.67
1152.6
1140.93
1144.26
1120.32
1133.71
1134.54
1117.38
1113.82
1129.88
1123.61
1132.82
1154.53
1145.41
1150.23
1146.32
1139.57
1145.75
1140.85
1126.16
1113.25
1110.53
1112.49
1116.88
1128.93
1134.09
1138.17
1144.09
1139.88
1142.88
1143.17
1115.32
1111
1109.12
1104.8
1112.99
1113.04
1115.13
1123.52
1111.7
1125.25
1121.15
1128.93
1127.81
1118.37
1113.69
1134.99
1128.06
1137.55
1118.9
1115.07
1116.03
1112.6
1123.56
1127.93
1120.83
1112.3
1106.34
1095.49
1082.6
1090.78
1105.88
1102.21
1082.91
1084.98
1093.45
1088.32
1102.05
1096.46
1094.67
1115.38
1114.62
1120.19
1126.23
1124.16
1115.36
1116.86
1117.21
1113.26
1111.77
1127.3
1142.39
1143.79
1127.53
1107.83
1116.34
1090.83
1090.59
1104.9
1120.81
1090.29
1101.09
1097.93
1076.89
1070.28
1071.33
1074.52
1094.61
1098.33
1095.13
1107.29
1112.84
1106.55
1100.39
1096.66
1106.51
1095.32
1117.06
1112.16
1105.72
1076.19
1094.35
1089.27
1096.61
1083.2
1079.7
1107.36
1092.09
1102.03
1102.27
1103.35
1122.13
1101.06
1109.4
1119.34
1102.17
1106.2
1105.14
1095.72
1103.95
1112.66
1120.63
1118.63
1112.24
1097.55
1103.78
1099.51
1113.95
1110.07
1104.72
1094.99
1083.93
1070.93
1080.01
1086.21
1084.2
1077.74
1073.54
1077.08
1076.71
1079.77
1089.76
1090.01
1070.33
1069.91
1051
1058.47
1041.24
1040.46
1046.22
1053.74
1048.5
1025.59
1031.91
1036.51
1032.08
1042.34
1049.84
1036.32
1047.69
1062.91
1058.95
1050.05
1050
1050.33
1058.8
1061.54
1073.46
1068.42
1069.51
1057.96
1061.92
1055.54
1051.38
1060.78
1058.18
1064.8
1043.09
1052.51
1043.65
1023.73
1017.57
1020.15
1023.74
1039.16
1055.27
1041.07
1037.46
1049.2
1050.65
1038.23
1033.97
1042.14
1036.56
1032.85
1053.38
1048.63
1053.25
1055.46
1059.11
1065.78
1049.61
1052.12
1037.32
1034.34
1040.67
1031.62
1048.59
1042.53
1036.97
1050.21
1044.43
1033.53
1042.55
1041.86
1041.19
1036.79
1033.52
1034.11
1028.04
1012.64
1021.26
1018.68
1030.82
1037
1038.45
1055.83
1047.12
1043.26
1039.49
1048.06
1054.13
1043.92
1044.27
1038.71
1041.74
1047.3
1048.87
1032.94
1039.84
1033.39
1018.29
1021.28
1034.47
1021.33
1027.87
1028.43
1026.54
1037.6
1038.54
1032.26
1035.21
1027.01
1030.63
1058.17
1060.4
1063.01
1066.73
1060.54
1054.92
1036.85
1026.04
1015.02
1026.26
1027.41
1026.88
1030.55
1020.55
1015.63
1022.29
1023.39
1019.47
1023.96
1020.49
1023.52
1033.2
1044.33
1033.98
1022.37
1011.33
1027.67
1021.38
1029.39
1043.05
1031.67
1045.94
1042.98
1053.15
1072.9
1058.2
1067.9
1053.54
1040
1033.56
1029.73
1030.5
1022.73
1018.78
1030.16
1026.19
1022.11
1021.84
1024.63
1023.4
1031.56
1020.99
1026.99
1035.71
1043.08
1033.58
1025.29
1030.57
1017.3
1025.78
1035.11
1010.56
1019.55
1012.76
1019.19
1013.61
1005.42
1011.14
1007.63
1016.64
1019.08
1024.18
1028.09
1025.79
1008.15
1003.54
1002.29
1006.53
999.353
995.525
1005.02
998.928
992.753
989.355
995.115
1010.52
1004.75
997.485
1005.89
1004.24
1010.91
1003.11
1009.68
1005.53
1015.31
1008.63
1007.26
1019.55
1021.4
1014.45
1020.08
1009.86
1000.99
1007.11
997.774
1011.22
1005.07
1011.24
1010.74
1006.66
999.266
993.491
1000.34
991.664
989.328
994.481
988.327
995.236
990.641
994.736
989.587
980.162
974.722
989.419
977.303
973.462
975.207
973.994
974.569
967.573
962.979
969.537
967.307
976.567
986.58
986.256
985.421
1004.16
1011.48
1015.63
1002.76
1002.09
998.241
995.598
994.085
992.067
986.636
983.293
981.325
988.495
985.231
982.617
992.398
998.517
995.104
1000.67
1004.56
1005.03
996.183
1011.52
999.345
997.239
1007.78
1019.48
1029.35
1009.22
1012.51
1015.14
1010.53
1029.57
1027.95
1034.73
1026.74
1029.98
1017.77
1013.83
1007.94
1008.96
1006.25
997.816
997.55
1011.16
1004.63
1016.32
1006.12
996.773
1008.17
1008.23
1001.9
983.625
987.282
985.765
980.753
986.824
1003.63
994.904
987.723
996.285
1000.96
994.203
1003.02
1001.46
1001.22
997.728
994.411
992.139
978.086
982.534
997.076
990.99
984.984
982.031
982.066
989.668
998.768
993.222
983.084
989.939
988.314
982.042
987.704
988.662
993.635
992.141
989.94
990.006
988.491
988.611
985.091
981.92
977.682
975.016
976.745
972.116
980.345
978.328
972.936
986.605
976.826
983.737
974.128
978.318
985.46
990.686
989.182
992.425
988.765
988.109
992.509
994.741
1002.47
997.19
992.791
998.198
995.69
988.407
985.196
984.131
985.225
978.183
969.51
979.1
982.588
977.586
987.388
987.847
989.03
999.591
1003.11
997.024
1002.61
1002.76
990.438
981.98
988.507
996.531
994.455
991.416
999.796
988.119
983.372
983.086
984.534
983.076
973.277
981.189
991.075
986.61
997.235
990.033
986.145
977.693
979.816
985.877
975.973
974.041
975.775
977.428
982.752
986.02
985.378
983.859
985.971
978.813
976.367
974.768
978.911
979.779
979.573
985.71
981.819
986.24
983.247
971.68
977.541
984.41
993.677
983.554
980.724
973.953
959.469
973.173
976.794
971.817
964.84
965.189
961.351
959.42
957.955
955.984
959.909
960.366
963.982
969.106
974.324
980.911
980.644
978.434
975.268
971.22
979.919
972.447
975.802
981.178
985.34
969.501
978.989
974.54
973.899
966.981
957.099
964.337
961.737
958.909
957.691
955.111
952.361
949.403
953.842
973.354
966.261
973.596
972.183
969.091
974.61
977.309
985.252
986.607
983.679
981.001
985.411
992.246
977.817
971.582
977.55
974.911
975.6
993.204
969.654
968.306
976.496
963.157
966.896
969.011
965.832
960.963
954.856
949.305
952.015
951.443
952.233
943.237
951.593
967.348
963.502
956.034
962.121
962.752
953.191
953.99
950.149
944.697
942.9
942.971
944.247
948.848
946.871
944.656
947.345
941.794
951.438
957.221
947.402
950.391
949.691
950.403
948.315
954.334
951.799
960.169
963.791
963.805
970.189
974.185
966.255
955.82
961.373
954.662
955.049
940.498
938.017
935.764
947.24
954.157
945.717
946.592
949.775
946.898
944.924
947.479
949.206
950.145
954.311
947.253
956.346
955.107
954.128
971.42
966.129
959.391
964.326
966.059
968.046
973.783
960.93
954.176
940.192
939.743
941.428
942.151
947.384
949.718
956.799
960.116
961.581
949.697
941.875
937.594
938.857
934.6
941.385
936.373
932.27
936.643
938.937
934.12
939.988
945.768
945.238
937.152
932.344
934.812
935.985
935.217
931.377
927.719
916.066
914.184
918.842
920.083
911.697
913.454
918.192
917.209
917.631
916.834
914.352
918.413
921.177
917.694
915.738
918.356
921.553
933.252
928.954
932.856
925.686
919.798
923.762
923.688
921.363
927.793
927.433
940.659
937.331
926.047
928.78
925.735
926.139
934.495
937.82
941.811
931.457
926.441
920.83
919.707
914.418
917.22
917.481
925.647
923.44
914.857
921.084
921.84
921.784
928.974
936.437
932.139
932.923
924.212
914.794
916.781
921.804
925.098
927.972
923.63
928.261
929.81
927.422
917.516
930.535
928.656
928.038
931.889
926.481
929.747
927.174
925.56
927.918
925.446
925.24
926.102
925.118
936.63
930.966
931.87
931.57
939.223
943.598
937.391
929.945
936.975
939.907
942.598
944.974
944.808
937.592
932.793
930.208
920.748
928.762
929.555
930.751
934.001
932.506
930.653
933.82
932.526
935.395
941.772
941.809
939.379
935.076
937.063
937.275
939.586
945.879
941.813
952.771
953.854
949.978
945.464
948.122
941.499
939.435
940.837
942.665
940.116
935.415
939.623
947.524
944.026
935.748
931.417
924.684
928.1
931.695
923.349
923.345
925.862
922.554
933.932
929.614
927.926
934.68
934.171
931.451
931.657
931.859
929.447
925.311
928.342
929.535
921.567
918.705
920.641
921.955
928.985
921.349
926.83
928.963
924.848
931.973
936.577
929.724
936.123
927.497
919.229
926.106
928.926
928.97
930.236
931.504
934.758
937.891
933.628
924.917
929.535
924.49
923.263
921.841
919.058
919.594
924.124
929.976
927.488
923.12
918.276
916.252
914.28
913.343
910.084
913.17
908.8
915.218
922.993
929.008
927.728
918.604
910.603
915.965
918.007
912.101
915.588
910.328
906.121
912.661
901.115
897.775
903.443
902.328
903.932
903.189
895.155
893.98
897.802
895.841
903.366
897.542
898.387
895.759
895.139
890.451
891.61
889.279
896.879
903.332
893.056
893.292
896.126
890.811
893.222
893.024
893.364
893.344
889.44
894.906
894.349
891.097
897.071
902.441
892.04
890.665
895.189
887.335
887.453
880.518
888.349
889.489
883.616
883.949
896.876
900.215
903.261
890.826
885.421
887.441
877.341
870.386
870.01
872.705
878.978
875.512
880.785
879.605
867.862
870.411
868.985
871.274
873.385
879.685
873.46
874.454
873.199
873.521
874.123
877.926
881.49
881.538
882.126
888.899
887.389
887.98
884.296
889.553
882.426
873.408
873.518
870.836
870.037
873.944
877.829
877.806
877.758
879.912
882.44
878.182
881.824
877.943
875.117
876.711
876.256
878.523
870.523
865.69
875.852
870.869
872.535
870.208
872.12
873.939
874.987
879.413
893.221
880.359
881.318
883.912
881.326
882.886
885.974
881.28
885.23
888.153
889.402
894.319
894.91
887.216
887.993
891.145
895.944
890.888
889.873
886.183
887.37
875.912
877.007
876.597
871.336
869.356
868.657
870.957
867.275
869.71
875.173
878.009
878.638
876.168
875.392
881.094
878.383
877.414
879.128
879.683
881.423
884.286
894.082
897.249
888.094
887.295
891.734
889.427
882.582
879.199
881.744
877.991
874.193
877.77
878.037
879.864
877.049
872.244
871.78
875.711
875.451
872.05
870.159
876.319
873.489
877.507
876.991
882.71
889.553
890.798
887.246
879.227
878.443
873.995
870.161
869.796
872.291
874.459
874.132
871.897
875.541
871.616
876.81
885.943
888.784
884.298
878.552
876.167
877.351
878.091
881.758
877.859
881.386
882.062
881.626
877.184
876.886
880.024
873.123
885.841
885.86
885.322
881.259
881.651
874.148
877.966
876.453
876.051
872.651
875.619
874.788
874.562
884.725
882.16
881.236
882.712
875.817
876.834
879.538
880.057
878.085
881.166
882.143
884.576
888.917
884.804
886.004
893.378
897.021
890.072
887.007
881.503
879.402
880.718
885.738
886.786
876.69
874.825
878.322
878.611
885.766
883.131
885.651
882.498
882.205
886.242
883.844
880.181
883.024
877.539
875.909
875.369
879.677
881.483
882.461
880.134
885.688
885.346
882.428
876.892
881.558
888.843
886.62
886.079
884.028
876.141
872.283
873.581
875.947
877.56
882.225
881.77
876.934
879.859
875.781
875.389
876.91
878.28
876.437
874.255
874.604
873.305
881.385
878.929
879.842
877.556
874.561
880.017
883.312
884.154
886.111
885.744
881.738
878.943
879.503
881.738
882.247
883.337
878.011
877.565
880.716
873.851
873.078
866.51
867.352
866.11
866.454
864.915
868.403
870.988
870.458
866.975
861.092
867.107
862.321
862.485
866.698
869.964
868.093
872.338
868.518
868.666
866.251
864.9
868.523
868.251
867.059
864.235
863.211
864.712
862.45
867.763
866.052
866.169
864.825
865.859
867.797
864.222
860.711
856.474
853.387
852.917
852.846
850.785
860.235
854.76
857.464
854.875
851.029
851.488
846.373
844.297
842.735
846.717
849.762
849.441
850.618
849.935
853.365
855.294
853.902
855.747
858.043
852.328
849.317
848.7
848.339
851.108
848.879
857.115
855.016
849.159
850.762
849.008
849.868
846.202
849.589
856.501
851.528
854.38
852.176
855.347
854.401
854.085
853.777
858.487
856.828
851.366
853.772
849.406
853.956
855.938
855.909
857.414
851.256
849.34
852.368
860.09
859.09
856.977
853.774
849.073
849.047
855.411
853.154
855.118
862.459
863.014
859.884
856.15
854.963
858.36
860.917
865.053
860.451
859.862
859.876
862.194
859.103
854.308
853.046
851.769
848.3
849.764
847.416
846.839
855.851
854.839
851.919
849.108
846.09
846.536
853.581
853.924
855.736
858.417
859.059
862.748
857.723
863.06
857.517
857.399
855.484
852.303
857.147
854.003
859.027
855.009
853.391
857.197
859.024
857.605
856.661
851.382
854.435
851.766
852.027
856.743
859.253
855.47
854.606
854.977
855.939
856.056
856.364
857.682
859.714
858.855
858.441
852.746
852.984
852.848
851.367
852.824
855.925
862.234
863.275
861.535
866.665
864.4
861.864
860.081
859.334
855.069
852.404
852.46
850.105
852.045
847.741
847.676
851.501
852.356
852.654
850.134
847.563
842.347
841.856
842.016
842.694
838.582
843.306
844.038
844.838
843.429
846.213
846.164
847.124
848.305
849.618
850.177
848.594
850.55
848.735
845.094
850.314
848.331
843.474
844.765
844.935
844.897
846.141
846.465
848.393
851.706
848.887
848.307
848.263
848.436
850.302
849.387
846.326
846.221
843.373
842.73
842.202
840.825
845.358
842.726
848.317
850.336
850.071
847.34
845.485
843.725
845.372
848.882
845.785
848.009
843.496
844.153
843.43
845.068
844.285
846.163
843.991
848.154
843.97
843.8
842.951
836.881
839.854
838.206
836.045
838.086
837.006
836.728
841.398
840.402
840.841
844.255
846.16
844.565
846.756
841.159
843.688
841.481
841.717
843.15
838.875
838.291
833.323
834.116
834.943
833.582
832.985
828.055
830.931
832.564
834.457
835.959
839.303
837.885
839.829
839.1
836.482
833.734
836.577
835.339
838.256
839.56
838.206
834.656
836.065
834.38
831.826
833.789
837.601
833.297
833.853
831.431
830.992
834.541
833.318
833.386
829.905
826.975
826.518
826.56
831.718
825.693
823.682
824.312
822.484
822.667
825.352
821.391
822.708
825.823
822.66
821.741
822.063
820.845
825.468
825.013
823.487
824.459
821.282
819.905
821.78
822.821
822.525
818.072
818.262
815.838
815.463
815.007
815.954
817.653
819.906
815.836
813.407
814.861
813.248
813.683
815.153
816.226
815.429
814.17
815.316
812.61
817.343
813.653
813.644
819.969
815.419
818.372
816.71
816.934
814.989
817.46
819.226
818.322
820.198
820.957
825.532
825.475
823.556
820.906
820.946
817.379
822.827
823.923
825.046
824.952
824.104
823.078
822.521
819.698
815.126
815.364
815.764
814.578
817.951
817.829
815.763
819.334
820.08
823.187
825.442
821.79
816.703
816.286
820.738
818.582
818.059
818.024
817.581
816.555
816.011
816.142
813.592
818.63
814.856
813.286
814.394
813.929
812.759
812.698
817.618
812.237
812.029
810.871
809.735
811.393
811.023
813.351
814.245
815.125
812.523
808.672
810.269
812.186
813.113
812.871
812.369
809.948
810.18
810.976
812.174
815.786
813.144
810.34
809.873
811.599
813.392
815.091
817.825
818.413
817.837
816.17
822.528
819.925
817.408
819.356
818.675
820.84
815.757
816.781
816.745
816.029
820.705
816.707
819.215
814.469
812.634
812.077
813.732
817.19
817.974
817.414
815.991
818.709
815.38
814.76
816.703
815.455
814.693
814.331
815.912
811.675
811.193
811.114
810.305
808.208
811.483
811.912
812.833
815.037
812.046
812.154
811.315
810.71
806.134
807.233
809.018
809.977
811.165
812.706
811.663
812.418
815.258
812.827
811.961
809.786
811.595
809.743
814.115
813.263
811.171
813.616
811.27
811.051
808.702
804.589
804.078
801.22
803.096
801.211
801.881
799.825
801.369
800.724
801.475
801.997
803.201
804.136
805.59
807.604
809.279
807.606
809.93
809.794
808.115
804.716
805.38
804.768
807.572
806.556
806.003
805.568
802.799
803.449
805.452
803.709
802.481
799.045
800.079
797.958
802.259
802.266
801.997
801.015
799.34
800.03
800.401
798.975
799.905
797.322
798.377
797.303
801.979
802.892
800.927
802.908
802.678
800.384
799.088
799.573
799.44
803.293
803.731
801.984
799.005
800.061
801.107
798.835
796.673
794.822
795.88
796.5
795.361
795.882
792.376
792.969
791.36
790.563
792.759
792.436
793.204
793.878
795.695
795.241
795.338
796.61
794.08
795.06
795.694
793.399
795.198
792.335
792.786
794.835
796.713
798.243
796.046
796.719
799.332
800.548
800.778
801.101
802.513
801.516
798.454
794.719
794.424
793.816
795.673
793.311
793.195
792.039
792.738
791.16
791.145
792.473
791.709
790.898
790.723
788.645
789.797
788.287
786.818
788.494
788.373
790.135
790.851
790.391
789.764
790.929
790.953
789.827
788.534
787.706
787.75
787.518
788.212
788.023
790.284
788.552
787.476
787.608
787.901
788.212
786.565
787.415
784.771
784.295
783.437
784.234
786.903
787.536
786.211
787.054
789.59
787.422
790.099
790.466
787.663
784.596
782.693
780.352
780.303
781.415
781.441
783.093
785.36
783.551
784.601
786.353
783.496
782.538
782.212
782.255
781.755
781.84
781.426
780.011
780.489
782.772
783.381
786.29
786.634
785.656
785.255
788.225
787.448
786.684
785.178
787.406
788.022
789.87
788.137
788.653
787.045
787.986
787.665
785.771
786.368
788.136
788.729
790.057
791.43
790.901
789.527
788.136
787.282
788.074
786.413
787.725
788.702
793.014
791.451
789.83
788.602
787.294
783.749
783.852
783.91
784.087
783.252
785.003
783.142
782.567
783.761
781.108
784.557
785.501
786.235
789.1
788.258
790.034
787.854
788.493
785.917
784.551
783.731
784.741
784.441
783.996
786.032
786.014
788.906
786.439
787.59
788.681
788.123
788.722
788.678
790.242
791.67
792.631
790.451
789.017
789.131
788.87
790.07
786.027
791.608
792.236
790.276
792.512
792.398
790.462
788.785
791.29
791.728
789.873
788.999
787.138
786.409
788.308
786.089
783.67
781.638
781.567
782.577
783.692
782.555
783.29
784.757
783.717
782.837
782.758
782.728
783.646
786.059
785.81
786.451
787.434
786.919
784.783
781.131
781.868
782.697
783.187
782.716
785.481
786.249
785.782
787.164
785.818
786.912
786.971
785.085
785.498
784.897
785.085
788.332
788.19
786.91
785.572
785.176
785.239
785.195
781.788
780.897
780.368
780.479
782.725
784.415
786.905
785.621
783.932
782.59
783.352
783.349
783.953
784.301
784.092
785.319
783.743
783.434
780.96
781.367
781.218
779.942
779.922
779.752
779.568
777.669
777.892
778.618
779.195
776.861
779.487
778.302
778.283
777.362
778.922
778.705
776.692
778.174
778.991
778.176
777.757
776.271
774.92
776.697
777.014
775.324
777.118
776.964
777.423
777.986
778.274
775.898
777.904
775.41
776.58
776.304
777.337
775.478
773.925
774.614
775.892
776.517
775.679
777.496
777.054
775.68
776.498
776.417
774.829
775.22
775.82
777.244
776.813
778.507
777.473
778.167
777.727
778.456
779.04
777.664
777.039
777.169
778.654
779.553
779.745
780.609
778.945
775.92
777.203
779.21
778.031
779.8
779.651
780.898
779.772
779.518
781.449
779.286
779.71
780.814
780.971
780.621
780.353
780.617
778.069
778.119
777.704
776.395
777.886
778.813
778.861
778.203
777.828
777.467
776.424
775.712
777.102
774.977
774.043
771.989
772.485
776.714
773.719
774.867
774.532
774.488
772.744
774.053
772.821
771.558
771.812
772.435
773.868
773.589
775.301
774.513
777.632
778.289
777.982
776.517
776.017
778.373
777.692
777.682
775.319
775.503
775.199
775.812
774.109
773.869
772.315
770.803
770.427
769.778
769.305
767.602
769.793
768.673
770.631
770.81
769.273
768.076
768.958
768.907
769.829
770.93
772.165
769.864
770.468
770.535
769.095
769.076
769.747
773.096
774.073
773.177
772.396
773.494
771.818
773.914
772.41
771.644
770.415
771.078
772.244
773.699
769.646
771.31
769.264
768.172
765.585
767.208
765.504
766.001
766.271
766.043
765.379
766.808
766.012
765.79
769.607
769.532
766.898
769.32
769.308
769.76
767.11
768.83
768.824
768.947
770.128
768.529
770.553
770.106
768.446
766.884
767.667
767.967
768.158
767.412
766.883
767.368
767.302
767.586
768.157
767.889
767.291
769.669
770.936
769.641
768.735
768.879
768.524
768.056
767.85
768.06
769.335
770.679
770.065
767.762
766.567
765.936
766.405
767.051
768.674
769.141
769.827
770.9
770.401
770.871
770.242
772.168
770.065
770.323
767.998
768.262
768.722
766.336
765.795
766.278
764.447
765.791
767.156
767.287
764.784
767.98
767.895
768.416
767.164
766.36
767.052
766.551
768.502
768.81
767.546
767.908
766.232
766.344
766.885
767.391
767.145
766.126
766.716
767.997
767.238
767.486
765.371
764.27
763.927
764.167
766.066
765.252
764.846
764.625
762.877
761.416
761.346
762.446
762.027
763.378
763.978
763.76
763.192
762.852
763.435
761.81
762.935
762.474
761.098
761.004
761.756
760.033
759.42
758.742
761.496
762.885
761.362
760.569
760.886
761.731
762.014
759.221
758.617
758.794
758.761
758.557
759.401
759.958
760.689
760.657
761.15
761.225
760.934
761.481
760.201
759.932
759.632
759.967
761.787
761.044
760.55
763.185
762.66
761.613
760.397
760.061
760.514
761.625
759.155
759.084
759.475
758.756
757.938
759.194
759.109
758.818
756.704
757.192
752.854
754.331
756.13
756.449
756.187
756.649
757.397
758.182
758.507
757.195
756.42
756.511
757.223
757.472
758.286
758.713
758.751
756.873
757.477
759.088
759.931
759.678
757.897
758.914
756.979
756.799
758.044
758.729
758.245
758.463
758.605
758.336
758.647
759.302
758.203
756.462
755.209
753.873
753.476
752.389
752.246
752.623
752.949
752.529
753.877
752.61
752.479
752.742
752.873
752.448
752.803
752.684
753.554
753.859
753.127
754.106
754.406
754.824
753.842
754.279
754.311
753.457
754.607
753.627
754.148
754.486
753.93
752.933
753.856
752.544
752.894
750.428
751.338
751.396
753.161
753.157
754.427
753.76
756.234
756.428
756.204
754.664
754.396
753.381
755.243
754.263
756.499
754.296
754.362
754.354
754.581
753.423
754.734
754.975
754.765
753.469
753.03
752.3
753.774
753.634
753.344
752.428
750.444
750.45
749.679
748.417
748.61
747.857
745.991
746.656
749.447
748.515
749.934
749.876
749.381
748.254
747.722
747.593
746.8
747.886
748.246
750.36
749.515
749.951
749.937
750.092
750.601
749.408
746.9
748.556
747.85
748.051
747.541
747.17
747.957
748.305
750.171
749.27
749.087
748.941
749.412
749.082
750.078
749.362
749.44
751.243
750.887
748.748
747.332
747.889
747.475
746.492
744.565
744.057
744.381
744.142
744.322
744.81
744.27
745.088
744.831
745.289
744.352
745.032
745.655
745.051
744.317
743.547
743.16
743.283
743.434
742.733
742.355
742.488
741.927
742.78
742.362
743.505
743.118
743.874
743.914
743.94
745.158
743.748
744.188
743.052
743.52
744.849
743.91
744.516
742.483
743.887
743.986
744.303
744.781
745.103
745.115
744.489
744.68
744.119
744.863
744.921
745.781
745.739
744.793
744.821
745.967
745.443
746.871
747.039
747.051
746.689
748.558
749.443
749.04
748.465
748.556
746.138
747.799
749.878
747.123
746.695
747.22
747.432
745.888
744.007
744.637
745.819
744.926
744.398
746.121
744.555
745.462
744.464
744.086
743.971
743.462
741.922
742.703
742.727
743.596
743.842
744.642
743
742.164
740.972
739.861
739.671
740.243
741.119
741.213
740.632
741.175
739.83
740.037
740.552
741.373
740.51
741.229
740.914
741.683
741.585
741.835
740.996
740.112
739.852
740.779
740.428
741.315
743.31
743.969
743.664
743.081
743.485
743.716
744.101
745.654
744.835
745.492
744.956
743.234
743.458
744.946
742.815
743.008
742.771
742.85
742.322
742.277
741.775
742.124
741.235
740.946
739.942
740.474
741.305
740.026
740.671
740.459
740.282
739.907
739.761
740.108
739.063
737.965
737.953
738.12
738.56
737.005
737.842
737.281
737.351
737.101
737.126
737.971
737.129
736.47
736.549
737.422
736.295
735.714
737.068
736.548
737.467
736.826
737.48
737.401
737.473
737.851
738.61
738.501
739.339
740.076
739.516
740.842
740.646
740.22
739.868
740.014
739.543
739.776
740.518
740.6
739.576
739.722
738.927
738.603
738.479
738.507
738.771
739.334
737.648
738.383
737.697
737.022
736.691
737.354
738.533
739.66
738.783
738.824
737.667
736.883
736.995
737.041
736.221
736.462
736.862
737.256
737.613
737.484
737.95
737.858
737.553
736.54
736.737
737.936
737.666
737.744
737.766
737.587
737.604
737.374
736.364
736.563
735.269
734.205
735.222
734.477
735.511
735.566
735.626
737.35
736.43
736.619
735.911
735.536
736.271
737.248
737.229
736.185
738.087
735.844
735.787
735.701
736.378
736.499
736.063
735.582
736.161
736.901
738.324
738.488
737.384
736.823
736.729
737.311
736.522
736.419
735.963
736.213
736.571
737.474
736.46
735.724
735.911
735.306
735.262
734.589
734.695
734.672
733.989
734.386
734.933
735.457
735.927
735.853
735.909
735.012
735.939
735.926
736.242
735.647
735.88
736.284
736.253
736.032
735.023
734.756
735.807
735.346
733.913
734.72
734.245
734.853
735.856
734.904
735.259
735.099
735.691
735.273
734.741
733.821
733.941
734.308
733.19
733.858
733.726
734.048
733.571
734.009
733.643
734.901
735.279
735.792
736.351
736.297
737.367
737.107
736.476
736.475
736.68
737.373
736.635
736.36
736.239
735.025
735.455
735.562
735.845
735.956
736.064
734.576
733.667
733.529
734.453
735.055
734.69
735.261
735.169
735.943
735.975
734.789
736.001
736.768
736.327
736.274
734.296
733.685
734.491
735.118
734.681
735.224
734.083
733.685
734.05
733.154
733.434
733.518
733.812
733.245
733.219
732.91
733.276
734.663
734.348
733.591
733.051
733.673
733.862
733.708
734.424
734.53
734.758
734.805
733.893
733.538
733.757
732.509
733.476
733.305
733.496
733.386
733.417
732.6
732.825
733.038
733.19
732.116
731.975
732.913
732.989
732.236
732.803
733.433
732.763
732.67
733.513
732.837
732.774
733.256
734.113
734.268
735.043
734.703
734.474
734.873
734.172
733.467
734.776
734.458
733.78
734.104
734.302
733.832
733.936
734.128
734.201
733.282
733.956
734.622
733.555
732.796
732.976
733.202
733.257
732.876
732.915
731.602
730.336
730.059
730.871
731.349
730.631
730.794
730.804
730.799
730.737
730.408
730.583
730.39
730.633
730.624
731.242
732.55
732.422
731.43
730.467
730.537
730.345
730.932
731.153
731.76
730.938
731.089
731.796
732.343
731.779
732.757
733.07
733.276
732.994
733.511
733.462
732.326
732.798
732.258
732.166
731.801
731.374
731.497
731.959
731.891
731.472
731.393
731.893
731.732
731.847
732.973
732.363
733.04
732.619
733.516
733.801
734.31
734.611
735.705
735.244
734.76
734.62
734.992
734.492
732.788
732.831
733.12
734.454
734.602
734.466
733.827
732.896
733.361
733.524
733.569
733.742
