Mut_X Mut_Y Mut_Size Mut_Rot Mut_R Mut_G Mut_B Mut_Type Time_Sec
93212 96037 111310 98792 110683 110249 109964 89035 2554.58
0 0 0 0 0 0 0 0 2554.58
--- Historial MSE por cambio de temperatura ---
20991.6
20943.1
20692.3
20885.3
20650
20734.5
20719
20972.3
21343.3
21510.2
21035.3
21286.3
20814.5
20588.4
20913.1
21245.6
20981.1
20813.8
20968.5
20945.8
21149.3
20944.1
21158.3
21474
21230.2
20998
21494.5
21731.8
21524.8
21371.8
21323.8
21597.8
21382.1
21194.5
21484.3
21018.9
20403.7
20732
20729.3
21153.1
20757.8
20612.8
20771.2
21016.9
20828
20953.7
21196.6
21279.4
21485.8
21400.4
21884.2
21537.8
21411.6
21497.7
21450.1
21394.6
21668.2
21556.4
21181
21368.6
21353.6
20760.7
20458
20456.7
20447.5
20563.2
20468.3
20393.8
20823.4
20811
20681.7
20104.7
19998.2
20218.7
20803.7
20352.8
19966.9
20348.3
20087.2
19553.5
20097
19952.7
20238.8
20054
19725.4
20001.9
20495.5
20712.7
20394.7
19896.8
20050.7
19844.5
20106
20504.4
20399
19941.4
20089.2
20574.7
20169
20455.6
20347.1
20454.4
19859.6
20101
20268.3
20404.7
20111.7
20081.7
19997.1
20616.5
20707.9
20923.7
20901.7
20805.3
20894.4
21264.5
21134.5
21275.3
21202.5
21577.9
21274.4
21330
21313.1
21195.9
21004.8
20647
20856.6
20872.2
21295
21329.6
20949.8
20819
20668.6
20635.8
20698.3
20369.7
20805.9
20600
20941.4
20554.1
21125.1
20840.7
21226.3
21552
21412.7
21301.4
20828.9
20798.7
20652.2
20569.9
20666
20835.4
20791.4
20924.3
20792.6
20756.3
20642
20774.3
20866.1
20928.3
20789.5
20516.7
21197.7
21040.9
20614.6
21017.7
20262.8
20442.8
20879.9
21109.7
20969.4
21248.3
20967.9
20837.7
20654.3
20654
20917.3
21065
20718
20652.2
20621.7
20684
20510.7
20591
20340.9
20308.6
20206.7
20624
20738
20873.4
20891
20827.7
20837.3
21200.9
21308.8
21408.3
21669.8
21073
21177.3
21119.2
20861.2
21103.6
21168.2
21228.8
20948.8
20902.5
20673.9
20855.1
20748.8
20911
20639.3
20321.4
20443.1
20673.9
20550
20297.8
20354.2
20295.7
20248.8
20493.4
20619.4
20228.2
19880.2
19851.2
19932.9
20212.2
20363
20218.8
20133.8
20174.2
20188.8
20052.7
19910.7
20271.1
20359.3
20537.3
20483.9
20223
20549.8
19881.7
19901.9
20282.4
20606.8
20714.9
21036.4
20586.4
20653.3
20471.8
20704.3
20265.7
20181.6
20457.7
20596
20457.3
20354.4
20316.5
20213.9
20041.9
20657
20569.8
20209.4
20189.6
20154.1
20292.4
20615.2
19967
19859.7
19243.8
19496.6
19713.8
19613
19154.6
19140.5
18633
18643.5
18982.7
19046.8
19549
19723.3
19633
19059.2
19320.1
19266.6
18666.6
18726.1
18607.3
18622.6
18718.4
19309.4
19653.3
18916.6
19314.4
19191.2
19387.6
19731
19676.9
19741.3
19995.8
19807
19486.9
19813.7
19231.7
18864.1
18963.3
19734.3
19993.5
20170.2
20642.6
20187.9
20149.6
20153.7
20217.3
19983.5
20356.2
20251
19821.1
19951.4
19830.4
19845.4
19941.3
19945.4
20178.9
20650.9
20518.2
20262.5
19772.4
20249.1
19815.4
20439.7
20406
20253.3
20258.3
20364.9
20270.8
19819.5
20013.1
19906.9
20085.4
20020.8
20120.7
20078.9
20403.8
20035.9
20488.3
20237.9
19841.8
19952
19621.2
19589.6
19491.5
19072.5
19705.9
19810.9
20065.5
20196.4
20313.6
20508.5
20743.9
21367.5
21101.1
21199.6
20833.8
21364
21651.9
21482.8
21687.9
21518.8
21860.8
21158
21160.2
21117.3
21311.4
21371.2
21203.7
21443.4
21518.8
21757.6
21279.5
21596.9
21333.5
21553.1
21683.2
21684.8
21210.3
20980.7
20804.8
20769.7
20630.8
20641.5
20204.3
20750.2
20277.7
20043.4
20247
20271.5
20365.8
20436.4
20149.9
20193.5
20481
20255.5
19873.6
20385.5
19764.6
19973.8
20473
20421.9
20246.1
20212.7
19587
19981.1
19642.2
19585
19729.4
19796.3
19995.7
19549.1
19728.6
19544.6
19654.3
19624.9
19450.2
19273.6
19421.2
19523.2
18857.1
18208
18981
18951.9
19133.8
19299.4
19101.1
19413.8
19172.9
18819.5
18636
19518.7
19587.1
19427.2
19394.5
19040.9
19301.2
19088.7
18780
18720.6
18333.6
18802.8
19023.1
18594.2
18835.9
18672
18403.5
18278.6
18540.5
18706.9
18197.2
18061.4
18149.9
17953.7
18134.8
18257.8
18307.4
18404.2
18931.2
18981.9
18572.9
18650.1
18519.2
19024.5
18641.4
18608.9
18778.9
18604.7
18397
18719.4
18569.8
18733.8
18018.2
17773.9
17867.4
18143.7
18282.2
17697.5
17879.4
17995.8
18771.1
18408.8
18238.1
18086.8
18219.5
17819.3
18155.7
18094.8
17894.4
17280.8
17427.5
17596.8
17325
17020.2
18001.9
17420.2
17792.5
17811.7
17501.1
17238
17647.8
17424.5
16736
16547.3
16982.5
16919.8
17305.6
17169
17378.6
17791
17338.7
17107.3
17168.5
17514.4
17355
17340.9
17034.2
18309.3
18511.8
17411.5
17740.4
17781
18386.1
18464.4
18736.8
18830.7
18980
18845.9
19125.9
18954.1
19417.8
19579.2
19185.4
19428.1
19055.4
19269
18944.8
18440
18415.1
17891.3
18288.4
18481.5
18248
18336.2
18163
17962.9
17934.3
17170.2
17936.4
18786.8
18423.3
18240
17877.1
18621.9
17981.8
18059.6
17701.1
17506.8
17343.9
17643.2
17799.4
17904.1
18394.5
18209.6
17625.4
17608.4
17678.1
17422.2
16957.2
17195.3
17019.1
17236.4
17753.7
17525.7
17359
17940.1
17511.1
17630.4
17610.5
17317.2
17383.2
17471.7
17667.2
17492.6
17476.9
18183.5
17713.8
17684.9
17267.6
17261.9
17359.5
17203.6
17554.1
17570.4
17725.1
17817.8
17489.5
17508.5
17999.2
17318.8
18001.9
18542.1
18361.7
18163.2
18216.3
17838.9
17666.7
17267.9
18386.2
18056.6
18259.1
18180.5
17717.9
17225
17103.4
17177
16867.2
16295
16660.1
16676.8
16223.8
16481.4
16350.5
16886.9
16361.7
16884.5
16686.6
16516.6
17234
17896.2
17950
17958.1
17734.9
17400.9
17700.9
17972
17698.4
17239.4
17257.7
17099.9
16735.6
16862
16199.7
16060.3
16298.2
16264.2
15561.2
15703.5
16441.9
17316.3
17231.7
16966.2
17116
17238.1
17175
17123.6
17173
17353.5
17709.4
17364
17486.5
17158.7
17310.2
16633.5
16794.5
16381.5
16540.7
16053.2
16133.8
16750
16885.4
16628.9
17114.2
16635
16582.2
16626
16464.7
16285
16180.2
17032.9
16765.3
16714.7
16986.4
17320.2
17161.5
17390.7
17150.9
17407.2
17415
17596.1
16993.1
16752
16905.4
17408.4
18136.3
18189.7
18291.4
18207.2
18154.5
18183.6
18298.6
18496
18655.6
18563.6
18379.5
18611.4
17930.7
17965.1
17543.5
16858.5
16994.5
17319.8
17197.7
17004.4
16966.8
17413.7
17076.5
17083.4
17110.8
17379.6
16416.2
16729.1
16740.7
16402.9
16304.6
17359.3
16952.7
16307.8
15953.3
15712.5
16367.8
16194.8
15921.9
15299.9
15779
15866.4
15843.2
15964
16033
16288.9
16364.1
16714.3
16614.5
16012.5
16219.4
15907.7
16670.7
16408.4
16783.7
16959.1
16858.3
17485.9
16532.2
16384.4
16563.4
17029.1
16486.2
16534.7
16638.9
16862.3
17114.9
17056.3
16716.6
16875.8
15575.6
15405.9
15132.6
15213.7
15474.3
15181.8
14864.4
14542.2
14471.5
14912.9
15426.7
15751.1
15709.1
15666.4
15755.8
15703.2
15782.6
16132.7
16710.7
15862.7
15765.9
15571.3
16327.3
15579
15177.7
15226.4
15494.2
15321.4
15203.4
15951.3
15224.2
15591.7
15330.5
15432.5
15369
15342.1
15620.4
15289.2
15195
15223.1
15063.7
14548.6
14619.7
14848.1
15318.8
15369.3
15240.6
14507.7
14888.3
15568.8
15079.6
14803.5
15173.7
15203.8
14993.7
15131.9
15087
15433.6
15457.6
15987.4
15465.8
14714.6
15193.4
14417.8
14591.1
14616.7
15202
14952.1
14510.2
14963.8
14739.3
14232
15406.2
14985.2
15337.1
15297.8
15148.8
14168
14206.9
14604.3
14418.9
14783
14649.7
14449
14621.9
14249.4
14514.5
14534.4
14469.6
14147.5
14150.3
14277.2
14384.3
14555.9
13810.7
13372.2
13159.8
13623.9
13622.7
13941.5
13923.5
13584.8
13897
13744.4
13552.7
14202.4
14328.4
13596.1
13681.2
13379.9
13906.2
13573.9
13416.8
13140.8
13734.7
13373.4
13713.4
13489
13874.3
13841.3
13104.5
13322.3
13623.5
13590.2
13263
12799.5
12791.2
13145.9
13615.9
13509.9
13186
13286.6
12930.8
12959.3
12880.3
13288.1
12858.7
13129.4
13272.3
13769.1
13776.3
13616.7
13685.5
13455.8
13383.2
13127.7
13077
13337.6
13787.9
13479.8
12890.8
13745.3
13302.3
13661.7
13308.2
12884
13135.2
12462.8
13223.1
13607.4
13234.9
12987.5
13528.3
13740.5
12146.5
11792.4
12224.5
12731.2
13345.3
12427.4
12627.5
12884
12318
12510.1
12343.5
12766.4
12635.6
12597.1
12830.2
12782.6
12690.1
12403.2
14190.9
13733.9
12914.4
12407.4
12408.3
12419
12667.7
11766.1
11745.1
11947.6
12030.9
11920.4
12126.9
11673
11685.4
11759.6
11849.3
12309.7
12695
12636.9
13177.4
12865.2
11602.3
12252.1
11945.8
11613.6
11405.1
11370.5
11160.5
11453
12223.4
12077.7
11499.6
11989.2
11779.6
12698.6
13136.7
13725.6
13549.4
13693.1
13101.7
12419.9
12454.7
12036.5
12228.1
12246.4
12051.1
12403.6
12823.9
12649.4
12484.7
13002.3
12844.2
11813.7
12363.1
12683.1
12481.8
12758.3
13226.6
13733.5
14401.8
14914.5
14445.8
13452.4
13912.5
13864.6
12641.2
12883
12573.1
12700.1
12362.7
12502.5
11575.9
11697.2
11481.9
11652
11126.7
11509.5
11588.3
11712.3
12188.2
12496.5
12463.6
11995.8
12503
14659.6
14445.2
14335.2
13221.4
14350.4
14109.2
14528
14279.5
13624.1
13755
13548.4
12955.4
12637.1
13236.5
13105.6
13495.8
12946.3
13244.5
12741.2
12831.5
12773.3
12479
11533.9
11649.9
11955.9
11696
12299.9
12782.4
12577.1
12804
12469.1
12630.1
12809.7
12042.1
12251.6
11750.3
12256.1
12264.4
11943.3
12575.8
11870.4
12742.4
12866.9
12313.8
12909.6
12303
11856.1
11136.4
12007.4
11438.7
11053.9
10938.6
10587.9
11345
11669.2
10886.5
11389
11571.2
11697.9
11228.1
11221.6
11359.2
11479.1
11641.3
11767.8
12573.1
11508.6
11114.2
10851.7
10934.3
10773.2
11105.8
11908.8
11945.1
11556.2
10928.5
10991.7
11207.6
11181.5
10971.7
10732.3
10828.8
11032.3
10978.1
10292.7
10116.1
10346.4
9999.18
9542.74
9741.33
10051.5
9841.56
9494.96
10350.7
9982.89
9609.51
9678.27
10118.7
9941.66
9812.99
9729.23
9753.94
8586.11
9211.75
9337.88
9565.62
9323.85
9443.91
9914.77
10100.7
9633.29
9854.58
10005.5
9475.58
9481.19
9532.29
9759.7
9458.64
9476.15
10476.2
10548
10502.7
10179.2
9960.22
9971.94
10302.7
10089.5
9883.17
9936.38
10055.1
9687.42
10870.3
10910.9
10395.8
10669.8
10442.6
10775.7
10767.5
10286.4
9936.64
10225.2
9947.65
9739.73
9283.48
9321.99
9501.44
9807.44
9844.19
9549.92
9693.64
9839.13
9608.51
9356.31
9501.64
10168.3
10800.7
10551.2
12003.3
11199.8
10890.3
10607.4
11010.9
10550.7
10467.8
10718.7
10863.9
10681.6
11059.2
10139.3
10530.5
10869.6
10329.3
10486.8
9266.44
9096.62
10052.7
10139.4
10217
9662.34
10165.8
9932.62
10477
10265.1
11131.9
10239.2
10737.3
10740.6
10334.8
10040.7
10158.8
10112.2
9477.69
9818.34
9813.2
9637.33
9290.02
9465.36
8694.96
9254.99
9037.46
9187.54
9889.76
9200.8
9024.59
9155.76
8715.97
8960.78
8681.32
9018.09
8856.21
8694.79
8586.25
8732.16
8582.81
7895.25
7740.66
7943.9
7598.2
7956.27
8292.27
8374.71
8965.66
8803.95
9038.17
9236.91
8680.35
8834.44
8841.32
8899.04
9118.79
9481.1
9211.63
9115.66
8987.6
9407.58
9279.71
9149.75
9447.99
9509.15
8795.62
9386.62
9418.64
9105.66
9245.5
8918.9
8819.54
8679.6
9125.62
8845.89
8479.07
8977.74
9117.27
8773.95
8717.49
8345.55
8245.05
8405.73
8653.33
7943.28
7832.37
8293.42
8151.42
8102.28
8483.85
7956.5
8230.4
8819.78
8697.95
8243.81
7994.15
7275.45
7407.12
7518.86
7902.32
7570.99
7041.29
6932.92
6921
6957.29
7461.52
7278.73
7131.23
7070.88
7682.62
7808.69
7782.23
7560.25
7161.63
7494.86
7490.86
7426.3
7254.14
7450.05
7463.5
7772.41
7500.5
7972.8
7586.57
7828.8
8214.19
8334.95
7863.77
6963.76
7253.9
7090.84
7031.98
7205.72
7173.41
7448.16
7152.28
7567.9
7432.6
7213.32
7314.28
7246.85
6886.61
6642.15
6863.78
6703.39
6979.78
6569.34
6667.84
6680.46
6658.02
6769.07
7148.15
7023.61
7001.67
6477.19
6129.66
5856.04
5915.39
6010.6
6412.41
6188.25
6155.48
6145.84
6131.02
6188.92
6535.45
6494.6
6110.73
6296.73
6174.71
6042.43
6237.09
6121.12
6326.6
6177.97
6498.59
6249.99
6554.19
6692.28
6686.68
6515.9
6502.15
6727.71
6582.75
6857.39
7158.34
7559.87
7422.24
7821.96
8039.1
7920.79
8302.42
7373.01
7449.26
7462.3
7373.77
6853.73
6854.75
7068.8
6528.5
6939.59
6796.13
6844.58
6253.09
6752.88
6461.64
6431.58
6533.66
6892.02
6968.19
6611.16
6496.63
6281.53
6052.65
6233.26
5883.51
5854.35
5957.11
6099.89
6190.72
6223.56
6418.83
6302.51
6589.31
6745.89
6660.72
6882.32
6197.58
6368.81
6737.29
6832.74
6675.11
6460.88
6751.07
6614.29
6611.05
6549.38
6403
6538.52
6346.86
6271.91
6912.25
6554.23
6859.06
6387.17
5629.94
5931.17
6053.12
5677.46
5445.15
5249.7
4964.87
4873.18
4751.72
4480.37
4559.06
4930.11
5308.1
5531.11
5226.5
5260.07
4962.37
4922.67
5126.51
5172.81
5223.67
5235.31
5005.58
4680.76
4865.6
4985.29
4637.08
4748.93
4471.53
4080.16
4385.95
4670.79
4681.39
5075.82
4849.08
4809.52
4923.68
5047.68
5086.98
5200.75
5270.36
5388.91
5358.02
5272.2
5063.21
5101.11
5059.65
5548.94
5433.04
5241.6
5225.47
5090.08
5176.08
5486.67
5364.74
5831.97
5481.73
4916.32
5035.96
5053.89
4905.84
5039.01
4536.55
4612.35
4807.9
4996.49
5007.18
4949.02
4767.11
5092.04
4948.14
4897.42
4619.43
4939.81
4866
5026.65
4677.93
4908.11
4646.6
4562.14
4533.74
4714.07
4928.01
5055.2
4829.94
4914.12
5047.18
5377.96
5204.92
5016.87
5286.16
5340.55
5515.88
5185.48
5271.71
5285.72
5193.09
5568.2
5387.19
5348.32
5006.4
4990.04
4838.13
4857.89
4586.89
4476.44
4402.67
4446.63
4480.75
4773.9
4756.72
4835.52
4758.95
4450.13
4826.96
4818.93
4696.44
4770.89
4733.63
4973.02
5105.48
4730.75
4793.39
4797.83
4679.59
4893.87
4916.92
4874.37
4742.44
4713.98
4733.98
4474.72
4608.75
4615.14
4355.34
4637.01
4198.41
5123.74
5098.19
5399.31
5324.98
5062.35
4923.64
5055.86
4873.45
4950.56
4967.7
4774.13
4802.56
4500.49
4569.65
4751.72
4979.04
4742.66
4723.01
4638.89
4193.49
4020.43
3833.97
4034.23
3985.96
4192.84
4260.56
4566.7
4418.42
4648.45
4288.13
4308.08
4200.16
3741.46
3841.27
3879.1
3777.93
3563.79
3469.53
3680.66
3755.18
3825.05
3537.55
3646.53
4009.35
4139.92
4025.08
3714.18
3747.01
3807.64
3900.85
3789.11
3775.28
3832.49
3786.81
3502.91
3779.91
3836.37
3683.44
3610.86
3678.92
3352.2
3441.9
3556.98
3794.33
3852.94
3937.31
3787.84
3732.26
3770.89
3690.51
3663.48
3604.41
3777.51
3994.18
3920.78
3887.83
3652.68
3661.87
3699.98
3956.72
3696.04
3581.33
3748.49
3751.81
3737.28
3520.07
3582.57
3524.05
3371.57
3617.57
3309.56
3182.98
3594.74
3508.38
3724.34
3556.13
3467.2
3477.91
3626.9
3337.9
3314.01
3375.87
3142.97
3157.93
2894.23
2981.55
3002.11
2982.83
3355.28
3176.73
3274.36
3223.28
3132.62
3452.66
3475.49
3389.02
3260.26
3118.91
3146.96
3219.49
3429.63
3535.52
3489.17
3419.79
3474.81
3733.9
3926.23
3871.31
3615.74
3547.74
3596.92
3678.54
3550.44
3629
3814.95
3629.83
3667.24
3579.93
3652.64
3860.1
3870.17
3901.24
3449.1
3357.31
3358.81
3319.29
3208.61
3378.67
3262.39
3371.29
3481.2
3890.78
3829.01
3750.48
3556.32
3629.88
3492.91
3518.96
3674.51
3961.45
3984.1
3783.94
3853.85
3930.23
3977.83
3639.28
3507.07
3845.17
3732.54
3747.02
3575.31
3513.97
3552.77
3451.94
3733.89
3539.64
3624.41
3341.31
3404.47
3407.35
3350.8
3331.02
3293.27
3241.41
3239.44
3479.63
3406.8
3552.76
3443.74
3464.63
3635.22
3451.64
3231.78
3259.2
3291.05
3414.12
3460.22
3503.53
3338.75
3301.35
3314.22
3646.99
3266.25
3308.27
3401.86
3323.17
3490.44
3635.62
3526.46
3530.3
3891.44
3897.4
3722.02
3701.68
3748.2
3564.92
3607.18
3338.05
3244.46
2965.48
3008.46
3059.32
3199.99
3207.44
3150.4
3206.05
3347.86
3060.78
3055.33
3148.67
3095.68
3273.37
3069.96
3300.95
3301.42
2988.07
3050.51
3066.82
3304.98
3199.55
3119.91
3005.8
3061.51
3144.6
3395.83
3193.9
3298.03
2979.8
3114.18
2973.32
3072.78
3055.82
3200.53
3141.82
3242.46
3174.31
3078.8
3217.36
3270.96
3073.4
2994.34
3050.18
3144
3191.49
3021.53
3090.1
3246.11
3283.55
3311.7
3188.27
3112.34
3080.71
3086.87
3058.55
3000.54
3001.92
2793.08
2791.67
2749.43
2849.76
2752.38
2846.56
3120.02
2860.32
2882.86
2930.76
3180.85
2890.24
2890.02
2991.84
3008.56
3037.14
3230.13
3166.22
3160.33
2999.17
3335.02
3180.16
3060.44
2968.58
2883.84
2713.02
2635.15
2667.09
2649.85
2758.03
2700.89
2598.1
2481.19
2485.42
2604.5
2587.88
2508.34
2420.96
2534.83
2577.92
2604.1
2449.26
2433.97
2293.62
2367.88
2421.74
2322.28
2389.48
2430.95
2420.4
2384.21
2518.46
2404.65
2342.43
2379.83
2307.78
2361.68
2407.47
2296.05
2365.26
2575.46
2534.69
2631.75
2468.74
2614.27
2329.16
2362.4
2443.65
2334.45
2416.95
2204.15
2401.6
2367.42
2520.66
2521.93
2500.33
2529.13
2438.04
2521.94
2525.39
2461.49
2471.36
2467.17
2564.77
2447.76
2293.13
2394.64
2351.77
2457.68
2647.45
2613.04
2665.33
2550.93
2484.66
2462.5
2371.54
2411.78
2353.75
2236.92
2124.1
2062.68
2040.13
2158.59
2321.81
2310.66
2316.3
2364.49
2391.53
2394.53
2308.32
2230.32
2217.92
2251.57
2152.93
2074.71
2326.96
2197.52
2218.96
2163.58
2019.79
2034.86
2047.38
2090.1
2198.06
2294.22
2289.64
2234.75
2271.93
2231.67
2182.06
2170.81
2151.24
2204.66
2137.39
2146.39
2202.85
2166.91
2222.04
2276.38
2271.97
2214.6
2207.18
2219.88
2201.57
2110.4
2240.64
2031.96
1948.88
2085.23
2070.6
2030.79
1950.71
1999.33
2047.71
1917.81
1904.85
2007.32
2022.48
1925.08
1939.51
2074.87
2020.22
2172.5
2152.68
2141.77
2119.7
2060.69
2103.78
2061.93
2155.21
2134.61
2063.03
2077.1
2092.02
2143.99
2118.24
2073.44
2110.12
2066.51
2048.03
2039.46
2126.69
2130.25
2046.48
1960.8
1908.37
1943.78
1908.96
1986.43
1931.56
1908.64
1879.09
2049.18
2076.99
2025.13
1998.01
2063.5
2118.55
2017.36
2033.59
1999.74
2015.97
2076.53
2055.25
2025.69
1910.54
1890.28
1862.83
1842.71
1772.04
1857.66
1880.54
1722.77
1795.48
1813.11
1807.84
1951.73
1836.82
1812.11
1761.25
1752.24
1802.53
1836.05
1795.01
1829.38
1816.19
1775.32
1754.5
1686.39
1683.01
1740.93
1780.31
1755.89
1765.29
1750.31
1672.9
1693.87
1811.72
1694.25
1690.39
1725.28
1691.69
1660.13
1628.61
1748.49
1738.94
1745.02
1765.25
1822.77
1797.29
1832.43
1857.65
1866.66
1857
1771.66
1661.12
1641.09
1609.95
1659.06
1735.26
1778.64
1711.74
1651.11
1660.68
1569.68
1541.33
1436.74
1425.2
1473.03
1433.47
1567.93
1561.44
1538.95
1507.59
1486.54
1552.32
1499.5
1544.74
1551.07
1541.16
1563.7
1525.76
1532.38
1491.07
1507.89
1577.85
1627.27
1548.09
1571.91
1636.37
1700.27
1685.38
1713.3
1683.54
1642.49
1594.46
1589.46
1553.96
1624.78
1462.8
1500.48
1497.26
1600.56
1636.52
1556.64
1688.24
1641.71
1656.97
1653.29
1592.66
1690.05
1575.67
1571.57
1531.36
1620.17
1559.1
1558.4
1551.24
1623.65
1589.82
1531.79
1481.71
1472.38
1478.24
1406.51
1451.12
1500.29
1438.12
1470.25
1527.76
1595
1535.33
1590.07
1619.21
1686.02
1670.83
1671
1698.65
1687.98
1683.54
1650.16
1689.84
1650.44
1751.34
1704.14
1659.31
1545.38
1602.09
1579.89
1665.2
1599.86
1629.78
1606.05
1554.21
1554.05
1601.44
1509.76
1480.81
1564.09
1551.86
1518.55
1500.32
1506.76
1578.21
1552.93
1579.14
1611.26
1606.94
1624.35
1627.39
1640.04
1620.83
1575.52
1530.85
1498.86
1514.18
1527.29
1518.56
1565.19
1536.34
1482.21
1508.87
1514.63
1437.26
1410.25
1380.57
1413.86
1384.67
1367.1
1392.18
1432.73
1424.8
1382.43
1402.63
1394.87
1458.34
1416.02
1430.34
1363.3
1353.8
1304.35
1325.97
1347.93
1416.87
1364.91
1404.16
1416.1
1385.07
1386.78
1401
1377.74
1360.66
1427.83
1366.09
1414.97
1405.48
1400.74
1395.42
1391.11
1428.88
1398.94
1340.36
1368.64
1360.19
1337.13
1360.3
1372.44
1408.15
1420.17
1429.71
1486.53
1434.22
1437.74
1413.23
1370.64
1366.09
1278.69
1353.87
1391.21
1402.78
1357.25
1464.01
1450.47
1473.04
1411.78
1453.27
1539.87
1487.81
1491.86
1467.59
1470.98
1494.06
1435.79
1456.97
1436.87
1384.28
1400.64
1383.34
1417.86
1401.33
1371.29
1296.39
1230.32
1266.14
1275.8
1256.16
1230.29
1194.15
1162.29
1248.71
1217.92
1203.89
1177.96
1188.61
1237.17
1264.83
1304.51
1246.97
1223.82
1257.66
1251.89
1288.03
1270.67
1278.09
1284.6
1353.63
1360.62
1348.24
1397.94
1382.58
1340.31
1291.09
1287.52
1284.42
1264.29
1252.72
1228.83
1183.45
1164.2
1166.04
1204.4
1160.57
1183.74
1194.48
1169.71
1184
1167.87
1192.14
1203.51
1188.52
1270.59
1221.49
1192.59
1180.04
1189.74
1185.61
1214.91
1190.35
1159.12
1186.75
1204.65
1180.88
1189.15
1225.91
1269.76
1197.22
1212.25
1251.44
1206.78
1223.87
1304.76
1337.52
1308.82
1290.3
1287.12
1243.69
1216.98
1227.35
1249.93
1250.73
1250.83
1232.73
1227.16
1238.34
1236.1
1217.85
1211.9
1226.18
1254.16
1206.84
1228.65
1225.87
1195
1207.76
1202.5
1170.41
1197.37
1154.02
1202.87
1195.16
1174.83
1203.68
1193.48
1224.32
1188.51
1197.5
1234.61
1216.01
1223.47
1229.36
1206.54
1203.18
1167.75
1147.29
1190.47
1209.65
1232.12
1222.1
1201.56
1244.66
1226.72
1176.24
1167.27
1179.17
1181.06
1124.32
1154.46
1133.27
1148.79
1130.11
1098.85
1108.64
1144.91
1150.37
1111.89
1118.52
1112.95
1141.78
1126.38
1133.64
1094.96
1081.78
1120.44
1127.96
1092.87
1078.92
1101.84
1108.05
1155.58
1127.88
1103.56
1119.71
1134.37
1145.29
1168.85
1149.12
1148.69
1125.58
1098.21
1095.8
1123.35
1121.37
1117.95
1119.44
1118.27
1126.91
1110.13
1131.56
1111.61
1104.08
1089.73
1087.81
1079.41
1082.47
1090.24
1092.71
1046.62
1047.36
1035.7
1048.89
1078.65
1086.44
1102.46
1094.57
1114.9
1069.47
1074.31
1059.76
1052.91
1084.53
1061.57
1104.25
1076.38
1085.9
1094.31
1080.21
1045.96
1044.22
1035.04
1063.72
1026.32
1039.45
1060.71
1086.97
1071.74
1057.56
1072.93
1049.34
1071.92
1082.03
1076.75
1071.29
1081.3
1052.34
1055.56
1068.77
1063.32
1039.92
1055.71
1044.75
1054.45
1036.86
1014.8
1004.71
969.431
968.496
974.162
980.558
946.604
974.162
963.574
969.343
976.387
990.67
978.746
990.433
970.342
981.573
988.831
1021.16
1027.62
1026.32
1033.04
1038.61
1049.11
1039.27
1050.25
1050.43
1021.38
1018.4
1057.95
1033.45
1031.31
1046.18
1063.05
1047.4
1067.1
1044.6
1034.14
1040.6
1022.76
997.149
1019.08
1043.69
1012.66
1018.68
1001.66
1002.63
985.089
991.164
993.182
1002.67
986.375
993.425
994.105
989.143
974.011
953.891
964.09
980.775
1021.98
1010.74
1030.25
1039.21
1035.74
1009.88
1042.46
1045.89
1034.62
1015.06
1002.96
970.499
964.258
938.367
969.314
969.263
970.891
959.482
957.085
949.443
940.268
935.077
946.305
941.568
952.86
960.595
917.119
914.788
925.748
946.25
963.306
974.904
947.301
923.892
937.89
924.362
935.953
941.697
957.853
935.672
957.038
949.83
923.407
928.393
918.058
924.327
925.958
919.464
910.546
910.278
905.885
894.138
898.189
891.655
913.967
917.136
924.665
892.307
899.88
886.127
916.787
897.197
899.226
925.748
916.809
945.828
936.179
934.827
933.047
941.477
931.245
915.874
928.195
929.578
942.474
927.356
919.419
946.07
927.821
890.329
853.603
858.4
882.485
910.227
918.297
935.858
925.943
910.594
905.348
882.652
894.278
904.682
889.738
889.774
880.529
878.416
882.519
894.13
883.054
875.772
903.225
912.189
904.738
916.462
914.113
892.937
869.956
872.046
876.412
859.995
875.509
905.894
883.887
860.112
865.56
849.27
851.207
862.965
880.022
882.882
857.409
858.975
852.547
838.429
864.566
863.292
857.125
857.752
867.477
864.59
863.862
870.801
868.726
854.911
861.556
882.602
847.883
842.489
831.57
829.641
830.197
830.961
834.075
847.086
843.075
856.769
843.297
836.868
849.811
851.752
861.21
857.18
841.794
832.532
821.317
819.674
839.195
834.889
838.007
850.063
842.261
839.814
844.635
840.248
828.308
817.351
798.889
816.799
807.173
814.127
821.353
823.518
829.664
828.563
815.85
803.648
825.749
835.633
833.378
817.047
831.117
845.296
838.188
838.056
826.568
820.195
823.999
829.087
828.617
832.349
842.768
844.81
845.428
816.881
820.72
835.134
839.002
829.051
847.008
846.453
829.804
839.479
837.943
836.538
839.858
828.605
836.832
822.963
820.636
810.013
810.392
806.326
801.733
801.82
821.756
815.612
814
807.011
804.263
785.933
777.206
784.414
792.864
812.849
789.187
780.047
799.22
799.151
820.772
799.507
796.295
805.397
818.16
802.087
809.895
814.467
807.528
809.598
806.479
793.029
792.229
793.185
792.946
789.295
782.705
791.741
771.899
780.263
787.399
775.9
788.646
795.594
788.788
780.03
776.039
783.868
776.16
774.845
774.38
790.376
787.181
788.104
790.32
789.739
784.523
782.759
781.914
798.428
786.79
777.592
773.132
771.564
789.665
786.75
801.786
807.42
802.277
797.022
793.121
783.23
789.047
786.528
784.973
787.286
805.524
799.469
781.598
780.561
782.19
788.872
783.149
790.25
774.1
773.084
788.191
777.373
777.559
779.924
769.969
762.077
764.813
768.827
758.118
747.934
736.742
742.804
742.374
744.027
746.975
741.265
735.771
755.516
759.23
750.23
747.764
750.809
747.827
759.175
754.859
742.294
747.714
750.599
739.752
744.006
735.482
745.624
762.24
769.6
763.141
772.928
768.138
761.755
758.875
756.406
760.152
768.507
751.999
756.256
749.539
738.551
733.545
737.857
745.526
726.618
738.376
731.597
730.124
729.058
721.931
714.441
723.37
721.882
723.847
736.975
722.494
724.25
725.062
713.885
706.961
709.299
715.418
718.524
716.525
709.859
700.282
710.433
721.735
717.486
716.33
716.511
705.693
704.691
694.821
699.845
701.044
696.35
703.315
706.631
711.367
690.409
698.448
691.183
692.263
693.456
690.736
695.979
701.927
703.497
701.336
699.04
689.571
693.871
704.822
699.055
690.086
695.988
697.597
697.824
706.838
705.828
707.359
704.983
699.857
704.402
704.527
693.043
696.098
688.756
699.001
697.315
697.578
695.167
701.567
700.709
698.849
705.775
707.907
706.601
703.855
698.163
697.51
701.301
703.701
699.91
694.072
689.598
684.462
682.649
683.702
687.724
692.277
691.047
699.214
696.888
688.94
704.975
704.644
693.913
708.173
709.674
698.053
697.176
694.651
690.947
691.85
687.172
692.706
689.966
689.655
692.582
690.212
684.974
679.43
681.805
677.789
669.942
672.008
678.013
672.894
675.726
672.81
669.06
667.539
671.049
675.884
677.179
680.109
675.685
675.1
681.728
677.559
674.459
670.165
665.594
667.316
660.23
654.314
661.608
662.455
663.824
671.199
663.327
667.098
670.08
665.919
656.728
670.777
673.197
671.258
674.422
681.152
665.671
673.054
676.862
678.759
673.159
668.267
660.948
663.411
673.28
666.345
667.411
674.866
662.862
666.45
669.64
669.256
672.666
671.997
671.4
666.649
668.274
669.904
670.564
666.207
667.778
647.801
641.552
645.169
647.605
654.525
649.951
653.076
649.45
649.02
644.358
645.004
648.233
648.51
652.852
647.528
648.475
640.634
631.09
631.873
639.182
642.487
642.26
636.577
633.121
628.022
633.538
631.116
632.478
630.487
636.339
635.61
631.558
632.498
631.312
628.373
619.007
614.937
614.617
617.91
616.679
618.215
625.02
621.738
624.689
619.728
621.914
626.911
625.594
622.47
624.715
618.228
619.635
618.108
621.939
618.133
619.596
620.249
618.29
618.244
618.044
617.388
613.941
614
613.378
618.162
628.382
624.962
617.452
618.17
612.477
613.899
611.209
617.934
618.748
620.804
619.831
614.998
616.158
618.073
615.69
611.86
612.31
612.648
619.075
613.496
614.187
610.737
611.755
612.344
612.33
612.035
618.519
616.552
611.01
613.404
614.94
620.787
618.155
619.526
622.607
620.465
618.552
613.923
614.389
612.861
608.081
604.356
607.336
611.695
617.951
616.373
619.024
620.367
623.623
625.396
621.56
619.498
613.576
607
612.026
609.374
606.423
605.457
612.937
608.918
607.663
600.861
602.068
603.561
608.775
611.238
613.061
606.63
602.586
602.959
602.824
607.943
605.316
605.267
605.119
609.252
608.395
610.77
611.459
616.014
614.682
615.788
613.03
606.466
607.52
606.096
610.312
606.019
599.179
599.191
599.616
601.744
601.895
602.223
596.576
596.486
592.843
593.547
589.679
591.275
593.441
600.379
595.127
592.431
591.109
590.704
591.448
585.956
583.791
588.695
588.431
581.823
579.085
579.616
580.684
583.152
581.839
585.933
585.313
589.276
591.255
591.899
591.836
591.49
589.05
587.521
587.123
585.98
583.463
582.774
583.055
581.549
586.395
587.611
588.652
588.356
587.061
585.119
582.263
577.785
575.097
576.518
574.166
571.993
570.159
572.46
569.3
570.008
571.334
574.087
572.186
569.976
572.834
574.599
572.132
570.669
571.306
570.402
565.504
563.023
565.553
566.065
561.212
565.683
566.166
566.625
565.081
570.968
570.227
569.773
567.87
566.142
567.87
568.15
568.067
572.91
569.525
571.235
568.119
565.183
566.193
564.429
565.515
566.194
565.087
567.184
569.028
567.262
568.103
565.861
566.715
564.331
562.862
571.038
566.928
565.963
562.883
564.085
565.437
565.027
567.792
570.21
570.011
569.732
566.129
565.954
565.853
563.418
563.152
563.772
563.535
562.066
561.752
559.952
561.443
556.804
557.553
559.102
557.861
556.272
556.501
557.834
556.468
555.234
553.585
553.229
552.008
555.594
550.603
552.186
552.713
555.47
554.752
553.482
553.785
556.758
554.914
557.47
559.791
557.027
557.612
557.351
555.619
552.772
554.996
553.371
552.575
551.394
550.429
552.491
554.723
555.892
556.736
558.542
559.426
558.686
561.998
560.001
560.785
559.195
559.463
554.514
554.775
555.425
557.931
556.182
554.626
553.489
552.322
551.995
552.935
553.177
553.85
554.378
553.39
554.051
552.426
548.628
547.538
547.087
549.145
550.188
549.584
548.613
549.183
547.855
545.026
545.394
544.696
546.115
543.425
543.24
546.008
546.454
546.331
546.084
544.632
544.998
543.155
542.087
541.384
538.945
538.827
540.685
541.216
540.246
541.371
541.806
543.773
542.985
539.527
538.962
539.15
541.392
539.381
541.892
538.342
538.456
535.74
540.719
538.271
538.474
537.235
538.423
536.144
536.767
535.663
535.537
533.299
530.387
527.402
526.725
525.841
530.055
527.988
527.608
528.718
529.325
528.464
529.085
529.289
528.445
524.957
525.813
525.691
526.078
525.166
525.408
524.649
524.683
526.248
526.252
521.88
524.594
520.463
521.443
520.096
524.169
522.297
522.948
520.461
520.004
521.007
519.351
518.726
517.945
517.638
518.542
518.586
517.977
514.686
512.284
514.66
515.174
515.487
516.326
511.803
512.775
513.299
513.012
515.143
513.268
512.627
511.034
511.451
510.754
509.966
510.212
509.94
509.592
510.274
508.325
508.636
510.076
511.602
511.409
509.367
512.145
511.565
510.6
509.771
509.672
508.919
509.344
507.953
508.576
508.155
508.007
508.871
509.797
510.4
511.181
511.771
513.138
512.63
512.658
512.149
512.084
512.122
511.991
509.661
510.612
511.062
510.341
509.533
509.023
506.654
508.069
507.989
510.043
510.61
509.728
511.43
510.474
509.361
510.039
510.843
510.39
510.16
509.972
511.916
511.919
513.544
511.727
512.321
511.324
511.337
510.299
510.398
511.484
511.792
511.131
510.009
510.425
511.427
510.428
510.978
511.169
512.303
511.276
510.685
508.749
507.311
507.872
507.382
506.82
508.069
507.423
508.455
507.689
506.297
505.104
505.545
507.646
506.865
505.604
503.978
504.876
504.776
503.292
503.154
503.894
502.92
501.792
500.384
501.057
500.272
501.259
501.827
502.011
503.054
502.594
502.774
503.925
502.889
499.873
498.631
499.573
498.196
499.296
500.112
500.225
500.312
501.07
502.443
500.914
500.256
498.037
497.115
497
497.934
497.691
498.175
497.43
497.36
496.907
497.767
496.396
496.305
495.87
495.153
496.782
495.935
495.169
495.532
495.853
496.587
495.19
495.192
495.416
495.074
495.151
494.278
493.618
493.31
493.787
494.602
494.034
494.645
495.004
495.735
493.959
493.352
493.982
494.8
494.692
496.303
494.998
494.202
493.451
494.982
494.438
495.233
494.388
494.646
493.774
495.166
495.489
496.031
496.687
495.783
495.686
495.359
495.405
495.231
495.297
496.751
496.609
496.164
496.295
494.962
493.93
493.921
495.218
495.61
494.484
494.609
495.231
495.443
494.585
494.581
494.072
493.866
493.836
494.069
493.993
493.057
491.689
492.149
491.99
492.927
493.281
492.824
492.584
492.502
491.888
492.533
493.008
492.997
491.966
492.251
492.162
492.11
491.241
490.959
490.855
491.135
491.611
490.423
490.459
490.524
490.657
490.456
490.455
489.243
490.016
489.395
489.049
488.401
488.484
487.807
487.901
487.845
487.528
488.117
487.764
487.394
487.05
487.158
486.656
486.009
486.665
487.02
486.344
486.298
486.525
486.763
486.486
485.964
486.095
486.189
486.972
485.461
