Mut_X Mut_Y Mut_Size Mut_Rot Mut_R Mut_G Mut_B Mut_Type Time_Sec
53995 54720 64758 56546 65883 65701 66429 52967 1698.91
0 0 0 0 0 0 0 0 1698.91
--- Historial MSE por cambio de temperatura ---
20126.2
19993.8
20060.2
19865.9
19843.2
20309.5
20981.6
20194.2
20185.3
19673.7
19394.6
19548.1
20217.7
20184.5
19846.1
19377.4
19580.6
19634.5
19844.6
19458.8
19970
19668.7
19406.2
19618
19631.6
19487.4
19650.8
19061.4
19089.4
19278.4
18927.5
18995.4
18827.7
19282.5
19344.1
19259.7
19553.6
18664.1
18732.2
18987.1
18592.6
19139.9
18814.5
18970
19367.1
19669.2
19756.5
19078.1
18832.2
18590.3
18886.3
18512.4
18854.2
18726.2
18803.8
18682.5
18851.9
19067.6
19311.3
18775.3
18522.1
18530.6
18860.7
18545.5
18681.6
18252.8
18803.7
18318
17968.1
17990.3
18304.4
18502
17997.8
18486
18922.5
18388.3
17670.4
17726.6
18214.2
17468
17304.9
17490.3
17512.2
16781.1
16996.5
17626.6
17959.6
18155.7
17424.8
17634
17515.5
16857.3
16768.1
16929.7
16796.9
16787.5
17280.2
17096.3
16626
16156.5
16651.2
16964.8
16995.5
17436.4
17309.7
17590.3
17193.1
17158.3
16928.3
17173.3
16828.5
16853.9
17563.4
17099.6
16650.8
16275.3
15895.5
16676.8
16942.6
17119.2
16799.1
16497.5
16724.3
16066.1
16077.3
16207.7
16828
16832.8
16685
16954.9
16577.3
16736.7
16927
18144.2
18192.1
17915.7
17945.9
17942
17725.6
17335
17624.5
17435.4
16714
16580
16610.9
16235.2
17051.3
17293.3
17354.3
17164.6
17460.1
17624.4
16401.8
16727.1
16588.9
16619.7
16747.9
16849.9
16513.4
16828.9
16929.5
16502.3
16284.9
16469.2
16665.5
17294.7
17410.7
17619
17876.2
17524.4
19275.3
19184.5
18995.8
19327.5
18984.5
18564.6
18899.1
18453.4
17911.3
18147.4
17715.3
17825.2
17824.3
17066.9
16627
17044.5
16596.4
16958.8
17144.3
17093.4
17274.5
16932.4
16877.9
17943.3
18442.1
18060.9
18115.1
18091.2
18453.5
17922.4
17418.5
18056.6
17344.6
16803.4
16633.9
17009.2
17405
17728.5
17182.7
17495.9
17483.2
17699.3
16958.9
18447.9
17939.6
17420.5
16470.3
16764.4
16895.2
16321.6
16579.4
16094.8
15878.2
16578.4
16305.7
15937.4
16035.1
16396.5
16588.1
16088.6
16312.7
16369.2
16544.4
15962.1
15983.9
15317.4
15669.6
14912.2
14819.9
15467.1
16014.4
16036.9
16036.5
16074.3
16497.9
16597.9
16669.2
16374.5
15799.5
16271.2
16299
15995.4
17155.8
16920.6
16314.6
16298.4
15835.2
15643.7
16093.4
16512.4
16432.5
16709.8
17589.7
17412.1
16776.6
16233.2
16923.3
17309
16967.3
17381.8
17030
17332.2
16656.3
17214.8
16773.4
17297.3
17398.3
17039.7
16780.7
17162.4
17340
17028.6
17404.1
16976.6
17008.9
16867.4
16400.9
15667.6
15872.3
15901.8
16218.3
15685.6
14864.6
14855.1
14473.6
15223.6
15553.3
15920
15246.5
15501.2
15739.5
15737.2
15770.5
16261.8
15679.7
15707
14892
15055.8
14532.2
14696.8
14916.7
14608.2
15074.2
15317.7
14769.7
14801.2
14589.7
15160.3
16039
16487.9
16809.1
15853.7
15637.4
15836.4
15964.4
16276.1
16788.8
17457.1
17417
16698.6
16638.7
15952
16112.2
16260.8
16678.6
16812.4
16115.1
15608.9
15489.2
15221.1
15166.2
15158.9
15838.4
15006.3
14841.2
15644.3
15219.6
15722.8
15616.1
15294.7
14763.8
15000.1
16009
15704.8
15141.8
15529.2
15793.2
15690.2
15879.1
16153.9
16610.5
16060.3
17101.3
16639.8
15826.9
16267.1
17146.4
16228.6
15741.7
16438.4
15792.3
16033.8
15710.4
16131.9
15570.6
15913
15782.1
15516.5
15122.2
15428
15607.2
15056.1
15070.6
14866.7
15223.1
14958.9
14318.5
14899
14986.9
15115.2
15249.2
15633.6
14936.9
15124.4
15278.5
15518.4
16748.8
16362.5
16030.9
17112.7
17133.8
16506.3
16285.2
16210.8
16077.7
16372.8
15666.3
16369.1
17693.5
17839.6
17447.2
17436.7
16672.1
16035.7
15710.1
16881
16033.4
16897.2
16034.4
16605.1
16424
16640.3
16526.6
16114
15863.4
15598.2
15390.2
16774.1
16123.3
15640.6
15542.9
16411.7
15991
16014.9
16232.8
16265.5
16596.8
17104.8
16240.4
17231.5
16505
16700.2
16889.6
16803.9
16789
17203
16791.9
16712.4
16853.4
17089.8
17339.1
16946.1
16747
15851.1
14571.4
14297.9
14942.3
15473.4
15835.7
15851.1
16046.9
16435.9
16618.7
16388.6
16486.1
16465.5
16491.6
16769.6
17731.3
17621.2
17685
17354.8
17058.9
16700.2
16381.7
16245.9
15901
15626.3
15691.7
16087.3
16584.3
16279.4
16575.2
16357
16581.4
15760.8
15399.4
15189.8
15871.4
15006.6
14785.9
14188.8
14274.8
14270.3
13764.3
13890.2
12985
13842.6
13920.3
14684.3
14710.5
14502.1
14610.3
14438
14986.8
14463.4
14103.1
13964.9
14121.6
13860.9
13810.3
13266.7
14230.4
14234
13560.9
13563.7
13301.4
13568.1
13306
13089.4
13782.7
13602.3
13164.9
13337.1
13622.9
13295.4
13732.3
13873.9
13683.3
13231.1
13678.7
13367.7
13684.5
14526.2
14182.8
14117
13922.7
13615.8
13734.9
12950.4
12837.3
12830.1
12893.2
12127.5
13035.9
12194.2
13128
12244.2
12346.7
12420.7
12161.3
12409.8
12345.8
12503.8
12828.6
12748.1
13668.9
13598.9
13367.4
13241.3
13017.4
13277.9
12112.8
12262.8
12887.7
12750.3
12501.2
12764.2
12622.5
13502.7
12440.3
12373.4
12557.3
12032
12474.3
12931.5
13299.8
13753.1
13420.6
13371.3
12853.5
13041.3
12496.7
12300.3
12102.1
13021.1
12245.4
12535.8
11912
11597.9
11682.3
11908
12368.2
12250.5
11916.4
11461.4
11283.6
11608.8
11741.2
12043.8
12496.8
12429.9
11691.2
11979.6
11963
11832
11947.1
11318.9
12120.2
12283.6
12511.6
11932.9
12052.9
11720.3
12390.6
12345.7
11977.8
11429.3
12073
12247.6
12166.8
12074.9
12136.5
11275.5
11358.2
10633.6
10567.8
11076.7
11259.3
11414.1
11259.2
11433.4
11837.5
11502.5
11860.4
11019.5
10916.9
10747.7
11096.2
11444.4
11496.1
11437.1
10850.2
11053.4
10969.9
10828.7
10808.7
11005.4
10884.6
11216.8
10684.7
10595.9
11084.1
11496.4
11301.6
11110.3
10408.2
10904.8
11117.5
10988.7
11601.2
10915.1
11066.7
10930.2
11404.4
11033.2
11658.8
11155.3
11223.4
10484.3
10168.4
10424.2
11235.9
10790.3
10452.9
10815.5
10326
10992.2
10625
11257.5
10885.4
11111
11285.1
11796.6
11961.4
11984.8
11819.4
12014.9
11125
11345.1
10974.8
11186.9
11260.5
10985.4
10897.2
11110.3
11443.9
11238.2
10808.9
10453.8
10741.3
10387.8
10422.1
10509.4
9864.54
10005.8
9726.89
9781.23
9548.07
9408.47
9548.82
9698.75
10022.1
9723.9
9494.75
9869.11
9614.94
10580.8
10009.4
9941.62
10664.9
11227
10686.3
10173.2
9865.16
9672.4
9808.18
9459.28
9415.23
9348.34
9914.41
9453.38
9483.7
9667.37
9771.08
9983.05
9779.75
9637.29
9196.46
8592.33
9014.91
8906.06
9386.91
9123.23
9016.3
8468.93
8791.41
9363.85
9394.88
9270.08
8950.96
8978.96
9152.38
9626.6
8551.32
8897.95
9988.46
9424.29
9599.85
9500.74
9038.16
8900.21
8870.83
8353.1
8226.53
8224.87
8690
9349.73
9396.45
9394.54
9199.83
9142.56
9655.12
9840.89
9774.51
9062.68
9131.6
8982.59
8726.96
8328.58
8058.97
8699.82
8632.88
8141.52
8139.09
8479.92
7807.39
7929.41
7985.07
7733.97
7807.45
7484.89
7288.94
7727.48
7851.83
7698.65
7226.49
7223.16
7262.75
7902.58
7662.87
7789.24
7623.96
7711.68
7595.5
7534.69
7773.88
8128.42
8279.58
8896.24
8774.97
8258.25
8307.86
8075.26
7993.46
7961.64
7876.26
7453.37
7459.68
7826.87
8186.85
7968.71
7671.59
7869
7913.3
8200.24
8423.34
8447.36
8498.93
8609.27
8369.2
8307.57
8317.61
8326.45
8325.22
8366.34
7916.71
7825.53
7718.52
7872.69
7852.73
7667.25
7812.8
7795.96
7583.62
8030.67
8025.87
8474.24
8139.54
7765.36
7452.77
7720.7
6940.43
6992.46
7485.27
7679.11
7541.93
7555.51
8208.08
7502.23
7343.18
7577.03
7541.66
7235.67
7385.67
7517.23
7334.48
7237.16
7794.37
8023.59
7711.3
7260.85
7292.56
7587.87
7614.97
7795.74
7683.15
7733.33
7956
7452.82
7239.3
7305.07
7395.25
7171.32
6503.3
6890
6727.51
6792.06
6406.15
6466.29
6482.06
6571.31
6649.42
6478.64
6465.8
6344.86
6692.52
6400.14
6125.97
6230.4
6492.35
6339.93
5970.45
6068.91
5925.08
6048.35
6366.91
6522.44
6602.24
6471.98
6343.04
6450.19
6320.7
6404.89
6408.95
6436.24
6413.52
6601.2
6180.29
6254.6
6156.25
6517.82
6579.36
5977.62
5861.27
5685.1
6075.24
6280.34
6540.86
6581.06
6819.56
6374.8
6448.89
6504.76
6560.67
6921.92
6727.92
6465.96
6443.37
6502.04
6415.95
6227.43
5906.4
6170.41
6179.65
5900.36
5838.4
5741.79
6071.63
6048.48
6332.71
6357.19
5939.78
6047.02
6172.77
6104.03
6058.47
5886.87
5849.68
5907.24
5921.16
5979.77
5749.34
5765.72
5561.65
5903.23
5942.29
5549
5696.22
5743.53
5572.76
6034.68
5746.24
5968.23
5895.7
5599.9
5557.02
5538.9
5876.19
5767.06
5771.28
5480.61
5425.7
5646.65
5341.11
5324.83
5283.56
5294.89
5203.84
5117.98
5025.66
4900.03
4852.65
4864.82
5024.24
5351.27
5036.7
4839.87
4933.63
4870.57
4912.21
4721.4
5121.55
4864.86
4888.05
4892.45
4942.95
4750.18
5070.89
4756.11
4695.27
4689.35
4726.95
4963.98
4868.58
5050.6
4959.19
4879.84
4608.71
4518.25
4506.11
4515.93
4317.29
4296.12
4570.11
4392.43
4513.72
4733.71
4597.33
4712.58
4742.16
4719.09
4590.53
4462.87
4445.49
4260.05
4372.12
4214.6
4585.05
4414.03
4331.66
4844.4
4756.54
4796.04
4350.14
4007.51
4355.51
4651.33
4642.19
4721.21
4619.06
4479.88
4379.07
4209.41
4045.77
4246.33
4124.4
3822.69
3829.44
3765.41
4008.26
4118.12
4063.51
3986.03
3886.82
3916.71
4067.65
4104.99
4186.4
3966.87
3896.28
4123.77
3956.48
4135.3
3967.82
4010.15
4135.42
4050.21
3752.13
3647.9
3399.92
3432.68
3221.18
3152.36
3164.78
3241.41
3271.87
3328.34
3619.99
3531.56
3376.46
3364.55
3287.08
3455.89
3462.07
3332.22
3331.47
3144.22
3184.27
3150.97
3177.39
3320.1
3334.17
3315.22
3079.96
3270.83
3193.02
3265.16
3326.12
3336.39
3304.09
3237.53
3171.19
3236.66
3305.01
3187.46
3326.58
3490.91
3498.96
3358.43
3360.66
3298.61
3498.69
3389.94
3387.54
3453.11
3528.18
3352.95
3325.24
3281.18
3216.19
3662.62
3593.48
3452.32
3344.96
3447.38
3519.12
3653.13
3692.83
3761.67
3910.03
3901.88
3946.87
3559.14
3569.04
3576.84
3537.82
3621.92
3653.33
3761.27
3677.41
3611.49
3500.81
3506.46
3514.6
3390.71
3244.74
3191.42
3214.97
3173.99
3197.31
3259.45
3225.19
3172.22
3176.53
3184.82
3253.37
3448.04
3371.02
3175.17
3268.55
3292.99
3541.67
3477.19
3257.32
3371.81
3289.18
3345.38
3466.51
3411.22
3327.48
3257.04
3226.31
3163.8
3032.3
3045.94
3018.89
3085.8
3176.87
3133.79
3071.14
3029.44
3117.22
3139.65
3157.78
3213.01
3220.86
3374.46
3403.98
3370.6
3266.06
3214.74
3154.15
3108
3227.59
3182.34
3154.06
3317.28
3264.2
3138.54
3083.27
3128.62
3024.99
2952.66
2923.15
2863.08
2756.6
2754.41
2756.95
2831.42
2849.86
2800.17
2840
2788.74
2895.62
2903.87
2881.39
2864.11
3080.72
3036.03
2870.69
2899.95
2955.62
2909.17
2835.78
2759.6
2673.86
2730.03
2748.68
2733.89
2741.91
2726.4
2852.96
2899.33
2888.56
2938.25
2925.72
2906.78
3052.87
2935.38
3004.02
2908.14
2967.38
2971.6
2869.66
2806.45
2716.33
2673.43
2715.61
2637.92
2709.71
2744.9
2780.03
2786.47
2721.12
2690.97
2685.24
2596.89
2647.73
2617.62
2702.71
2664.2
2773.14
2825.86
2758.32
2749.71
2726.68
2634.18
2653.95
2641.43
2721.65
2654.92
2818.92
2819.19
2704.04
2797.69
2773.36
2741.89
2704.22
2677.31
2701.41
2658.53
2608.34
2562.53
2552.76
2573.02
2574.01
2635.95
2605.08
2730.76
2597.68
2598.24
2632.4
2590.88
2606.05
2468.63
2399.84
2398.05
2403.73
2438.33
2410.23
2395.96
2390
2377.19
2390.58
2438.24
2440.76
2475.27
2408.63
2377.79
2399.28
2392.24
2398.49
2378.04
2408.67
2389.62
2396.74
2432.77
2367.59
2387.2
2410.21
2471.39
2413.02
2437.4
2310.73
2309.71
2280.56
2441.57
2382.32
2357.61
2317.31
2365.58
2379.26
2405.94
2368.47
2415.68
2455.35
2412.58
2433.84
2401.13
2479.22
2502.24
2427.56
2394.63
2329.21
2250.98
2234.45
2304.31
2282.53
2214.94
2179.64
2166.24
2198.51
2205.79
2235.72
2187.89
2233.9
2192.59
2170.93
2174.12
2180.47
2166.48
2171.38
2139.03
2032.49
2077.07
2120.5
2069.75
2110.83
2157.01
2222.13
2245.33
2210.53
2176
2137.08
2096.65
2124.18
2180.28
2265.74
2272.63
2263.49
2201.27
2208.96
2159.58
2213.3
2208.08
2151.16
2171.79
2127.38
2171.96
2199.14
2163.58
2192.98
2178.37
2165.88
2128.12
2121.87
2098.73
2112.31
2080.69
2072.25
2054.1
2029.44
2019.34
1975.7
2010.59
1997.43
1991.43
1955.65
1901.88
1927.52
1993.06
1992.16
1973.35
1976.85
1982.48
2001.58
2039.39
2091.19
2090
2202.79
2119.09
2016.12
2021.95
2019.24
2045.77
2062.58
2023.28
2013.25
2063.19
2045.87
2072.22
2025.8
2012.99
1973.2
2000.46
2006.98
1999.6
1950.02
1970.36
2026.01
2023.9
2033.83
2041.77
2097.14
2055.29
2000.4
1963.73
1974.57
1984.89
1969.77
1971.58
1972.34
1985.08
1934.95
1927.82
1944.84
1943.52
1916.18
1950.52
1923.98
1873.22
1901.84
1900.77
1900.91
1874.19
1930.09
1899.56
1865.39
1832.63
1836.52
1843.81
1836.32
1840.03
1831.48
1841.17
1847.53
1871.86
1901.09
1889.6
1872.22
1886.23
1905.22
1854.81
1886.33
1877.2
1900.23
1880.05
1872.83
1895.44
1885.88
1863.6
1858.95
1810.39
1791.66
1805.53
1779.87
1785.97
1763.9
1715.32
1731.4
1756.29
1737.93
1748.99
1718.41
1711.45
1704.95
1717.04
1748.91
1745.77
1772.55
1795.9
1761.94
1789.95
1788.28
1812.99
1819.18
1742.76
1763.11
1774.78
1753.96
1779.5
1753.72
1796.74
1773.2
1765.48
1768.16
1736.96
1744.01
1704.63
1743.33
1719.76
1683.45
1677.39
1707.98
1686.69
1683.57
1668.53
1653.55
1654.11
1634.73
1681.17
1673.4
1713.54
1710.36
1721.3
1746.53
1714.53
1696.48
1707.55
1702.62
1698.02
1695.75
1690.9
1667.72
1687.38
1681.33
1698.83
1703.81
1674.29
1661.93
1680.38
1640.64
1652.11
1644.11
1628.88
1630.4
1636.85
1610.98
1619.72
1627.75
1611.1
1626.38
1647.16
1674.61
1639.19
1626.14
1623.17
1633.25
1631.54
1633.02
1628.64
1627.82
1632.75
1634.71
1675.26
1635.47
1616.98
1601.81
1604.34
1622.89
1608.69
1624.31
1633.21
1637.59
1637.34
1576.94
1588.62
1571.13
1546.89
1550.36
1543.11
1527.17
1525.2
1544.34
1529.45
1525.62
1513.84
1518.78
1544.04
1541.15
1537.42
1537.05
1518.94
1515.52
1532.12
1552.12
1550.85
1542.96
1536.89
1532.22
1532.19
1537.28
1489.69
1468.83
1469.12
1472.37
1466.47
1470.22
1473.54
1477.13
1481.23
1467.7
1458.63
1453.94
1451.32
1438.05
1456.9
1454.27
1451.77
1429.62
1421.06
1428.01
1427.06
1405.93
1397.03
1384.1
1383.49
1405.47
1398.38
1390.85
1389.14
1405.16
1408.39
1410.08
1391.77
1442.81
1432.24
1417.98
1418.08
1415.32
1431.99
1420.15
1436.35
1427.67
1411.26
1410.81
1408.47
1388.01
1402.13
1393.09
1363.72
1371.62
1398.59
1392.72
1387.28
1394.1
1388.69
1390.55
1390.69
1385.77
1381.34
1373.91
1380.08
1348.9
1349.41
1344.54
1348.22
1330.03
1320.62
1320.01
1328.21
1328.62
1348.86
1330.33
1311.64
1312.69
1301.02
1304.01
1312.65
1298.64
1289.5
1277.74
1291.84
1292.12
1287.51
1255.44
1248.68
1260.03
1271.83
1263.83
1256.75
1263.36
1276.26
1254.19
1260.03
1250.62
1243.5
1241.89
1250.02
1247.76
1261.55
1243.24
1238.13
1230.51
1220.68
1231.72
1233.58
1215.39
1226.03
1220.44
1213.79
1207.04
1218.89
1212.22
1196.8
1210.42
1209.63
1194.17
1175.73
1183.83
1177.39
1180.92
1194.51
1178.42
1167.67
1172.88
1168.3
1166.95
1155.92
1148.29
1148.14
1145.6
1135.63
1140.5
1145.85
1143.31
1153.55
1156.03
1149.41
1144.09
1151.97
1151.65
1149.82
1147.7
1143.06
1130.41
1122.43
1124.78
1126.11
1132.71
1130.6
1146.49
1134.58
1128.67
1120.58
1114.22
1121.61
1118.4
1121.94
1122.05
1115.06
1112.66
1119
1101.52
1105.26
1098.38
1085.55
1083.31
1091.73
1090.02
1079.1
1082.98
1088.8
1082.82
1088.39
1080.79
1074.47
1070.87
1069.72
1067.97
1072.93
1080.21
1074.91
1063.62
1059.47
1062.35
1063.96
1061.19
1067.52
1074.86
1070.89
1072.48
1083.68
1085.06
1077.84
1074.22
1076.27
1068.77
1065.47
1066.15
1065.05
1064.81
1071.46
1066.19
1064.5
1071.02
1075.42
1068.47
1075.53
1071.56
1074.35
1069.72
1056.36
1055.14
1057.82
1053.36
1057.82
1054.83
1054.56
1044.14
1037.24
1043.41
1039.25
1038.82
1041.75
1049.8
1054.85
1050.92
1050.88
1048.39
1048.22
1039.51
1036.89
1030.03
1021.22
1011.71
1008.72
1008
1000.11
998.689
1006.67
991.974
991.606
995.786
994.923
984.647
979.592
973.08
977.281
973.038
974.639
963.053
965.105
968.898
971.26
962.855
960.991
961.256
965.329
964.569
957.524
962.573
960.486
952.366
953.878
950.961
950.648
948.867
947.125
947.881
942.695
949.584
955.754
949.836
953.279
953.073
950.798
951.149
945.311
941.394
947.914
939.168
935.806
928.754
926.211
919.975
924.766
924.417
925.888
928.407
928.21
922.772
916.178
914.873
910.532
907.36
904.339
908.903
907.226
915.856
918.075
921.534
913.778
916.472
919.789
922.454
920.576
919.035
918.796
915.654
912.55
912.666
911.531
902.095
897.577
896.226
900.899
901.98
901.9
899.823
894.531
896.883
894.573
893.766
894.004
897.027
894.017
898.371
895.946
893.613
893.18
890.715
893.983
893.991
886.793
887.024
887.488
888.809
887.657
882.721
883.695
882.52
880.542
884.748
882.439
882.518
879.385
877.749
881.036
878.369
883.958
879.65
879.262
879.187
877.528
875.767
873.873
874.514
873.716
873.425
872.404
868.52
865.791
864.844
865.933
867.97
866.503
870.936
870.89
867.24
867.042
867.985
875.733
878.592
877.711
879.432
876.59
878.555
880.216
882.408
876.638
874.607
872.403
869.835
862.785
862.872
860.698
864.457
866.682
869.383
869.617
867.221
863.705
860.701
859.179
859.081
859.13
858.45
860.369
863.118
863.397
861.681
864.447
865.305
862.564
862.957
862.929
862.683
863.669
865.794
864.497
862.745
861.328
858.376
860.228
859.45
857.784
860.376
859.625
856.419
852.713
847.55
843.541
842.933
842.925
845.843
846.643
843.819
847.475
843.578
840.23
840.109
840.757
841.488
838.877
838.935
840.266
837.747
838.562
838.894
838.289
839.967
841.239
838.428
834.069
832.361
832.633
832.48
830.312
831.061
830.928
830.211
829.899
831.154
829.488
829.676
829.797
829.877
832.084
831.103
831.724
830.007
831.958
832.424
833.317
833.072
829.523
832.341
834.38
831.548
830.859
829.81
827.883
828.714
828.271
828.646
826.536
823.448
828.842
824.657
822.38
822.839
823.109
822.386
823.984
825.61
824.088
824.022
823.228
825.275
821.871
821.234
819.574
818.442
818.886
817.493
817.535
817.701
815.666
815.679
814.691
812.681
811.475
814.422
812.528
812.104
813.959
812.528
813.016
812.344
811.674
811.469
811.076
809.943
810.053
811.142
811.125
809.453
811.031
810.76
808.882
809.086
806.609
808.112
807.416
809.085
810.266
808.653
807.633
808.183
807.706
807.792
807.133
808.12
806.752
805.976
805.818
806.493
806.945
805.845
806.261
805.434
805.939
806.115
805.127
805.517
805.003
806.977
806.02
804.096
803.168
803.235
803.334
802.949
801.88
801.537
801.6
800.597
800.243
799.024
798.976
798.909
798.514
798.753
799.155
799.171
799.456
800.36
799.204
798.099
798.026
798.905
800.324
801.229
803.152
801.245
800.22
799.561
799.372
801.309
800.481
799.903
800.906
800.934
801.409
801.302
800.503
799.547
800.435
799.719
799.284
799.499
798.937
796.679
797.093
796.755
796.083
797.812
797.792
798.622
799.08
796.982
796.537
796.313
795.995
795.568
795.786
797.109
796.875
795.767
794.983
795.244
795.486
796.164
796.14
796.186
794.917
793.865
795.186
794.541
793.672
793.447
793.606
793.796
794.178
794.522
793.998
793.379
793.625
793.297
790.648
790.284
790.23
790.765
791.529
791.646
790.813
790.996
791.577
789.417
790.27
788.874
787.644
787.752
787.604
788.183
786.461
786.943
786.702
786.354
786.121
786.28
785.578
785.699
785.827
786.562
786.955
787.041
786.69
785.841
786.292
786.125
784.501
784.114
783.784
783.627
