Mut_X Mut_Y Mut_Size Mut_Rot Mut_R Mut_G Mut_B Mut_Type Time_Sec
142211 144336 167351 147856 165617 165819 165565 135165 1386.77
0 0 0 0 0 0 0 0 1386.77
--- Historial MSE por cambio de temperatura ---
21467.2
21189.5
20875.6
20390.2
20556.9
20714.4
20506.4
20675
20801.7
21064.2
20602.4
20659.3
21004.1
20693.6
20757.3
20710.9
20305.8
20361.8
19961.4
20068.5
20280.1
20693.3
20413.9
20116.4
20083.6
20139.6
19887.9
19705.7
19787.2
19984.9
20016.7
19849.9
19943
19474.3
19145.1
19298.2
19376.7
19205.2
19254.4
19836.1
19984.2
20396.7
19781.6
19436.1
19520.1
19430.6
19647.9
19370.9
19597.7
19055.6
19600.5
19260.4
19608.7
19245.5
19432.7
19398.6
19671.9
19991
19540.1
19479.1
19173.1
19492.6
19131.1
19821.7
19517.8
18973.7
18911.3
19021.8
19654.7
19331.3
19523.5
19065
19528.4
19654.3
20110.6
19825.2
19912.4
19722.4
19581.5
19583.2
19515.1
19654.4
19972.4
19771.8
19772.1
20457.4
19789.9
19397.2
19599.4
19879.1
19684.8
19981
20391.4
20224.4
19958.5
20046.8
19596.1
19907.3
20093.2
19978.3
19792.4
19951.3
19977.6
20123.8
19979.1
20353.6
20307.2
19882
19920.8
19628.3
19577.2
19396.1
19491.5
19482.2
19010.3
18702.3
19011.1
19243.2
19358.8
18792.1
19508.3
19473.9
19562.7
19163.2
18760.9
19001.4
19904.1
20258.1
20361.7
20258.8
20082
20239.1
20547.8
20282.6
20331.5
19988.3
19636.3
19805.3
19812
20338.8
20469.5
20190.3
20512.9
20755.6
20544.1
20600.2
20152.7
20021
19861.6
19710.6
19702.5
20148.4
20189
20250.8
19996.7
19464.6
19442.7
19494.6
19371.7
19753.9
19550.7
19304.5
18788.8
19010.6
18330.7
18852.1
18619.6
18270.9
18758.3
18661.5
19489.5
19700.7
19985.3
19930.3
19680.5
19357.8
19660.3
19542
19836.8
19869.5
19915.6
19244.5
19018.9
18817
18701.9
18751.9
18573.2
18494.5
18636.6
19106.9
19126.4
19873.5
19742.6
20137.5
20184
20137.7
19727.3
19682.6
19775.5
20136.2
20533.8
20497.5
20396.9
20104.3
20309.6
20089.7
20107.8
20016.3
20061
19825.4
19552.5
19748.1
20083.8
20051.5
19772.8
20090.9
19802.8
19740.4
19853.1
19897.9
19548.9
19394.9
19766.3
19530.6
19259.8
19421.7
19363.6
19403.5
19679.5
19984.4
20059.3
19823.7
20211.3
20284.8
20529.1
20441.2
20399
20518.1
20113.7
20081.8
20291.6
19946.4
20130.7
20174.9
19998
20253
19881.7
19937.9
20028.8
20133.5
19993.6
20046.7
20286.5
20531.6
19992.4
20193.4
20107.1
19988.8
19850.9
19749.1
19462.2
19365.6
19644.7
19469.3
19717.4
19727.6
19542.1
19784.1
20072.3
20227.3
20270.9
20459.2
20105.2
19371.9
19548.7
19594.8
19398.7
19347.2
19072.2
19490.9
19788.9
18884.9
18822.1
18835
19518.3
19520
20021.5
20125.2
19873.5
20230.1
19911.4
19782.8
19600.1
19587.6
19839.7
19518.6
19833.9
20225
19888.5
19981.3
19961.3
19397.9
19539.8
19798.2
20282.9
20057.9
19848
19450.1
19240.2
19440
19403.9
19129.2
19195.8
19583.5
19354.6
19349.2
19967.9
19317.4
19384.1
19081.2
19160.1
19480.2
19576.4
19387.1
19506.3
19296.6
19252
19296.5
19291
19447
19537.4
19533.2
19677.4
20037
19952.9
20058.3
19650.7
19398.3
19364.4
19572.4
19600.1
19439.2
19559.4
19914.4
19888.4
19361.8
19502.4
19607.3
19733.3
19413.6
18789.7
18610
18789.7
19419
19252.1
19109.1
19089.3
19686.1
19697.9
19757.8
19356.6
18843.2
19021.7
19092.8
19329
19210.3
18962.3
18920.5
19120
19558.1
19402.5
19215
19657.6
19171.3
19433.9
19483.2
19357.7
19339.9
18820.8
18656.3
19014.7
18995.7
19383.1
19692.9
19292.5
19240.6
19515.8
19669.2
19826.4
20519.7
19826
19750.2
19289.3
19750.9
19568.3
19393.5
18643.4
18722.3
18400.4
18664.7
19046.4
19123.2
18944.3
18831.8
19173.4
19105.5
18932.1
18546.6
18336.4
17984.1
17771
18166.5
18703.1
18668.4
18238.2
18032.3
18259.8
18663.3
19007.3
18772.6
18882.3
18472.9
18727.1
18366.1
19121.1
19131.6
19199.3
19315.9
19273.5
19594.7
19479.4
19780.2
19898.8
19818
19699.3
20013.6
19803.8
19132.1
18713
19328.8
19404.2
19531.8
18964
18492.2
18091.5
17968.3
17908.8
17790.4
17878.7
18086.7
18460.2
18432
18900.7
17888.5
17915.8
18495.9
18325.1
18284.6
18168
18688.2
18460.6
18658.7
18417.1
18409.9
18250.6
17979.6
17807
18147.9
17612.7
17955.5
18106
18473.5
18438.8
18515.3
18073.7
18491.8
18517.9
18151
18297.3
18196.6
18520.4
18831.1
18685.7
18770.2
18494.2
17957.7
18189.9
18466.5
18869.6
18518
18694
18278.9
18103
18265.5
17904.1
17819.1
18309
18748.3
18327.5
18356.1
18306.1
18140.5
17619.6
17764.2
17724.9
18124.8
17740.8
17904.5
18061
18245.3
18255
18355.4
18609.9
17812.6
18001.5
18482.1
18885
19147.3
19368
19027.4
19318.2
19349.4
19290.9
19352.4
19598.3
19352.4
19277.4
18931.8
18593.6
18662
18750.9
18844.8
18808.9
18823.4
18623.5
19177.9
19321.4
19154.1
19413.8
19004.4
18804.1
18636.5
18482.3
18274.5
18159.5
18411.3
18443.8
18444.6
17973.6
17918.5
18711.1
17947.8
17745.3
17553.7
17548.3
17172
17727.6
17425.6
18108.2
17356
18049.4
18356.5
18334.6
17885.3
17734.3
18435.3
18420.2
18995.8
18745.7
18348.5
17699.4
18369
18370
18236.3
18015.9
18174.3
18345.4
18257.6
17895.8
17702.7
18476.5
18747.4
18566.5
18499.5
18187.7
18437
18693.5
19027
18216.6
18321.4
18388.6
19016.4
19337.6
19108.5
18547
18223.6
17427.4
17967.7
18164
18276.1
17500.5
17953.2
18006.4
18215.5
17986.5
17914.8
18036.3
17741.8
18059.4
17700
17696.1
18000.6
18200.4
18599.3
17750.3
17907.7
18447.7
18287.7
18720.4
18629.7
17844.2
18123.4
18456
18527.7
18380.4
18257.2
18520.2
18097.2
18383.5
18425.9
18829.5
18573.7
19418.2
19548.1
18544.4
18740.9
19386.9
19352.6
18962.6
19004.4
18806
18374.5
18014.6
18483.4
18351.1
18363.1
18011.7
18546.2
18192.1
17788
18235.2
18228.5
17718.9
18032
17891.5
17870.2
18673.5
18028.8
17915.9
17466.4
17656.3
17985.9
18282.1
18743.2
18393.1
18599.9
18287.2
18920.4
19359.5
18792.9
18734.3
18069.9
17862.4
18345.2
18436.9
18242.6
18493.6
18396.9
18721.4
18563.5
18215
18134
18135.6
17653.9
18609.8
18246.4
17935.8
18125
18402.6
18257.7
17810.6
17379.1
18080.2
18686.2
19069.2
18736.8
18828.5
18072.6
18368.7
17767.9
17558.7
17640.5
17337.3
17122.5
17154.3
16598.8
16874.4
17780.9
18154.4
17932.2
18716.9
18723.5
19067.7
19204.8
18344.4
17886.8
17886.4
17256
17794.8
17761.4
17879.5
17260.4
17580.2
17871.5
18048.4
17458.9
17436.2
18130
17815.4
17638.2
17470.9
17467.7
18406.3
17894.4
17477.7
17413.4
17311.6
17772.9
18317.9
17724.4
18056.6
18251.7
18555.4
18476
17969.6
17815.9
17464.3
17445.5
17196
18010.2
17957.9
18081
17782.7
17765
17667.4
17636.4
17370.4
17571.9
17227.4
17730.9
17753.4
17627.8
17899.5
17096.5
17415
17452.1
18079
17834.6
17331.9
16908.4
16567.2
16062.6
16017
16635.6
16710
16612.5
16549.7
17049.6
16939
16485.9
16848.6
16153.3
16796.8
16759.8
16529.5
16858.9
17147.7
16859.3
16751.4
16773.2
16361
16586.5
16930.5
16691.2
16810.7
16837.8
17055.6
16798.6
16482.9
16714.1
17169
17149.6
16796.3
16206.4
16300.8
16486.5
15909.1
16446.2
16141
16446.9
16791.5
16809.5
16711.1
16737.1
16694
16461
16176.7
16241
16295.2
16317.8
16391.3
16497.4
15942.4
15881.7
15996.6
16066.6
15502.1
15607.4
15410.8
15236.7
15539.5
15275.3
15643.8
15147.8
15647.2
15776.6
15794.7
15632.9
16167.3
15992.6
16351.3
16404
17219.4
16941.4
16534
16041.2
15666.5
15862
16023.5
17424.4
17390.3
16585
16195.8
16469.9
16729.1
16528.4
16516.9
16601.2
16494.8
16355.5
16686.4
17262.8
16942.5
15821.4
16037.4
15370.9
15618.3
15724.9
15512
15629.6
15439.1
14233.8
14591.8
15538.7
15584
15621.3
15391
15081.2
15119.9
15122.1
14932.7
15423
16068.9
16438.9
16332.2
15733.4
16252.7
16168.9
15503.4
14927
15045.4
14758.7
15150.1
15315
14853.6
14779.2
15384.8
15338.3
16003.9
15795.1
16362.9
15597.7
16258.5
16127.2
16401.9
16108.3
15298.8
14797.7
14768.1
15019.1
15559.6
15415.1
15180.4
15366.9
15671.1
15651
15682.4
15983.7
15750.2
16167
16336.2
16223.9
16520.9
16290
15544.3
15144.3
15289.9
15545.9
15577.3
16071.8
15580.9
15538.1
15770.6
16228.2
15667.2
16056.5
16038.7
16241.5
15886
16034.2
15283.9
14870.5
15176.8
14944.7
14383.4
14692.4
14472.2
14807.5
14833.2
15134.4
14794.6
14588.9
15391.7
15380.2
15604.4
15423.9
15884.6
15535.5
16193.6
16274.5
16045.2
15552
15539.1
15553
15703.5
15823.9
15604.5
15917.7
15875.8
16359.8
16869.1
16766.4
15379.2
16023.2
15791.5
14499.4
15927.5
15854.9
14280
14410.4
14591.1
14952.8
15500.9
15285.4
15620.3
15223.1
15453.6
15507.6
15277.1
15630.2
16169.5
15792.4
14831.6
15302.5
15143.7
14855
15156.1
14999.9
15318.6
15596
16122.9
16184.1
16170.7
15115.4
15860.6
16289.7
14549
14865
14533.1
15427.2
15984
15602
16421.3
15105
15449.3
15654.8
16214.8
15457.9
14477.4
14455.1
14412.2
15004.6
14813.8
15146.8
16250.9
15968.1
15677.3
15532
15472.9
15554.7
15706.2
15658.1
15495
15320.7
15271
14808
14255.4
14991
14899.9
15005
15520.2
14591.9
14385.4
15600.1
15071.5
15638.9
15141.8
14876.4
15264.7
14713.5
14748.4
14842.1
14578.8
14744.4
14544.8
14035.5
13757.9
13860.9
14069
13786.8
13655.2
14094
13893
14224.7
14506.8
14215.6
14355
14550
14861.7
14280.5
14056.7
14040.9
14090.7
14268.8
14457.4
14369.8
14167.5
14484.2
14085.2
13718.7
13892.9
14907.3
14510.4
14094.1
13820.2
13758.9
13921.4
13060
13657.4
13309.2
12270.4
13547.9
13572
14063.6
14295.8
14558
14067
14793.6
14975.2
15116.5
14520.5
15170.5
15746.6
15123.3
15010.4
14433.7
14486.3
14746.1
14688.4
14804.4
15488.8
15518.7
15424.8
16665.6
15733.5
15364.8
14865.7
14107.4
14465.4
14702.6
14535.1
14315.5
14749.5
15135.7
14673
14967.3
14434.8
14304.1
14310.2
14289.4
14469.9
14284
14555.6
14107.4
14855.1
14367.3
14244.5
14724.4
14274.9
13867.5
14496.5
14709.6
14805
14722.2
14903.9
14553.1
15114.3
15875.7
15462.2
15617.2
14607.8
14605.9
14939.3
15351.3
15624.6
15973.5
15871.2
15456
15839.8
15580.4
15428.4
15648.4
15989.3
16388.7
15863.8
16360
15981.7
15937.3
15138.7
15694.7
15929.2
15190
15110.2
14528.2
15264.1
15496.7
15954.5
15766.7
15645.6
15586.8
16027
16011.5
15618.4
15020.5
15243.5
15343.4
16146.6
16614.8
15380.8
15645.4
15630.1
15127.5
15394.6
15969.8
15670.8
15746.9
15987.3
15668.9
15606.5
15522.4
15629.8
15613.2
15876.2
15381.3
16026.6
15792.6
15768.2
15198.7
15144.4
15078.9
15354.1
14215.2
13966.8
13560.4
13666.3
13955.7
14616
13801.5
13589.2
13806.2
13796.9
13911.1
13663
12998.7
13046.3
13429
13512.4
13512.4
14246.6
14212.1
13158.6
13521.2
14158.3
14549
14652.2
14005.5
13515.4
13107.9
13055.1
13239.9
13553.4
13723.7
13644.6
13806.9
13856.2
14939.3
14713.2
14593.4
14989.6
14481.6
14555.6
14050.2
13486
13658.7
13913.8
13874.2
13863.4
13494.6
13479.5
13483.6
13300.9
13282.4
13523.6
13447.8
13532.5
13301.8
12687.2
12351.6
11837.1
11744.2
11600.1
12165.9
12412.6
12701.9
12797.1
12881.7
12632.9
12767.8
12578.2
12489.9
13497.9
12410.4
11651.1
11638.1
11947
12373.1
12901.4
12602.8
12400.4
12218.6
12028.1
12711.1
13087.3
13285.9
13840.5
12845.4
12643.3
12061.4
12730
12037
12647.5
12286.9
11903.9
11775.6
13205.3
13090
12592.7
12886.3
12606.7
12770.1
12602.7
13255.3
12921.8
13468.8
12904.4
14045.4
13974.7
13023
13402.4
12993.9
13255.1
13118.5
12939.9
13061.7
12703.9
12652.2
12810
12649
12619
13276.9
11928.3
11855
12422.9
12612.8
12153.5
12193.1
11758.4
11670.8
11720.9
11697.6
11763.1
11128.4
10993.2
11470.2
11559
12244.7
11623.4
11756.1
11816.4
12502.1
12966.7
12420.8
11849.5
13297.7
13139.9
12359.8
12840.1
12713.6
12610.8
13281.8
13281
13264.5
12849.1
12951.3
12774.2
12955.6
13218.8
12614
12971.2
12810.7
13338.9
12441.9
12757.2
12180
12368.8
12634.5
12347.1
11982.1
12918.7
12706
12378.5
11984.8
12107.4
11917.2
12118
12780.2
12073.7
12219.7
13179.4
13417.3
13014.8
12972.6
12731.4
13442.3
12169.8
12511.4
12569.9
13011.5
13737.7
13484.5
13641.5
13659.1
13976.9
13670.5
13139.8
13409.4
13531.4
13088.7
13340.5
13346.6
12550.9
12957
12847.4
12936.1
13384.6
12810.2
12970.2
13631.3
13686.9
13497.3
13639.4
13787.1
12318.5
12684.6
13150.4
14247.9
14349.2
14531.5
14941.1
14770.9
14557.2
14186.7
14740.6
14854.3
14296.4
14143.1
14056.5
14037.5
14056.5
13736.2
12880.4
12835.9
13396.5
14122.1
13593.1
13688.7
13511.8
13410.9
13248.5
13463.6
13465.6
13437
13763.9
13703
13771.5
13440.8
12744.6
12683.9
12757.9
13296.4
13759.7
13423.3
13783.2
12931.6
13475.1
12907.4
12414.7
12093.9
12000.8
11903.9
11703.5
12170.5
13017.8
12633.4
12947.7
13184.4
13586.9
13678.5
13401.2
13153.8
12605
12611.6
12446.9
13622.7
13502.4
12654.7
12314.7
12625.6
13012
12515.6
12458.2
12754.8
13005.7
13130.6
12754.7
12824.7
12823.7
12835.2
13076.4
13311.3
13150.8
13665.5
13188.9
13853.8
13421.9
13941.7
13128.6
13355.8
13522.9
13342.2
13392.5
13200.3
13725.9
14084.3
13898.1
13450.6
13158.2
13453.1
12365.6
12747.4
13102.4
12575
12719.7
13180.1
13205.6
13417.2
12583.5
12436.7
13019.8
12881.6
13058.3
13271.4
13076.9
12615.7
12782.3
13136.5
13142.7
13069
12542.3
12445.3
12913.2
13084.9
12720.3
13450.6
13244
13488.1
13104.3
13527.7
13428.3
13405.2
13572
13860.1
12073.6
11862.9
12176.9
12362.5
12330.6
12385.2
12737.7
12712.9
12875.8
12550.5
12768.8
12610.8
12754.8
11790.8
12114.4
12126.8
11924.8
12246.1
11565.3
11486
11912.6
11896.6
12471.3
12763.9
13166.4
12812.3
12735.4
13498.4
13610
14051
12525.2
11730.3
12521
12756.1
12295.1
12148.1
11837.7
12229.1
12384.6
12273.9
12503.6
12918.6
12455.7
12407.5
11960.7
12863.8
12730.6
12506.5
12718.6
12266.1
11558.3
11378.2
11968.7
11892.5
11695.5
11447.9
11073.3
11445.8
11520.5
11333.1
11473.9
12273
11917.3
11915.5
12659.4
12377.6
12164.8
12547
12119.3
12014.1
11490.3
11327.7
11671.3
12082
12437.7
12311.1
11852.5
11477.6
11612.9
11780.8
11668.4
11929.6
12087.4
12227.6
12145.4
11904.9
12126
11919.1
11913.8
12044.2
11995
11837.2
12105.7
11771.2
12489.2
12186.9
11911.5
11492.7
11623.4
11336.2
11412.7
11068.5
11459.6
11838.6
11909.4
11979.2
12105.7
12051.9
12119.7
12409.9
11681.7
11990.9
12000.4
11743.9
11910.7
11844.5
11574.5
12066
12225.9
12249.9
12782.9
12525.1
12418.6
12578.7
12755.2
12406.7
12878.3
12853.7
12902.3
13201
13052.6
13089.7
12650.4
11655
11646.3
12045.5
12666.2
12187.4
12077.8
12125.9
12157.4
12044.7
12411.7
11211.4
12099.3
11719.6
11724.8
11182.2
10993.9
10889.4
10741.4
10577.1
10971.1
11032.1
11473.9
11834.6
11710.8
12208.9
12074.6
11867.4
12236.6
11575.7
12036.1
12126.3
11898.9
11982.6
12114.6
12741
12640.6
12200.4
11717.4
11952.3
11122.5
11522.3
11234.4
11302.8
11625.2
11167
11464.3
10631.2
10726.9
10478.8
10154
9932.85
9928.19
10529.9
10317.7
10622.4
10580
10096.3
9930.46
10196.8
10440.6
10715.2
11090.1
10575
10510.3
10226.2
10108.7
10476.5
10178.4
10113.3
10604.3
10592.6
10351.3
9902.5
9731.86
10075.4
10558.1
9872.36
9963.76
10302.5
10477
10490.7
11074.9
10564.9
11137.2
10460.1
10479.6
10224.4
9834.48
10001.4
9739.58
10266.4
10730.2
11084.7
11150.3
10754.2
10739.9
10411.7
10095.4
10834.7
10601.6
10557.9
11059.7
10580.1
10894.2
11104
10632
10773
10927.9
10954.4
10527.4
10658.4
10231.3
10241.2
10583.7
10438.3
10109.8
9929.5
9663.38
9540.15
9134.16
9080.58
9204.27
9599.45
10349.7
10234.3
10417.6
10456.5
10504.4
10917.7
11009.8
11418.9
11371.8
12019.4
11435.9
10823.2
10244.4
10189.4
10674.6
10487.9
10065.4
10708.5
10550.3
9740.67
10085.9
9921.88
10161
10604.7
10268.2
10862.6
11154.5
10925.9
9689.77
9862.82
9817.45
9623.08
9346.76
9536.56
9525.2
9665.93
9037.9
9647.33
10024
10047.7
10065.9
10106.9
9943.62
9851.82
9953.48
10440.1
11023.4
10554
10138.6
10064.4
9508.17
9480.62
9873.06
9851.74
10199.9
10431.7
10018.5
10329.9
9994.37
9684.43
10150.8
9451.96
10100.3
10416.1
10815.6
10781.2
10889
10096.3
10148.1
9244.55
9008.13
9047.09
8743.94
8546.65
8301.02
8142.97
8509.53
8723.16
8342.61
8103.59
8224.75
8283.81
8651.51
8926.73
9144.53
9074.45
9282.75
9405.98
9340.68
9129.12
8503.7
8753.57
8452.69
9204.56
9071.37
8871.53
8815.01
8498.92
9147.86
9088.86
8475.66
8489.54
8624.32
8982.94
8669.01
8661.6
8906.73
9474.66
9594.46
9179.5
9120.87
9447.08
9028.14
8901.62
9113.2
8775.07
8484.66
8638.31
9169.85
8335.41
8163.82
8948.87
9076.58
9128.6
9061.49
9225.87
9417.96
8930.54
9309.97
9534.2
8972.52
8976.73
9055.78
9101.69
9000.27
9556.11
9473.31
8578.08
8776.5
7984.73
7929.77
8225.58
7869.06
8480.89
8064.26
7594.11
7709.84
7536.61
7677.84
7487.33
7428.98
7424.45
8241.86
8196.81
8133.18
8151.89
7824.92
7649.77
7790.29
8309.35
7803.64
7698.98
7865.48
7592.33
7937.96
7535.73
7389.72
7118.2
6883.75
7112.29
7819.6
7604.06
7082.66
6961.35
7470.54
7398.89
7647.61
7462.81
6924.41
6814.31
6912.98
6942.9
6362.39
6882.45
6619.15
6878.9
7261.41
7039.46
6935.03
6848.26
7358.92
6959.65
7079.66
6690.01
6407.13
6756.58
7343.52
7346.48
7302.39
7417.31
6991.46
6560.03
6504.94
7002.31
6321.9
6118.27
6499.06
6370.05
6425.57
6334.22
6367.91
6133.91
6437.38
7393.11
8186.73
8064.77
7596.18
7485.07
7051.19
7149.2
7072.11
7051.44
6927.21
6790.94
6484.8
6543.3
5962.8
5930.43
5923.92
6222.36
6221.14
5903.46
6214.42
5908.64
5512.99
5480.4
5402.13
5502.69
5440.6
5152.76
5140.58
5167.13
5511.26
5551.87
5655.85
5484.2
5983.44
5951.76
6207.53
5801.03
5685.35
5794.46
6190.93
6337.37
5871.64
6319.14
6368.36
5855.61
5727.36
5388.27
5328.75
5585.24
5572.53
6299.22
6294.6
6045.22
6047.84
6175.98
6084.2
6209.77
5742.87
5742.73
6058.31
5888.41
5843.52
5574.9
5718
5878.95
5684.59
5563.47
5885.37
5826.46
6127.53
6051.91
6324.73
5922.65
5907.14
5575.37
5908.16
5791.69
6214.66
6467.14
6019.66
5384.95
5542.28
5422.27
6161.31
6152.78
6210.83
6171.56
6038.8
6073.24
6208.08
6045.87
6466
6810.69
6474.78
6567.11
6542.52
6663.91
6377.28
6379.45
6137.8
6436.57
6483.8
6215.05
6180.07
5768.45
5329.16
5411.57
5669.54
5848.5
6265.05
6289.53
6707.66
6480.87
6456.37
6535.01
6702.41
6727.08
6783.95
6407.76
7124.77
6892.56
6703.75
7396.91
6975.6
7045.64
6251.32
6545.69
6358.57
6133.7
6315.32
6339.22
6127.38
6312.09
6087.82
6305.68
6402.45
6246.27
6416.49
6434.67
6331.41
7064.24
6830.63
6427.43
6402.95
6270.76
6029.91
6765
7042.05
7034.91
6753.4
5948.2
5895.45
5514.17
5313.79
5619.17
5654.15
5380.55
5580.07
5865.99
5675.19
5700.8
5616.38
5328.63
5132.28
5373.48
5438.06
5535.69
5474.55
5354.61
5434.31
5039.25
4659.54
4785.58
4838.99
5260.3
5192.69
4979.25
4888.76
4636.4
5065.62
5042.07
5737.79
5599.61
5131.09
4790.86
5011.57
5151.82
5214.37
5144.82
5252.83
5215.5
5589.9
5540.5
5801.04
6036.98
5332.95
5410.67
5462.25
5399.69
5731.27
5573.12
5778.59
5667.18
5369.52
5683.03
6101.63
5589.99
5796.09
5829.94
5311.86
5739.07
5875.01
5749.23
5845.09
5818.27
5899.75
5723.65
5698.93
5584.64
5369.68
5501.73
4855.56
4742.31
5429.4
5883.58
5695.75
5264.8
5137.28
4922.85
5059.73
5608.14
4811.26
4431.45
4471.9
4448.16
4351.59
4194.91
4404.47
4576.08
5080.31
4543.74
4603.41
5039.92
5275.69
4781.85
4545.34
4272.73
4181.74
4417.9
4922.08
4896.22
4832.88
5112.17
5109.5
5436.2
5281.66
5380.77
5230.76
5561.84
5630.5
5386.46
5161.43
5010.21
5369.51
5224.5
5257.02
4997.91
4963.59
5266.02
4663.74
4902.84
5381.43
5927.75
5285.87
5624.81
5332.5
5128.08
5092.78
4820.08
5137.7
4801.39
5613.56
6080.46
5780.08
5466.74
5609.65
5005.82
4698.95
4199.93
4110.86
4214.23
4298.7
4566.63
4807.69
4762.54
4390.52
4779.95
4443.27
4436.28
4384.57
4281.78
4152.61
4186.64
4220.42
4353.55
4269.4
4461.73
4539.76
3933.28
4082.56
4068.95
3942.59
4073.75
4018.59
3975.24
4134.98
4236.16
4298.14
4344.45
4161.74
4294.18
4230.15
3913.55
3929.56
4146.75
4157.63
4447.37
4503.73
4436.04
4601.65
4691.37
4643.92
4894.24
4937.77
4873.68
5044.04
5256.19
5056.53
5018.78
4998.32
5030.88
4853.69
4653.96
4547.81
4501.7
4309.66
4834.57
5008.04
4981.02
5065.52
4700.04
4454.14
4848.75
4919
4890.45
4454.8
4764.53
4583.81
4734.69
4721.19
4456.73
4288.66
4313.4
4297.02
4248.03
4431.76
4132.15
4061.81
3938.63
3958.48
4041.35
3873.32
4154.32
4052.54
3979.49
3870.32
3897.19
3856.38
3898.3
4016.1
4033.52
4015.08
4100.12
4129.31
4072.09
4402.29
4623.89
4357.51
4671.05
4494.76
4378.56
4465.22
4374.79
3966.37
4360.59
4353.59
4166.19
4043.98
4102.83
4228.69
4205.84
4046.86
4185.32
4748.41
5025.86
4748.69
4383.1
4015.5
3994.09
3928.12
3972.8
4046.27
4102.27
3978.6
4140
3933.57
3792.99
4177.15
4275.87
4211.84
4708.06
4427.97
4177.67
4506.03
4261.18
3834.39
3800.86
3792.99
4032.7
3695.89
3671.29
3823.34
3955.74
3684.34
3541.88
3804.69
4087.38
4484.18
4371.84
4231.64
3861.71
3993.96
3797.21
3780.19
3669.74
3826.5
3200.05
3479.22
3433.51
3403.11
3425.09
3317.78
3564.64
3400.46
3500.84
3480.06
3780.41
3670.68
3596.66
3817.86
3704.5
3340.8
3303.68
3580.8
3792.36
3955.96
3930.06
3758.08
3995.3
3788.39
3847.2
3730.35
3786
3591.7
3626.66
3779.47
3809.12
3980.8
3908.52
3622.4
3733.33
3916.04
4011.7
4139.9
4088.18
3995.24
3693.54
3665.49
3545.21
3700.02
3444.01
3404.04
3641.41
3562.63
3607.46
3681.03
3895.93
3979.11
3932.78
3956.63
3854.37
3789.56
3742.48
3772.03
4000.17
3848.01
3853.31
3849.4
4039.76
4101.12
4090.19
3932.94
3864.89
3616.44
3664.12
3790.68
3607.36
3507.35
3437.14
3428.36
3227.83
3328.12
3596.69
3608.99
3440.02
3444.78
3915.21
3648.7
3704.84
3584.19
3690.84
3316.38
3241.36
3191.34
3066.27
3077.39
2903.57
3101.25
2971.49
3045.87
3173.26
3135.16
3147.41
3130.76
2956.18
2937.25
2998.04
2892.59
2946.99
2948.25
2888.18
2752.5
3020.9
2998.64
3028.53
3000.88
3043.07
2655.63
2951.82
2894.92
2957.46
3223.55
3004.27
3200.58
2933.19
3266.87
3377.79
3391.22
3207.89
3294.05
3245.03
3188.1
3241.33
3031.04
3164.44
3234.39
3054.77
3317.82
3371.83
3378.55
3158.46
2981.32
3240.82
3032.05
2978.13
3074.9
3223.26
3302.84
3171.91
2993.24
3002.56
3070.26
3058.36
2837.98
2965.36
2862.66
2749.19
2697.36
2764.1
2884.3
2990.77
2825.58
3041.98
3056.46
3131.03
3107.31
3231.9
3067.02
3031.14
2819.28
2849.09
2777.89
3040.1
3052.6
2986.38
3065.87
3114.97
3024.75
3029.42
3007.47
3018.44
2927.83
3147.97
3010.71
2847.94
2625.7
2677.46
2779.78
2669.15
2705.49
2666.72
2663.47
2609.07
2624.28
2609.34
2759.36
2772.66
2917.75
2613.28
2746.23
2851.2
2923.58
2963.27
2786.9
2838.32
2521.91
2767.94
2532.23
2510.27
2513.03
2525.08
2507.66
2448.1
2669.57
2490.27
2534.17
2403.19
2447.01
2476.52
2387.49
2643.91
2616.81
2606.27
2619.59
2468.02
2438.06
2374.04
2437.15
2385.69
2391.51
2500.95
2528.46
2596.09
2459.31
2388.8
2485.26
2436.61
2466.13
2629.01
2566.62
2603.28
2740.59
2788.28
2778.64
2886.72
2948.94
2903.31
2942
2947.54
3010.32
2812.42
2858.4
2619.5
2699.4
2696.73
2701.31
2594.13
2889.91
2961.44
3121.1
2927.21
2963.91
2928.29
2754.61
2358.07
2448.99
2736.31
2532.39
2535.98
2740.11
2715.29
2791.28
2840.96
2674.4
2663.91
2658.03
2460.9
2577.53
2461.24
2600.26
2604.41
2844.83
2593.76
2625.95
2810.37
2736.57
2480.15
2581
2631.02
2549.8
2652.02
2586.92
2522.75
2554.81
2797.95
2635.89
2464.89
2608.36
2386.66
2490.05
2543.6
2586.48
2647.83
2399.07
2373.84
2541.39
2551.08
2713.26
2717.69
2654.46
2519.28
2375.07
2364.59
2402.58
2321.71
2468.8
2442.63
2535.26
2338.31
2315.19
2296.26
2202.67
2146.45
2296.15
2264.47
2271.92
2357.52
2415.15
2210.76
2216.67
2209.89
2261.21
2188.1
2085.49
1984.09
2279.06
2134.33
2190.15
2327.01
2441.79
2607.23
2641.39
2572.33
2602.12
2604.03
2389.64
2399.43
2525.53
2611.32
2681.17
2655.72
2625.57
2625.76
2487.68
2600.4
2549.95
2403.55
2533.55
2635.05
2586.07
2604.3
2473.12
2615.77
2559.23
2608.12
2645.22
2396.66
2450.34
2417.06
2538.72
2486.37
2390.97
2339.15
2478.72
2498.49
2530.74
2500.39
2384.48
2326.88
2320.13
2298.63
2351.25
2434.41
2497.51
2439.63
2291.02
2267.31
2221.75
2471.06
2324.3
2295.23
2383.49
2555.52
2537.6
2408.16
2433.97
2446.56
2315.34
2300.66
2164.02
2129.59
2390.45
2404.83
2570.19
2476.14
2276.12
2365.02
2379.98
2527.37
2408.35
2482.51
2518.67
2473.51
2415.31
2561.38
2537.76
2543.97
2604.34
2640.77
2617.44
2675.13
2422.57
2535.01
2492.61
2381.55
2325.33
2528.28
2443.09
2318.42
2402.76
2460.32
2602.73
2522.19
2327.18
2407.73
2416.21
2351.29
2449.33
2499.93
2719.06
2564.43
2559.96
2484.04
2422.79
2590.6
2468.7
2356.56
2412.07
2384.86
2405.2
2372.29
2319.82
2426.99
2348.8
2411.29
2477.16
2296.31
2308.15
2371.08
2361.19
2270.63
2067
1974.14
1998.45
2089.46
2326.27
2185.06
2208.87
2278.13
2214.36
2162.25
2197.3
2130.62
2074.75
2243.28
2117.76
2053.63
2018.78
1933.44
2107.03
2114.38
2104.7
2088.8
1965.89
2005.46
2021.12
2088.72
2185.61
2195.31
2168.89
2177.42
2241.45
2181.57
2190.66
2127.68
2174.39
2147.43
2151.91
2215.5
2243.99
2158.27
2151.02
2183.75
2116.07
2186.23
2176.93
2067.64
2075.32
2400.35
2393.23
2288.73
2337.91
2453.54
2407.21
2363.43
2283.89
2140.12
2153.95
2232.23
2143.46
2306.81
2148.6
2181.73
2217.88
2255.08
2217.25
2251.63
2264.07
2248.36
2355.48
2391.63
2358.54
2394.57
2228.21
2191.13
2195.8
2195.31
2203.83
2348.5
2237.3
2194.1
2259.57
2211.98
2116.44
2124.98
2126.18
2143.95
2145.75
2077.68
2005.34
2099.61
2167.53
2028.66
1930.76
2070.19
2184.65
2077.81
2016.74
1972.22
2134.37
2042.38
1880.34
1907.11
1948.73
2001.71
1957.27
1884.49
1829.15
1710.45
1785.36
1726.06
1779.75
1833.02
1828.34
1827.91
2007.71
2041.15
2052.97
1896.26
1952.43
1839.9
1843.28
1937.39
1798.57
1995.09
1911.06
1867.97
1858.67
1854.61
1864.63
1809.14
1803.68
1807.26
1845.7
1825.4
1856.2
1824.7
1784.67
1842.94
1844.17
1978.12
2035.13
2071.48
2021.42
1954.48
1882.78
1958.47
1851.06
1983.75
1822.29
1801.98
1749.48
1716.72
1686.83
1588.68
1618.48
1625.59
1694.28
1736.58
1732.04
1896.19
1932.23
1909.2
1971.9
1970.35
1887.84
1841.15
1896.37
1976.53
2093.09
1924.38
1996.66
2028.7
1959.66
1947.8
1966.26
1968.26
1942.21
1809.16
1925.17
1879.61
1836.27
1788.12
1790.34
1685.39
1680.72
1719.27
1657.85
1682.38
1739.4
1678.6
1694.11
1739.5
1831.89
1925.01
1941.05
1729.83
1709.59
1726.37
1714.19
1786.12
1784.21
1778.27
1824.75
1786.89
1714.71
1853.84
1832.59
1762.51
1762.54
1735.34
1748.34
1665.47
1702.32
1725.54
1719.73
1715.95
1678.41
1702.69
1707.79
1755.62
1738.24
1713.2
1756.83
1782.4
1880.75
1802.6
1848.27
1901.13
1881.07
1820.53
1909.17
1867.84
1900.61
1943.07
1795.87
1792.45
1842.21
1774.23
1881.75
1956.18
1940.14
1984.25
1892.08
1870.55
1850.88
1820.53
1688.21
1692.7
1773.03
1645.77
1638.62
1685.96
1713.46
1801.24
1689.6
1692.96
1620.78
1684.31
1678.96
1738.13
1759.03
1672.13
1697.36
1630.07
1538.54
1585
1639.38
1631.4
1655.97
1695.33
1639.23
1745.69
1789.67
1786.35
1684.07
1666.92
1685.07
1724.55
1598.79
1550.85
1525.78
1586.88
1497.21
1476.22
1460.19
1523.26
1557.56
1527.26
1487.44
1502.04
1593.79
1614.25
1665.8
1585.6
1569.83
1580.59
1592.01
1563.8
1618.69
1587.4
1604.16
1593.63
1572.1
1607.28
1669.79
1651.41
1595.11
1490.64
1435.51
1499.64
1483.21
1498.87
1536.09
1434.14
1479.58
1408.82
1510.38
1479.88
1509.73
1450.58
1438.45
1434.9
1444.5
1443.85
1447.92
1555.99
1543.49
1554.04
1540.43
1555.85
1505.96
1496.77
1555.67
1563.92
1493.48
1485.93
1485.88
1530.48
1520.82
1507.88
1531.26
1501.41
1523.45
1510.9
1500.19
1464.51
1461.28
1443.12
1527.08
1498.81
1489.43
1542.93
1558.36
1558.49
1454.1
1497.06
1502.47
1547.8
1505.13
1419.9
1410.35
1488.45
1463.44
1362.25
1392.46
1391.81
1473.96
1435.57
1380.96
1450.58
1475.64
1526.8
1484.95
1445.54
1484.04
1491.43
1436.53
1495.1
1459.9
1421.52
1383.29
1391.61
1439.23
1426.57
1380.56
1464.8
1468.34
1432.78
1437.2
1463.57
1450.34
1445.73
1447.96
1452.44
1408.01
1403.51
1418.09
1457.59
1432.95
1474.87
1541.06
1509.34
1466.56
1551.72
1626.42
1580.54
1553.37
1503.85
1488.13
1396.41
1463.07
1466.33
1445.84
1395.49
1399.74
1430.17
1429.78
1457.21
1479.64
1466.83
1529.52
1496.88
1526.41
1542.45
1477.41
1434.54
1480.41
1496.38
1375.36
1492.54
1451.79
1430.07
1364.01
1323.8
1361.58
1332.27
1387.74
1350.62
1392.24
1368.17
1369.14
1347.67
1316.42
1391.55
1446.57
1480.34
1479.12
1421.67
1369.25
1407.9
1504.72
1472.81
1467.81
1518.33
1523.89
1500.28
1430.77
1471.96
1445.84
1456.47
1494.98
1447.12
1464.01
1554.82
1590.46
1550.84
1545.1
1478.91
1485.27
1503.27
1523
1460.61
1460.34
1478.86
1407.25
1478.59
1497.96
1500.14
1468.88
1457.46
1439.09
1457.39
1415.72
1427.34
1400.86
1378.72
1402.58
1394.44
1513.52
1479.2
1481.37
1519.88
1524.58
1531.05
1542.85
1535.09
1540.48
1463.99
1539.99
1729.32
1671.91
1701.05
1594.27
1517.62
1506.17
1483.99
1460.96
1459.44
1463.55
1505.62
1404.88
1395.97
1363.59
1376.98
1379.11
1346.28
1365.02
1325.92
1306.97
1338.02
1328.63
1320.38
1342.19
1377.32
1336.7
1380.37
1369.58
1358.21
1329.77
1387.95
1426.51
1445.48
1444.8
1416.23
1480.16
1401.62
1366.76
1330.93
1318.68
1309.43
1388.96
1389.06
1390.96
1405.61
1472.47
1498
1520.93
1536.62
1537.62
1471.39
1436.61
1438.19
1418.39
1354.02
1379.26
1420.15
1422.55
1391.37
1364.64
1318.67
1322.06
1331.95
1336.34
1339.84
1345.63
1332.35
1315.47
1365.81
1405.98
1389.76
1356.74
1337.7
1372.15
1371.39
1377.24
1372.54
1350.66
1270.92
1274.86
1360.38
1301.47
1298.26
1330.6
1320.38
1387.3
1310.09
1261.08
1303.25
1315.89
1250.7
1274.24
1265.56
1336.97
1424.24
1384.68
1330.5
1335.16
1337.93
1352.36
1368.25
1273.09
1265.98
1254.39
1215.61
1221.7
1247.94
1230.59
1212.5
1237.5
1293.85
1263.97
1206.33
1210.59
1202.53
1234.3
1220.44
1222.89
1219.35
1222.98
1237.36
1253
1251.27
1295.04
1268.18
1278.06
1263.77
1258.72
1212.12
1225.93
1206.98
1258.29
1240.74
1254.7
1250.29
1222.56
1200.69
1190.01
1215.27
1224.77
1182.08
1208.99
1178.08
1189.86
1145.13
1199.92
1219.28
1206.41
1220.1
1187.52
1232.24
1232.9
1251.06
1314.93
1341.71
1349.02
1302.83
1273.39
1299.9
1230.64
1208.08
1226.14
1246.24
1222.87
1232.58
1220.46
1222.95
1190.79
1163.83
1196.15
1225.73
1225.92
1278.61
1322.56
1341.16
1335.65
1330.71
1269.85
1305.95
1210.34
1215.13
1208.3
1219.22
1231.36
1206.76
1158.29
1192.95
1147.09
1149.5
1168.54
1196.04
1213.85
1214.26
1223.1
1187.8
1211.36
1263.54
1293.49
1270.51
1272.06
1231.22
1173.31
1176.18
1217.61
1185.26
1213.52
1185.6
1180.53
1158.38
1164.09
1159.52
1166.21
1183.79
1168.65
1152.21
1169.98
1165.55
1123.65
1142.41
1125.54
1150
1131.72
1133.63
1122.87
1113.28
1132.97
1062.31
1078.16
1087.17
1082.34
1068.5
1099.57
1090.08
1110.99
1153.43
1168.92
1164.3
1148.86
1178.33
1205.31
1180.67
1173.18
1167.98
1166.82
1119.81
1108.32
1132.98
1123.94
1134.29
1162.36
1156.98
1158.01
1143.22
1185.7
1190.66
1162.67
1239.62
1223.21
1219.36
1229.38
1212.4
1254.88
1224.36
1210.7
1170.6
1154.58
1154.6
1157.43
1144.31
1144.03
1133.88
1146.27
1137.56
1136.3
1142.59
1112.92
1118.24
1109.77
1138.71
1145.25
1181.43
1171.75
1165.51
1171.52
1157.66
1157.6
1106.72
1095.97
1101.75
1111.93
1111.57
1108.49
1077.97
1133.17
1083.21
1064.26
1078.79
1094.49
1086.5
1071.6
1059.78
1081.94
1096.39
1095.51
1091.82
1100.13
1118.1
1101.3
1119.46
1108.35
1162.43
1116.61
1091.6
1102.76
1117.8
1161.5
1109.21
1123.99
1083.6
1039.26
1035.99
1086.04
1103.14
1140.33
1134.15
1137.93
1149.22
1134.94
1139.73
1135.87
1144.38
1142.17
1148.26
1125.71
1166.23
1171.59
1158.06
1169.51
1184.78
1167.95
1127.78
1111.49
1105.45
1133.92
1111.23
1109.51
1131.02
1108.51
1061.19
1079.08
1087.75
1082.99
1059.85
1082.25
1071.49
1096.41
1070.54
1120.84
1101.57
1119.21
1102.03
1095.59
1092.23
1071.56
1089.46
1061.46
1101.77
1104.02
1121.39
1120.5
1135.09
1099.6
1119.42
1140.22
1086.72
1069.9
1100.51
1090.18
1110.67
1147.69
1153.65
1141.81
1138.58
1138.12
1175.75
1148.07
1156.36
1159.32
1129.92
1092.86
1102.76
1130.12
1117
1100.16
1107.11
1084.27
1072.47
1093.02
1061.91
1077.66
1043.63
1022.63
1053.15
1082.16
1093.35
1079.24
1072.09
1060.87
1057.73
1051.6
1048.75
1054.04
1067.66
1060.77
1090.53
1113.25
1156.73
1163.38
1105.85
1072.93
1062.87
1084.42
1059.23
1053.09
1048.92
1062.93
1059.38
1013.16
1043.69
995.233
979.52
983.473
942.562
953.848
953.234
962.127
960.985
937.999
956.679
930.824
969.213
968.941
973.354
946.21
993.036
999.22
1034.94
1013.03
974.183
985.687
956.993
951.97
965.894
935.169
921.192
909.87
960.86
964.685
968.009
978.36
991.801
971.258
973.449
981.713
953.823
957.168
956.396
954.069
977.526
931.108
930.269
898.382
896.253
918.119
932.718
939.932
936.112
953.78
947.886
911.862
920.198
918.672
928.819
932.249
916.027
911.166
913.791
924.605
934.76
942.33
947.838
978.566
965.029
934.355
946.158
937.712
945.116
943.907
954.009
982.002
979.565
966.434
996.259
977.36
981.216
993.908
985.376
989.956
941.224
934.492
928.285
943.73
958.916
925.58
929.678
952.612
950.158
969.675
940.954
905.63
924.146
891.693
880.725
895.78
887.631
876.199
856.143
877.469
853.912
840.019
869.344
896.836
902.476
898.573
890.253
900.809
922.846
919.568
901.62
879.931
906.865
857.631
861.289
861.948
861.129
889.959
885.432
889.459
888.7
882.547
850.175
878.884
889.041
886.973
892.269
898.445
868.894
857.163
856.059
875.605
882.853
877.498
887.896
874.201
892.169
888.844
891.266
871.899
855.219
856.893
849.978
835.03
834.931
839.021
822.661
842.678
853.497
864.333
826.972
830.512
832.837
844.428
845.857
845.638
831.759
827.22
833.293
849.784
849.951
863.038
855.747
859.274
877.681
874
882.723
895.181
897.574
888.472
904.469
883.129
892.731
881.703
861.971
842.716
843.374
862.974
868.765
862.464
890.705
876.635
878.537
882.438
867.962
872.324
868.778
868.711
862.087
840.316
840.971
835.398
828.951
850.065
839.76
828.425
853.912
851.603
868.474
864.504
840.578
869.085
854.52
858.827
880.578
886.728
876.432
860.529
862.953
855.297
881.684
878.152
853.484
865.024
885.336
857.071
866.585
896.43
888.158
901.193
888.578
892.489
875.138
877.877
915.102
892.556
862.692
835.316
837.767
856.224
850.893
855.746
858.654
873.918
868.288
848.248
831.816
819.109
844.37
852.771
845.898
838.655
834.018
831.373
830.864
842.247
846.456
840.445
824.722
814.255
838.814
848.492
831.708
834.126
831.455
853.017
828.978
837.077
825.699
819.12
828.667
831.382
839.105
810.688
811.357
829.732
831.758
835.693
823.795
840.692
844.072
826.454
840.898
824.761
830.761
839.561
813.333
813.246
818.52
817.091
805.008
784.373
784.291
774.404
794.132
788.957
797.858
808.672
773.016
776.167
784.244
772.482
798.028
775.771
778.448
789.992
764.549
768.181
767.072
765.877
786.061
814.847
807.493
807.133
806.782
802.058
810.311
814.113
798.521
811.054
784.905
795.225
812.928
798.803
777.419
787.23
781.424
787.06
795.756
780.639
781.035
795.669
782.574
777.791
785.59
776.066
776.887
788.789
791.739
796.69
801.546
773.296
781.471
782.203
761.442
759.295
779.893
788.448
787.027
760.073
765.118
773.905
771.058
761.104
748.087
736.109
747.194
746.143
757.015
762.48
759.3
769.545
773.253
758.184
763.714
767.416
761.335
759.936
758.311
760.626
766.166
762.843
763.377
763.804
760.531
757.199
757.211
771.325
763.248
752.495
750.7
750.24
767.628
762.79
749.184
738.183
747.944
728.381
740.027
748.464
752.922
772.387
762.904
762.96
754.526
760.009
766.625
741.711
740.125
744.982
753.84
770.012
747.865
749.875
745.426
748.721
756.362
754.76
766.036
752.725
754.764
741.881
749.69
764.19
762.262
761.487
757.489
759.586
761.563
752.794
753.034
748.954
764.624
757.052
757.373
746.959
749.913
746.657
750.361
753.39
736.531
749.409
733.955
733.091
740.773
735.092
741.055
743.785
735.39
752.523
777.305
775.966
774.238
775.599
780.272
781.448
779.858
782.262
766.694
782.515
766.604
768.501
764.499
771.923
769.428
760.164
759.418
752.727
752.284
750.19
745.909
737.98
725.797
740.302
721.9
730.9
720.834
736.79
733.951
730.723
727.316
728.753
726.794
729.973
733.918
731.649
725.269
718.273
728.905
743.954
744.76
726.463
733.159
727.648
707.467
709.112
699.978
717.035
714.614
723.466
730.016
723.12
712.572
708.92
715.574
708.227
708.256
728.612
730.448
724.774
721.479
719.6
723.814
715.756
713.777
715.749
725.112
719.463
722.242
709.556
719.027
714.422
705.498
710.057
715.789
720.496
731.447
738.282
725.764
730.897
750.735
749.031
744.935
753.443
753.637
738.907
740.165
737.951
738.525
741.361
727.134
720.708
713.277
710.8
720.236
738.269
736.736
752.074
763.955
744.436
733.261
741.721
731.191
735.714
740.973
727.106
727.23
725.956
726.338
719.959
702.54
702.67
698.684
706.213
706.482
700.481
698.889
702.146
697.101
701.763
697.625
696.796
690.981
685.694
682.639
679.669
677.439
689.043
697.606
703.874
715.424
707.75
701.254
684.501
696.271
689.105
680.752
686.709
681.159
683.177
689.537
689.529
673.894
676.094
677.617
677.086
677.849
680.508
690.337
697.058
706.971
707.568
705.686
698.036
694.405
697.566
695.969
685.308
691.934
695.985
693.402
692.241
701.571
704.733
709.667
721.222
712.664
712.806
704.873
711.826
709.867
708.325
707.306
704.141
707.479
699.5
699.979
699.46
697.38
689.557
690.119
684.956
688.308
678.041
683.485
684.901
691.055
686.068
686.786
692.665
697.736
702.854
700.924
708.727
718.655
715.909
706.086
715.386
728.052
717.847
716.267
707.755
709.341
715.404
703.49
708.703
703.24
710.484
705.352
709.35
708.728
713.225
722.97
716.713
722.436
730.907
724.435
706.185
699.417
697.192
702.952
699.675
702.868
705.333
692.674
694.866
706.634
709.109
720.919
711.897
709.151
708.3
721.35
715.469
702.904
708.866
693.391
694.102
693.516
691.634
691.703
697.337
701.652
698.755
699.186
700.578
704.281
702.643
714.57
699.955
693.501
691.302
698.403
705.781
707.507
714.937
711.586
711.171
704.071
698.44
697.72
685.976
691.439
702.015
690.429
693.982
686.118
689.936
681.514
682.675
682.409
688.727
688.393
682.724
675.034
679.636
687.457
674.747
669.436
670.793
672.063
674.007
669.454
664.737
659.594
662.619
675.315
675.896
677.521
680.393
667.346
664.945
670.795
667.808
669.975
664.77
663.623
667.9
666.358
666.132
674.556
672.932
663.328
662.817
660.973
663.232
663.081
664.421
661.309
666.933
663.919
667.784
663.572
663.461
666.246
662.91
671.582
670.131
660.799
659.98
660.776
666.125
669.484
669.923
654.07
656.806
658.265
661.706
664.945
660.607
670.401
670.278
671.946
657.572
655.743
659.627
656.273
651.555
651.772
650.789
649.851
648.541
648.622
654.659
649.754
648.609
648.882
655.199
643.358
637.576
641.455
641.474
641.372
645.385
643.519
646.914
644.275
650.495
644.875
649.445
650.39
657.978
646.841
643.087
634.121
637.789
634.963
641.462
645.61
636.417
631.109
627.447
628.664
630.327
630.154
633.953
634.836
631.151
635.298
642.374
634.631
632.401
640.82
630.038
638.274
639.572
629.767
633.934
626.901
629.4
627.292
632.097
627.417
626.058
629.497
632.393
630.351
637.976
629.811
632.142
628.999
630.477
639.141
625.411
617.443
617.525
626.464
630.372
632.747
628.848
628.188
625.404
628.5
617.283
620.364
614.024
618.213
624.794
627.146
618.457
612.187
619.877
629.66
633.447
628.65
628.052
629.432
626.648
625.965
625.448
629.143
624.966
625.072
625.225
628.586
629.654
621.267
615.696
610.407
614.022
613.502
617.026
616.679
622.226
625.713
620.896
616.806
621.967
617.653
614.34
616.82
622.523
621.27
623.894
625.069
619.249
618.513
617.1
613.172
613.89
622.696
617.933
614.103
610.45
618.273
618.616
615.184
614.762
614.292
613.819
614.388
609.219
614.537
618.809
618.897
620.502
623.793
623.666
631.195
621.231
617.215
611.151
610.389
612.167
613.441
617.568
616.305
621.313
615.732
610.575
607.608
609.813
611.641
612.302
608.709
601.072
596.869
601.771
601.105
605.983
605.531
602.214
601.197
597.451
607.701
605.56
608.95
608.453
616.844
614.084
611.076
613.477
615.03
615.788
611.738
611.633
614.658
613.124
612.528
615.144
618.939
621.747
624.181
617.219
611.903
608.037
612.602
613.617
610.804
608.185
614.339
608.275
604.557
601.919
604.438
609.803
609.239
614.507
605.241
610.139
614.396
612.073
609.889
613.959
615.096
609.127
604.956
600.468
602.722
607.419
607.598
606.938
600.277
604.457
604.692
609.875
607.197
605.507
601.237
605.042
605.494
607.335
606.595
604.097
605.242
603.784
603.052
602.431
611.276
611.804
608.214
607.693
606.118
602.953
603.55
605.053
605.754
609.858
611.033
606.005
608.201
614.581
609.678
610.373
611.288
610.056
604.091
605.376
602.422
598.336
595.82
596.027
596.402
601.89
600.616
598.625
598.45
595.417
595.419
599.103
597.923
593.863
594.065
590.983
595.065
592.641
596.07
598.414
598.942
602.149
599.857
601.75
598.491
599.244
598.804
598.128
596.039
593.325
595.302
600.42
595.694
594.362
591.786
596.698
592.428
590.956
591.608
591.649
588.091
589.967
587.348
589.876
589.102
590.681
587.862
589.982
589.134
590.901
584.856
584.447
580.004
585.264
582.469
580.351
582.482
579.932
581.055
587.133
582.463
577.346
576.522
579.126
578.29
582.725
578.273
575.251
573.497
575.926
577.207
577.079
579.568
580.668
580.736
579.359
581.265
576.897
579.312
574.643
572.96
571.294
572.197
573.692
573.255
574.379
579.636
578.054
579.292
571.844
582.111
578.544
577.07
577.179
575.394
571.144
570.555
567.39
568.776
569.798
569.907
569.376
567.06
565.312
567.591
565.496
564.987
566.059
571.236
569.959
565.69
570.734
572.931
571.748
570.77
572.31
570.18
572.921
574.856
572.598
573.187
575.513
575.747
574.527
579.563
580.297
575.408
573.008
572.846
573.849
571.049
568.325
567.555
568.459
573.516
575.497
570.818
567.135
564.213
566.561
571.248
570.692
574.952
576.189
576.482
576.256
577.911
578.285
578.671
580.294
577.033
578.879
579.88
576.481
573.785
572.285
570.935
568.615
561.53
563.467
561.552
561.06
561.801
561.889
564.057
564.629
565.889
568.221
565.763
568.505
572.056
572.025
571.111
568.694
567.282
570.855
569.736
566.799
567.57
567.086
562.392
561.983
563.476
562.106
559.502
558.616
557.404
558.428
558.036
559.22
560.349
557.656
559.986
562.095
561.499
568.297
564.725
565.773
565.905
568.675
562.462
562.962
563.999
562.935
565.819
566.029
563.857
562.86
563.648
561.522
562.264
563.452
563.638
561.318
560.366
558.515
557.803
557.919
560.722
563.417
565.605
564.203
565.35
563.145
563.562
560.864
560.76
561.732
557.83
557.673
555.577
554.8
554.58
556.225
555.22
555.537
557.429
558.179
555.979
556.269
554.668
554.956
554.944
557.402
553.497
553.526
553.345
552.137
558.66
556.879
555.337
552.301
550.416
552.648
554.574
555.011
553.348
550.912
552.141
553.731
554.515
554.591
553.003
554.203
556.8
550.892
551.646
550.061
548.584
547.723
549.998
553.326
550.904
549.718
547.838
551.715
550.048
549.017
548.939
549.331
547.094
544.785
545.749
546.877
546.01
549.311
549.828
551.534
551.1
546.327
546.776
545.876
545.331
547.319
549.893
547.396
548.075
551.883
549.879
548.261
547.475
548.583
546.727
545.645
544.238
542.831
542.411
540.331
540.798
539.53
541.787
538.432
537.592
537.733
538.146
535.21
536.566
535.676
537.922
540.286
537.074
535.98
533.015
533.714
533.437
532.472
535.821
538.884
538.835
536.821
532.489
533.521
534.863
535.967
534.436
534.319
530.442
529.901
532.616
532.184
536.037
533.94
533.525
533.371
534.497
533.441
535.231
534.941
535.779
537.492
539.347
539.24
536.652
535.962
533.197
531.576
531.828
529.678
532.951
530.31
529.993
532.969
529.88
530.355
532.477
532.002
531.864
531.185
529.809
530.992
532.938
535.637
538.325
538.738
538.622
539.287
542.789
540.959
540.033
538.222
536.788
535.103
537.089
536.833
537.089
534.853
535.095
531.299
533.755
532.982
531.373
530.5
529.495
530.586
531.158
530.149
532.401
531.081
530.418
531.136
529.315
527.547
527.724
527.536
526.525
528.715
529.804
524.704
524.382
525.539
525.886
530.074
525.816
528.414
528.417
525.425
524.823
527.466
528.869
528.299
530.444
528.376
526.544
523.777
523.515
522.761
520.823
521.25
524.159
524.691
524.137
521.501
520.144
521.214
521.076
522.165
523.611
525.671
526.384
525.33
525.631
524.976
523.837
522.412
521.772
523.274
521.428
521.955
523.402
521.482
520.843
522.132
520.153
521.138
519.177
518.717
518.499
518.715
519.361
519.877
522.062
519.348
518.631
517.045
516.748
516.154
516.62
514.387
515.29
513.777
516.982
516.726
516.633
517.739
519.167
519.831
517.525
519.987
517.306
517.15
516.071
515.357
514.129
515.846
516.158
515.764
516.368
516.236
517.757
516.661
518.051
517.688
519.54
520.669
519.044
519.272
516.393
514.598
515.02
516.062
515.65
516.108
514.52
514.902
516.836
515.885
517.899
519.913
518.899
517.018
515.28
515.359
517.448
516.395
515.492
516.212
515.356
515.431
515.03
513.438
513.377
513.135
511.735
513.083
511.834
511.122
512.425
513.029
514.885
514.559
514.475
513.482
514.121
513.611
512.608
512.617
511.784
512.33
513.847
514.612
515.032
513.801
513.854
513.086
512.475
511.795
512.337
511.105
510.286
509.487
511.026
511.417
513.358
511.367
511.485
511.233
508.265
506.788
507.19
507.514
507.656
506.665
506.358
508.568
507.484
507.139
507.463
505.845
506.604
506.741
507.111
507.088
507.408
506.968
507.256
505.684
507.592
508.743
508.372
508.538
508.683
509.695
507.48
507.697
507.872
505.739
503.873
504.373
502.751
504.848
503.936
503.391
503.697
503.725
502.139
502.365
502.688
502.936
501.064
500.326
500.038
499.218
499.544
498.881
499.305
500.187
499.905
500.017
499.143
499.209
500.427
499.001
499.465
501.029
502.303
501.576
501.026
502.269
501.347
502.249
503.902
504.793
504.309
504.071
505.681
501.927
500.055
500.293
499.837
501.084
501.854
502.386
502.187
503.367
501.65
501.565
500.692
500.708
501.341
500.527
499.132
499.78
500.709
502.706
503.416
500.925
499.428
497.994
499.01
499.57
498.59
499.298
499.123
499.163
497.709
497.334
498.41
498.314
498.455
499.91
501.607
500.743
499.266
501.797
500.665
499.457
499.041
497.852
498.702
498.366
498.92
498.994
498.593
498.409
499.094
498.153
497.473
496.135
494.385
494.364
496.323
496.193
495.564
494.189
494.305
493.383
493.317
490.967
491.039
489.894
490.675
491.345
489.804
490.233
490.778
490.335
491.057
490.33
490.875
489.829
490.587
491.91
491.721
490.347
490.877
491.372
491.467
491.121
489.989
491.619
491.624
489.642
489.697
490.525
491.635
491.241
490.674
491.771
491.508
490.288
489.226
487.982
488.677
489.18
488.614
488.154
488.193
488.02
488.459
488.72
488.481
487.645
488.566
488.791
490.7
489.563
489.534
488.195
487.632
488.197
486.537
486.423
486.348
486.35
486.461
485.58
484.973
483.721
482.908
483.967
483.853
484.336
484.693
484.498
485.25
484.163
483.993
483.388
483.668
485.024
484.489
483.905
484.372
484.462
484.126
483.745
485.546
486.479
485.367
485.399
485.552
487.084
485.684
485.244
484.876
483.934
484.29
484.034
483.874
483.669
482.88
482.11
483.204
483.04
483.199
482.225
483.167
483.216
482.451
482.174
483.838
482.754
482.678
481.47
481.609
481.838
481.75
483.188
483.841
483.429
482.04
482.968
482.497
481.489
481.497
481.279
481.391
480.933
481.17
481.924
482
480.782
481.434
480.771
480.03
480.17
480.148
479.935
480.134
482.183
483.335
483.442
483.637
483.706
483.022
483.02
482.379
482.182
481.502
480.859
481.136
480.218
479.604
480.017
478.679
478.477
478.202
478.109
478.684
478.158
477.856
478.336
477.943
477.974
478.32
478.534
478.486
478.676
477.605
477.17
477.528
477.361
478.014
480.041
479.97
479.785
480.166
480.188
479.946
478.385
478.184
477.654
477.935
477.897
478.05
477.545
477.787
477.574
478.444
477.569
477.299
478.166
478.09
477.891
477.713
477.958
477.206
476.602
476.206
476.584
476.073
476.117
476.819
476.099
