Mut_X Mut_Y Mut_Size Mut_Rot Mut_R Mut_G Mut_B Mut_Type Time_Sec
63977 66312 79319 67075 82120 82430 81600 64426 1993.71
0 0 0 0 0 0 0 0 1993.71
--- Historial MSE por cambio de temperatura ---
16165.1
15828.7
15909.7
16139.5
15932.5
15548.2
15695.2
15844.7
15464.5
15463.1
15781
15818.8
15825.2
15736.5
15645
15906.7
15680.6
15974.1
15984.3
15952.9
15913.1
15540.6
15697.5
16583
16719.1
16452.5
16358.4
16534.6
16664.2
16656.7
16905.1
16809.1
16574.7
16265.9
16073.8
16155.8
16247.7
16524.9
16220.9
16641.1
16555.2
16277.7
16149
16260.1
16102.9
15609.9
16231.2
16350.4
16407
16167.1
15992.1
16063.1
15957
15822.6
16038.2
16186
16283.4
16301.1
16553.4
16378
16405.3
16520.7
16223.3
16404.5
16388.2
16637.7
16377.3
16277.1
16530.6
16962
16882.5
16801.9
16854.3
16515
16228.4
16629.1
16797.8
16758.9
16784.6
16719
16780.4
16222.4
16487.5
15704.3
15642.5
15848.6
15943.1
15925.8
16233.7
16154.1
16483.7
16164.5
16376.3
16495.8
16564.3
15966.8
15968.8
16347.5
16377.2
16129.9
16421.2
16241.3
16428.3
16230.7
16390
16415.2
16368
16098.7
16089
15775.6
15936.8
15850
16195.7
16056.6
16066.1
15765
15981
15925
15908.7
16249
15873
16310.5
16339.7
16186.4
16161.7
15718.9
15397
15696.5
15700.2
15879.8
15562.4
15494.3
15245.2
15546.8
15780.6
15761
15414.4
15763
15609
15670.3
15525.2
15434.3
15686.5
15789.8
15480.6
15448.3
16033.3
16085.8
16199.7
15991
15841.2
15861.5
15920.2
15847.9
16191.1
15853.9
15746.8
15798.1
16024
15682.8
15428.2
15280.2
15288.1
15200.6
15942
15652.6
15657.9
15516.2
15966.9
16073.8
16209.2
15637.8
16154.1
16081.1
15627.5
15576.1
15090
15367.9
15604.2
15952.1
15368.7
15142.4
15626.7
15798.7
15736.3
16010.6
15402.5
15766.9
15759.5
15764.4
15647.3
15696.2
15738.1
15456.6
16055.4
15921.8
16045.2
16335.2
16063.7
15672.3
15639.7
15547.8
15517.4
15401.2
15272.3
15712.7
15687.9
15727.1
15661.8
15552.5
15921
15848.6
15341.4
15046.2
15091
15347.5
15405.6
15191.2
14693.6
15109
14767.9
15340.3
15531.4
15281.8
15406.9
15459.5
15547.3
15407.6
15382.5
15116.5
14810.6
14832.1
14790.1
14825.4
14701.6
14397.1
14308.7
14418.9
14177.1
14245.5
14108.3
14368.4
14339.2
14553.1
14473.6
14716.7
15003.8
15105.3
15208.1
15156.5
15677.1
15537.9
15805.3
15617.3
15549.7
15175.9
15534.4
15265.4
15569.8
15557.9
15168.9
14850.5
15444.1
15467.9
15442.6
15358.7
15806.3
15464.9
15479.2
15435.1
15775.8
15951.4
15935.2
16028.2
15706.4
15721.4
15392.7
15380.9
15264.1
15219.3
15228.1
15226
15444.1
15384.2
15495.1
15431.9
15499.5
15190.3
15135.4
14803.3
14619.5
15021.9
15072.8
15307.5
15342.8
14689.4
15130.1
15475.7
15134.7
15599.8
15542.7
15518.5
15307.4
15541.9
15265.3
15615.9
15202.8
14799.2
14838.6
15031.8
14918.9
14818
14867.3
14803.5
15097
15286.2
15640.3
15267.6
14817.4
14995.6
15292.6
15509.9
15380.6
15342.5
15367.5
15071.2
15054.5
15305.2
14916.2
15301.3
14808.9
14915.4
15416.3
15526
15280.9
15370.4
14898.9
14998.1
14775
14557.4
14722
15216.6
14955.5
15316.7
15282.4
15259.7
15086
15369.6
15072.6
14852
14958
15045.7
15086.4
14930.3
15155.4
15273.5
15096.3
15101
15492.2
15115.9
14650.1
14997.9
14716.4
14952.8
14895.5
14797.2
15209.6
15175.3
14982.3
15202.1
15644.4
15645.6
15673.4
15355.3
15244.9
15228.1
15090.7
15183
15086.9
15554.1
15659.1
15643.7
15631.4
15705.9
16100.7
15797.9
15443
15235.2
15302
14934.6
15426.9
15647.9
15372
15691.9
15642.9
15336.8
15686.8
15680.8
15392.5
15621.5
15643.3
15387.5
15264.3
15251.6
15478.8
15706.9
15883
15817.1
15705.4
15513.1
15560.4
15663.7
15474
15742.4
15581.7
15697.5
15456
15725.9
15919.5
15682.4
15179.8
15331.5
15068.8
15455.8
14686.3
15332.8
14813.5
15093.4
14842.9
14709.5
14660.3
14754
15073.6
14861.9
14372.6
14264.3
14384
14708.9
14219.8
14530.5
14577.2
14103
14556.8
14501
14220.2
14000.7
14208.6
14460.3
14289.9
14014.2
14287.9
14577
14906.9
15392
14807.3
14842.9
14800.6
15193.7
14434
14899.2
15143
14821.3
14726.7
14639.2
15179.8
15071.3
15351.6
15306.8
15419.9
15270
15430.5
15426.4
15564.1
15646.7
15536.1
14856.1
14597.8
14710.1
14044.5
14267.4
14733.4
15110.7
14764.9
15004.2
15039.8
14235.2
14234.9
14818.7
14912.9
14793.6
14976.1
14910.8
14711.2
14308.6
13994.3
14182
14077.8
14209
14167.9
14125.1
14037.7
14192.6
13919.4
14284.2
14429.8
14698.3
14302
13858.6
14159.6
14418.7
14525.9
14426.2
14080
13607.2
14238.6
13997.9
14142.6
14059.7
14149.6
14028.9
13798.5
14297.8
14680
13917.1
14000.6
14104.5
14115.6
14062.4
13715.6
14010.7
14863.6
14169
14238.1
14962
14790
14460.4
14506.4
14338
14210.6
14363.1
14070.4
14129.4
14109.8
14441
14347.6
14235.7
14342.6
13742.1
13776
14258.4
14053.5
14339.5
14328.6
13903.4
14304.4
14362.3
14429
14227
13904
13944
14183
14253.6
14121.8
14055.5
13873
13632.9
13894.7
14229.6
14291.8
14521.1
14367.5
13917.7
13952.7
14473.7
14628.5
14730.6
14758.4
14923.3
14740.5
14378.2
14573.8
14934.3
14798
14928
15331.5
15464
15294.7
15286.5
14543.4
14265.9
14364.8
14158.2
14050.1
13839.7
14212.4
13752.8
13762.2
13940.6
14132.2
14290.8
14004.8
14085.4
14239
13556.6
13990.2
13967.3
13839.9
13367.2
14459.3
14260.7
14321.7
14317.2
13959.8
14311
13803
13598.1
13697.4
13748.9
13791.1
14095.3
13788
13872.2
13972.7
13807.7
14011.5
13607.1
14053.2
14118.4
14281
14060.5
13957.2
12963.4
13244.4
13262
13713
14186.5
14294
14074.4
13589.6
13317.5
13619.8
13462.1
13611
13483.2
13693.4
13749.2
13697.6
14012.1
14153.7
14226.8
14054.7
13759.4
13759.6
13645.6
13542.5
13621.2
13948.8
13994.5
13788.6
13668.5
13882.6
13748.6
14182.4
14101
14223.9
14154.5
14326.3
14380.4
14405.6
14350
14371
14068.6
14326.9
14156.1
14440.1
14542
14424.2
14021.2
13829.5
13389.3
13627.5
13641.3
13893.2
14035.1
13740.4
13582.7
14024.6
13815.7
13749
13491
13259.8
13624.2
14106
14759.3
14441.4
14044.2
13939
13587.3
14078.2
13780.3
13685
13791.8
13600.3
14147.6
13501.7
13764.8
13685.3
13346.4
13628.1
13912.4
14277.5
14070.9
14212.4
14501.1
14136.5
14045.5
14530.9
14634.4
14876.1
14600.1
14302.1
14270.6
14078.3
14450.6
14214.8
13806.3
14011.2
13895.5
13687.7
13451.8
13716.8
13515.5
13304.2
13440.9
13349.9
12728.3
12785.9
13675.3
13430.6
13033.1
12606.7
12538
12132.4
12281
12495
12159.3
12846.3
13201.3
12800.3
12873.5
12668.9
12532.8
12498.1
12391.6
12418.2
12616.4
12526.3
12537.4
12516.7
12357.7
12186.4
12081.6
12369.4
12423.2
11962.9
12354.2
11885.4
12363.4
12618.3
12528.1
13044.5
12973.3
12747.9
13112.3
12764
12665.5
12543.7
12751.1
12789.2
12838.5
12689.1
12995.6
12805.2
12616.4
12552.3
12573.4
12316
12570
12682
12946.8
12922.6
12761
12094.6
11830.2
11879.4
12154.3
12385.9
12603.2
12291.1
12319
12138.6
12531.3
13029.8
13171.3
13055.6
13404.3
13159
13229.9
12889.3
12519.4
12188.1
12396
12224.8
12189.7
12141.1
11777.8
11680.6
11584.5
11514.7
11418.7
12153
12005.4
11426
11666.5
12101.5
11428.2
11216.1
11423.3
11650.2
11712.1
12333.4
12302
12038.3
12476.2
11640.3
11325.8
11246.5
11235.5
11096.3
11063.5
11644.3
11699.1
11605.3
11392.8
11254.8
11501.9
11481.1
11394.3
11501
11498.3
11950.7
11494.9
11650.6
11827.4
11505
11227.3
11071.7
11267.8
11050.4
11474.5
11466.6
11647.7
11135.3
11079
11092.8
11112.2
10601
11154.3
11218.2
11041.6
11157.7
10629.7
10079.3
9929.48
10524.4
10833.1
10301.6
10240.5
10416.6
10583.9
11020.5
11795.3
11190.4
11213.8
11119.4
11550.1
11326.3
11150.6
10996.3
11000
10348.8
10934.7
11059.8
10887.6
10601.7
10217.9
10089.3
10661.6
10333.2
10589.1
10704.9
10570.6
10050.3
10037.1
9981.89
10014.3
10403
10593.3
10420.2
10330.7
10433.7
10444.3
10039.4
10085.4
10505
10135.2
10828.5
10261.4
10069.5
10434.5
10820
10938.1
10946.7
10249.5
10100.9
10213.5
10539.6
10411.6
10594
10559.5
10939.4
11038.5
11101.1
11135.5
11199.2
10436.9
10113.7
10679.3
11218.9
10862.8
11233.3
10533.6
10571.7
10486.5
10498.5
10518.3
10281.6
10475.2
10902.1
10405.4
9982.01
10238.3
10803.8
10975.6
10773.1
10326.7
11372.2
11076.3
11147
11472.9
11408
11558.2
11470.2
11858.7
12240.1
11668.2
11222.7
11054.8
10794.9
10136.1
10370.9
10502.8
10383.7
10182.9
10184.9
10297.7
9823.15
10140.1
10788.8
11300.8
11079.4
10797.8
10516.9
9960.71
9908.38
10341.7
10216.8
10416.5
10721
11129.5
10897.4
10580.7
10627
10316
10083.4
9694.27
10056
10156.3
9997.92
10201.1
10173.2
10430.4
10518.7
10228.3
10295
9954.09
9973.05
10169.9
10335.7
9897.94
9859.26
9688.73
9361.43
9718.7
9457.93
9782.29
9267.76
10087
10216.9
10585.9
10374
10233
9986.86
9572.24
9315.53
9173.48
9630.02
9813.49
9883.22
9996.46
9910.76
9812.34
9695.04
9574.1
9748.4
9798.58
9970.73
9595.96
9601.52
9705.64
9940.11
10284.2
10549.9
10627.5
10110.5
9255.81
9584.84
9865.95
9305.84
9625.25
9558.19
9780.27
9117.73
9124.38
9290.86
9147.87
9475.23
8979.62
9262.42
9045.56
9149.2
8712.37
8945.91
9072.58
9188.77
9700.69
9029.4
9064.29
9071.87
9241.91
9111.19
8582.04
8611.77
8878.27
9075.48
8829.94
8504.55
8733.98
8805.84
8730.35
8716.72
9100.95
9197.96
9140.62
9169.19
9434.23
9020.41
9600.08
9785.36
9531.53
9292.55
8739.24
8980.1
9100.47
8813.75
8721.56
8605.31
9079.64
8937
8901.71
9039.96
9122.34
9001.42
8895.77
9201.5
9297.73
9149.98
8991.75
9153.92
9084.33
9401.82
9200.36
9193.51
9258.81
9279.45
8724.1
8784.38
8609.68
8812.39
8654.62
8602
8458.6
8339.7
8582.5
8406.67
8287.47
8498.91
8618.41
8348.1
8045.75
8273.33
8204.6
8594.43
8533.04
8492.01
8631.19
8871.78
8581.6
8503.42
8262.46
8236.16
8253.86
8391.57
8691.28
8699.86
8086.3
8241.57
8197.26
8344.71
8140.56
7920.71
8261.62
8046.39
8147.54
8126.48
8255.23
8263.85
8777.4
8702.1
8571.24
8379.56
8127.2
8150.67
8586.57
8541.81
8686.84
8548.29
8288.86
8434.61
8522.04
8328.78
8193.54
8011.74
8115
8052.86
7978.39
7859.37
7965.47
7800.12
7945.28
7891.78
7778.62
7763.7
7967.92
8211.02
7851.65
8045.65
8016.05
8034.15
7907.44
7739.02
7969.15
7726.27
7814.39
7831.01
7757.49
7498.13
8050.43
8210.03
8099.72
8167.87
7985.46
7951.76
7749.84
7620.92
7523.49
7720.76
7857.96
7619.62
8110.14
8294.67
8088.86
8145.17
7703.09
7671.22
7715.88
7386.92
7225.41
7026.03
7117.19
7144.9
7209.47
7353.65
7356.68
7368.47
7354.65
7289.5
7465.4
7108.2
7090.76
7071.13
7225.46
6931.26
6770.29
7235.63
6941.01
7059.71
6814.56
7052.19
7073.01
6989.58
6769.04
6923.12
6844.57
6800.26
7066.09
7116.99
7285.66
7470.24
7464.77
7486.39
7433.5
7506.19
7190.62
7284.12
7041.98
6935.91
6988.38
6885.15
6644.37
6408.8
6445.38
6514.86
6528.23
6597.23
6485.5
6647.74
6723.78
6689.34
6577.7
6874.32
7019.01
6868.85
6509.25
6415.8
6637.86
6644.7
6428.7
6359.7
6228.24
6141.59
6124.22
5920.23
6188.53
6006.9
6025.47
6430.48
6319.79
6457.78
6476.35
6529.85
6313.69
6288.75
6217.14
5920.36
6172.81
6164.22
6030.3
6192.58
6147.26
6046.35
5873.18
5880.02
5982.53
6030.87
6216.85
6217.97
5952.58
6030.59
5988.73
6037.29
6056.36
5995.51
6052.82
6412.99
6343.04
6150.05
6105.16
6144.95
6628.5
6625.41
6638.83
6348.51
6345.9
6355.12
6147.96
6503.36
6331.73
6257.21
6310.05
6108.76
6029.55
6067.12
6209.99
5948.33
6038.54
6132.29
5987.64
5877.61
5838.31
6040.36
6244.78
6476.36
6487.48
6391.21
6039.95
5732.07
5647.06
5791.18
5725.2
5836.86
5872.9
5853.96
5825.46
5813.17
5902.97
5727.1
5775.2
5775.59
5874.74
5797.59
5631.07
5634.26
5639.19
5724.69
5682.13
5411.16
5621.78
5651.38
5579.15
5697.8
5803.99
5902.04
5987.36
5880.31
5596.09
5400.78
5487.31
5502.08
5506.87
5342.72
5356.89
5376.49
5350.89
5492.66
5406.03
5390.4
5438.24
5227.5
5225.93
5302.37
5289.61
5451.93
5432.85
5243.89
5153.13
5161.85
5158.66
5309.76
5223.84
5200.25
5111.32
5143.67
5239.08
5241.9
5256.33
5271.92
5221.95
5199.44
5405.29
5292.31
5331.37
5212.67
4991.94
5203.54
5104.51
5133.97
5012.03
5018.71
5086.36
5099.45
5148.42
5287.3
5306.54
5336.57
5376.39
5239.18
5281.77
5400.01
5279.56
5295.29
5335.22
5507.68
5562.57
5556.51
5620.54
5334.27
5412.98
5399.84
5045.17
5124.05
5078.04
4992.37
4851.34
5148.65
5366.78
5219.42
5191.95
5170.38
5056.65
4943.9
5120.07
4919.17
4839.24
4707
4630.66
4612.4
4647.99
4597.14
4688.01
4693.52
4715.7
4886.62
4773.23
4829.99
4807.3
4733.4
4787.12
4783.08
4808.44
4823.89
4844.71
4874.29
4805.12
4712.39
4684.16
4524.04
4560.81
4553.38
4597.94
4558.93
4592.19
4624.2
4656.59
4590.13
4572.59
4584.32
4598.82
4575.1
4482.97
4539.99
4730.62
4706.09
4672.52
4664.18
4645.47
4712.92
4656.92
4800.1
5038.2
5074.81
5004.05
4925.39
4932.67
4990.08
4951.1
5016.99
5054.21
4883.18
5060.87
5074.48
5203.84
5090.13
5111.27
4938.07
4944.59
4889.44
4801.51
4755.12
4850.55
4999.98
4874.75
4715.08
4760.73
4860.18
4850.72
4791.3
4684.53
4564.3
4662.88
4651.17
4602.56
4694.99
4754.56
4779.05
4774.33
4841.18
4854.29
4887.98
4919.63
4891.84
4846.58
4817.29
4773.25
4834.55
4806.06
4873.99
4883
4981.77
4991.43
5036.69
4898.97
5020.54
5034.32
4976.46
4953.42
4921.12
4995.61
4884.4
4776.97
4752.26
4731.52
4683.97
4814.61
4765.32
4738.45
4690.58
4742.52
4792.13
4672.15
4669.91
4812.24
4705.71
4598.02
4476.71
4460.59
4315.34
4397.56
4437.89
4432.22
4507.51
4481.69
4480.88
4411.58
4356.79
4341.42
4371.57
4377.22
4274.56
4334.05
4403.36
4385.38
4334.58
4325.66
4348.79
4336.63
4359.95
4298.05
4454.53
4354.36
4338.41
4357.62
4369.11
4373.01
4310.74
4248.12
4332.47
4333.41
4371.73
4377.09
4350.98
4390.9
4455.85
4489.45
4545.2
4571.31
4602.58
4403.93
4445.43
4382.8
4358.68
4356.88
4409.31
4341.66
4330.03
4348.65
4280.99
4226.28
4277.92
4310.8
4242.12
4236.59
4338.24
4334.75
4210.69
4227.79
4166.03
4190.06
4234.43
4189.42
4170.77
4167.15
4223
4169.85
4100.82
4069.05
4097.4
4021.92
4111.34
4149.79
4185.57
4098.33
4112.74
4158.96
4193.94
4246.81
4255.22
4262.04
4205.43
4217.11
4272.72
4312.07
4306.49
4288.55
4354.2
4305.08
4258.28
4247.46
4249.08
4111.76
4176.82
4156.7
4062.59
4093.41
4095.49
4135.96
4110.75
4164.96
4199.97
4170.49
4163.35
4145.05
4197.3
4296.45
4268.49
4261.16
4202.44
4223.07
4264.29
4099.99
4092.55
4078.57
4047.38
4029.42
4006.35
3996.27
3987.44
3989.26
3987.45
4040.67
4033.75
4003.15
3978.24
3950
3917.58
3949.12
4011.97
3992.75
4073.26
4074.28
4084.42
4009.7
4122.53
4040.86
4053.37
4030.97
3956.23
4006.83
3968.27
4099.05
4116.94
4136.61
4114.62
4115.97
4075.24
4020.27
3993.38
4006.01
3956.94
3917.87
4001.21
4000.31
4003.77
4002.81
4066.73
3987.81
4006.11
3900.02
3909.45
3875.97
3873.74
3922.72
3955.58
3967.65
3977.14
3959.36
3996.91
3978.03
3999.65
3996.64
3981.9
3968.84
3978.7
3940.07
3947.6
3975.11
3961.45
3976.72
3970.22
3942.19
4017.24
3993.81
4000.83
4055.8
4030.63
3949.31
3935.34
3954.34
3978.57
3979.54
4038.42
4025.09
3971.64
3933.48
3903.6
3937.48
3925.97
3919.98
3918.7
3934.68
3945.43
3985.35
3974.54
3979.17
3966.66
3970.97
3914.67
3897.33
3952.64
3903.24
3893.06
3933.93
3938.87
3906.07
3933.88
3933.67
3902.25
3807.77
3856.44
3841.5
3896.5
3869.41
3854.41
3862.78
3898.33
3928.26
3881.83
3843.98
3837.75
3836.27
3879.98
3846.98
3849.09
3851.01
3825.71
3827.88
3796.55
3833.55
3814.94
3819.4
3810.98
3788.85
3815.71
3807.88
3785.27
3775.06
3775
3783.88
3792.59
3745.57
3768.46
3777.16
3754.67
3741.99
3728.16
3730.08
3676.92
3696.11
3719.11
3674.58
3697.25
3707.55
3723.28
3717.83
3707
3752.59
3748.7
3765.97
3785.76
3736.83
3754.41
3761.32
3775.71
3793.46
3780.55
3793.54
3769.88
3827.99
3809.83
3807.85
3783.21
3803.64
3734.19
3723.26
3730.36
3689.7
3679.19
3697.59
3698.71
3676.51
3628.72
3621.33
3697.52
3706.84
3722.19
3700.58
3687.77
3675.22
3662.62
3675.13
3679.14
3650.7
3634.79
3706.87
3704.59
3701.95
3722.51
3686.03
3618.83
3620.05
3618.36
3671.3
3650.65
3653.76
3618.88
3632.06
3633.45
3606.53
3612.52
3601.02
3607.08
3632.12
3631.83
3614.99
3660.24
3652.36
3668.6
3643.04
3646.59
3610.96
3602
3632.62
3612.51
3605.42
3582.63
3619.67
3608.64
3612.4
3555.41
3567.32
3544.32
3572.19
3595.16
3607.2
3587.49
3598.69
3583.1
3613.39
3587.99
3609.77
3567.46
3559.15
3560.7
3582.09
3555.39
3549.65
3548.36
3551.37
3585.13
3581.02
3614.54
3610.72
3584.14
3617.31
3585.8
3567.5
3550.2
3549.77
3568.84
3589.1
3570.19
3541.05
3521.3
3561.3
3597.72
3599.32
3567.16
3617.96
3574.59
3534.28
3555.53
3532.3
3562.02
3513.44
3509.98
3503.53
3495.12
3484.68
3506.19
3493.14
3496.33
3546.54
3505.87
3499.71
3514.65
3521.66
3508.01
3491.13
3534.77
3539.47
3550.14
3527.86
3522.97
3526.9
3535.19
3506.86
3507.98
3490.69
3493.77
3490.66
3472.23
3471.33
3489.19
3476.8
3469.52
3449.4
3422.06
3415.18
3451.15
3463.17
3471.71
3466.5
3462
3461.61
3472.51
3476.65
3466.07
3467
3470.4
3477.57
3464.04
3465.64
3452.96
3431.83
3422.14
3455.33
3419.65
3406.55
3401.38
3386.27
3388.79
3404.4
3404.55
3389.28
3395.17
3406.71
3374.2
3374.7
3397.85
3372.96
3382.82
3360.11
3349.74
3354.4
3353.28
3332.78
3347
3362.2
3371.72
3393.28
3380.09
3395.45
3380.82
3391.32
3411.35
3393.69
3369.39
3390.35
3393.75
3399.61
3388.73
3358.84
3382.95
3409.19
3377.91
3364.44
3349.99
3339.57
3368.36
3367.34
3381.91
3341.85
3329.3
3349.86
3336.08
3346.7
3323.84
3321.24
3339.49
3330.94
3304.38
3300.14
3329.8
3335.34
3330.98
3340.13
3334.21
3340.98
3317
3326.45
3323.23
3316.11
3321.02
3311.32
3301.97
3283.07
3268.69
3276.47
3277.15
3273.36
3275.04
3271.13
3258.6
3263.82
3271.96
3283.69
3294.24
3279.15
3282.4
3265.3
3253.29
3278.9
3264.36
3266.41
3249.93
3250.16
3247.25
3228.21
3235.74
3249.07
3250.93
3236.92
3256.51
3235.67
3229.56
3241.21
3253.9
3228.11
3230.44
3219.57
3216.62
3216.37
3217.32
3202.71
3210.38
3218.55
3211.18
3208.97
3187.15
3179.47
3181.68
3184.43
3181.59
3194.62
3212.45
3202.23
3198.24
3195.13
3200.03
3215.51
3205.19
3203.36
3191.33
3199.42
3202.71
3189.28
3204.3
3202.78
3180.79
3183.35
3195.29
3204.23
3205.09
3208.78
3207.28
3206.72
3204.46
3212.11
3208.13
3214.43
3211.12
3209.38
3216.35
3193.87
3189.18
3196.21
3183.14
3165.36
3167.99
3162.92
3173.59
3154.39
3148.71
3151.93
3178.82
3170.03
3156.97
3153.46
3152.29
3160.21
3164.11
3144.19
3130.18
3119.82
3119.46
3102.03
3089.02
3087.26
3098.85
3114.16
3105.18
3114.11
3093.34
3083.33
3070.94
3053.73
3054.22
3052.28
3052.97
3074.03
3079.44
3078.72
3073.51
3071.7
3074.63
3091.21
3099.26
3108.13
3096.02
3087.99
3091.36
3078.82
3077.19
3090.79
3080.52
3090.35
3099.96
3104.65
3126.12
3124.54
3118.39
3106.46
3085.04
3081.72
3085.91
3086.09
3076.11
3066.39
3065.55
3061.68
3053.09
3059.58
3052.91
3045.64
3047.5
3045.97
3038.51
3047.71
3050.36
3048.32
3045.87
3035.92
3044.76
3045.01
3045.94
3047.2
3041.35
3040.47
3039.93
3035.03
3044.01
3039.78
3033.65
3027.31
3028.7
3023.2
3020.08
3007.82
3002.62
3006.21
3009.12
3019.35
3017.51
3011.69
3004.52
3007.99
3027.92
3027.5
3026.25
3025.83
3014.92
3015.43
3024.26
3024.86
3026.14
3011.2
3009.44
3014.42
3018.96
3010.96
3016.24
3005.96
3016.57
3007.54
2998.34
2997.13
2982.53
2983.21
2989.59
2991.09
2999.28
2988.46
2988.03
2986.27
2992.26
2976.39
2967.33
2966.89
2967.51
2966.45
2969.01
2978.76
2972.09
2966.67
2959.01
2953.97
2956.14
2948.73
2954.4
2947.51
2955.92
2951.59
2953.76
2953.93
2953.2
2957.41
2957.16
2963.68
2973.17
2972.76
2979.58
2971.4
2965.66
2963.51
2963.51
2962.4
2960.64
2957.46
2957.18
2953.37
2948.23
2952.94
2959.14
2955.09
2959.42
2964.51
2962.26
2967.11
2972.07
2963.69
2967.39
2960.98
2958.13
2949.89
2948.05
2950.65
2949.22
2944.28
2955.92
2950.13
2948.22
2941.38
2949.07
2947.18
2948.81
2953.58
2945.81
2943.38
2944.37
2946.13
2946.61
2933.74
2927.61
2925.71
2925.46
2927.87
2929.45
2921.81
2926.81
2925.29
2929.87
2926.49
2920.56
2917.75
2916.06
2920.1
2911.49
2912.86
2912.58
2910.76
2909.08
2908.06
2906.2
2914.1
2919.36
2919.12
2918.59
2916.39
2920.17
2919.04
2924.72
2918.4
2924.16
2917.76
2920.45
2919.02
2919.94
2918.91
2915.73
2910.2
2912.15
2910.65
2907.62
2896.51
2902.76
2895.85
2901.32
2897.51
2898.73
2903.5
2899.62
2898.9
2896.61
2896.41
2897.59
2900.86
2896.09
2895.98
2885.02
2886.13
2886.38
2886.28
2879.32
2886.49
2882.63
2878.12
2878.33
2877.82
2873.05
2876.02
2882.07
2881.37
2887.63
2879.38
2878.66
2883.03
2882.27
2880.75
2877.27
2874.27
2874.05
2874.76
2870.81
2866.77
2865.77
2862.88
2865.94
2865.58
2861.67
2862.01
2865.1
2860.18
2858.7
2858.7
2863.84
2864.36
2864.45
2861.57
2862.51
2863.15
2862.29
2864.43
2863.91
2864.2
2859.06
2857.72
2858.38
2865.23
2864.46
2865.8
2862.8
2857.33
2858.88
2861.5
2859.59
2861.07
2858.46
2859.93
2854.35
2854.81
2856.2
2854.07
2853.68
2849.6
2852.1
2853.52
2858.84
2860.98
2856.73
2855.68
2854
2855.36
2850.56
2848.01
2846.8
2848.76
2850.18
2847.03
2848.73
2851.37
2847.08
2846.16
2848.4
2846.9
2846.98
2844.81
2844.77
2845.19
2841.79
2843.5
2841.62
2839.62
2838.09
2839.24
2838.42
2835.01
2836.61
2839.83
2838.27
2836.8
2833.18
2833.41
2829.64
2830.84
2830.36
2831.29
2832.91
2830.74
2828.03
2827.43
2831.28
2830.68
2830.96
2827.46
2829.81
2829.94
2831.98
2836.77
2837.33
2836.85
2836.51
2828.84
2827.85
2819.68
2821.74
2812.98
2811.5
2813.49
2817.99
2817.09
2815.64
2810.59
2812.84
2810.9
2807.96
2808.92
2808.88
2806.87
2803.93
2804.74
2808.26
2808.39
2810.67
2811.51
2814.82
2813.14
2807.81
2804.79
2804.52
2803.45
2802.33
2801.52
2805.05
2803.49
2799.8
2799.28
2798.7
2798.8
2798.94
2799.55
2798.08
2797.43
2795.15
2795.28
2798.22
2796.51
2796.61
2796.5
2794.37
2796.39
2794.11
2794.84
2796.77
2795.75
2795.18
2793.42
2794.33
2791.53
2794.31
2794.23
2793.11
2792.37
2793.56
2793.91
2790.99
2787.72
2786.07
2786.47
2785.43
2786.23
2787.32
2787.69
2780.43
2779.57
2779.09
2778.74
2773.61
2767.71
2764.71
2766.02
2762.93
2761.94
2765.51
2766.24
2767.63
2765.51
2766.07
2763.74
2764.52
2761.8
2760.26
2760.45
2755.01
2753.39
2755.9
2751.81
2752.32
2751.01
2751.98
2751.47
2752.43
2752.84
2752.23
2749.99
2748.76
2747.41
2747.31
2746.73
2746.51
2747.45
2747.82
2746.65
2746.4
2745.55
2746.8
2747.8
2748.92
2749.21
2747.98
2747.39
2744.68
2742.48
2742.46
2743.21
2744.67
2743.55
2742.07
2740.67
2737.68
2738.1
2737.82
2739.29
2737.82
2737.83
2736.25
2735.11
2735.56
2737.04
2736.2
2736.53
2738.81
2738.34
2739.19
2738.29
2737.09
2739.57
2738.76
2738.98
2740.11
2735.98
2736.1
2734.83
2735.19
2734.49
2732.61
2731.01
2730.21
2730.5
2731.17
2730.13
2729.76
2730.63
2732.42
2732.61
2732.42
2731.43
2731.02
2730.57
2731.46
2728.64
2729.71
2728.61
2727.04
2727.32
2726.67
2728.51
2727.02
2726.02
2722.39
2721.83
2722.29
2720.81
2718.87
2718.71
2719.77
2719.19
2719.84
2720.04
2720.6
2720.51
2722.67
2723.38
2723.79
2724.7
2723.62
2720.63
2721.25
2720.81
2720.64
2719.85
2718.53
2717.97
2719.04
2719.49
2719.38
2719.33
2718.7
2718.45
2716.51
2716.81
2716.97
2716.66
2716.68
2715.66
2716.08
2715.77
2716.65
2716.45
2715.37
2715.33
2715.12
2714.96
2715.5
2714.67
2716.34
2715.31
2714.8
2715.34
2713.91
2713.04
2712.38
2712.69
2713.3
2712.25
2712.28
2710.93
2710.79
2710.69
2711.56
2711.46
2711.19
2710.28
2710.56
2709.15
2709.44
2709.71
2709.03
2708.86
2707.72
2707.19
2707.07
2707.8
2708.1
2708.91
2707.87
2707.12
2706.38
2707.17
2707.33
2707.78
2708.32
2707.75
2707.43
2707.44
2707.1
2705.31
2706.5
2706.99
2707.05
2707.66
2707.6
2706.86
2706.06
2705.98
2706.7
2705.17
2704.4
2705.12
2705.49
2704.9
2705.88
2705.98
2704.61
2704.36
2704.04
2704.17
2703.5
2703.56
2704.47
2703.5
2703.51
2702.88
2701.93
2701.64
2700.98
2700.59
2700.96
2700.42
2699.91
2700.22
2700.6
2700.98
2701.15
2702.06
2702.09
2701.98
2701.84
2702.22
2701.72
2701.95
2701.8
2701.61
2701.96
2701.94
2702.3
2702.9
2702.86
2702.5
2702.15
2702.1
2702.28
2702.58
2703.26
2703.5
2703.4
2702.39
2702.09
2702.04
2701.75
2701.47
2701.27
2700.86
2700.39
