Mut_X Mut_Y Mut_Size Mut_Rot Mut_R Mut_G Mut_B Mut_Type Time_Sec
92004 92501 109370 94172 109858 109950 109474 88750 2604.23
0 0 0 0 0 0 0 0 2604.23
--- Historial MSE por cambio de temperatura ---
19059.7
19653.7
19411.7
19388.9
19237.3
19400.2
19063.5
19550.6
19408.7
20006.1
20203
20439.3
19883.6
19893.8
19507
19724.4
20350.1
20552.4
20411.3
19738.7
19352.5
19761.4
19655.6
20098.3
19913.7
19881.8
20338.6
20020.8
19916.7
20214.7
20199.5
20551.4
20524.6
20626.7
20084.7
19992.9
20321.4
19805.4
20112.6
19962.3
19806.6
20690.2
20397.2
20625.2
20448.4
20161.1
20187.4
20223.1
20500.9
20664.8
20395.1
20603.5
20510.4
20457.8
19724.9
19357.7
20000.6
20249.8
19746.2
19219.2
19305.9
19046.8
19413.2
19090.6
18566.4
19344.7
19820
19347.8
19156
19933.8
19363
19844.1
20095.7
20051
19708.9
19331.1
19782
20009.2
19937.8
19688.2
19642.7
19539.5
19904.2
20221
19940.6
19812.5
19486
19237.8
19758
20076.4
20275.6
20181.9
20062.4
20029.9
19646.3
19510
19804.6
20191.4
20282.8
20554.1
20070.8
20247.7
20287.5
19953.1
20012.4
19864.1
19920.5
20408.9
19940.9
19453.3
19679.2
19105.9
19170.1
19195.9
19281.1
19492.7
19246.9
19279.6
19179.6
18958.7
18739.3
19100.2
19712.2
18947.7
18640.3
18782.9
19419.3
19562.3
19807.2
19792.7
19148
19074
19632.1
19526.9
18466.4
18444.8
18515.2
18663.6
18423.6
18946.6
19351
19556.2
19428.7
19014.4
18820.5
18960.3
18870.9
19138.3
18668.3
18322.9
18485.4
17945.9
18228.3
19211.1
18933.2
19241.3
18984
19228.7
18740.4
19518.2
19805.9
20132.3
19912
19948.1
19891.2
19473.5
19042.7
19076.4
19096.9
19355.1
18882.8
19060.2
19307.5
19543.6
19332.2
19296.7
19579.9
19379.5
19565.1
18795.8
18554.1
18468.7
19620
19518.2
19547.1
20488.1
19812.2
18985.9
19312.5
19220.4
18628.5
19033.9
19621.9
19320.5
19418.2
19575.9
19587.9
19144.7
18248.5
18766.9
19006.8
18759
18410.7
18551.9
18382.5
18038.1
17609.6
17471.8
17560.5
18288.5
17624.2
17737.3
17748.7
17784.3
18286.5
17702.4
18518.7
18497.8
18181.3
18723.9
18316.6
17400.5
17197.6
17267.5
18126.5
17419
16830.6
17201.4
16341.5
16913
17100.6
16807.4
16949.3
16962.5
17202.4
16061.9
15841.4
16676.4
17307
17769.8
17293.4
17046.8
17467.1
18167.7
16956.6
18365.1
18264.5
17523.1
16998.3
17059.8
17179.2
17090.7
17168.4
17441.9
17668.3
17973
17681.2
17609.6
18671
19516.1
18890
18779.5
18911.2
18566.5
18910
18731.4
19218
19601
19055.7
18685.5
18814
19308.8
18730
18167.9
18230.7
18015.1
18458.5
18399.8
18067
18368.8
18313
19602.5
18611.6
19097.7
18318.4
18408.7
19459.3
19383.2
18952.7
18830.4
18164.9
18653.4
18684.9
19266.2
18857.3
19277.9
19611.5
19296.8
19788.6
19099.9
19395.1
19474.7
20123.7
19496.5
19481.3
19919.2
19886.5
19592.1
20283.4
19136.6
19350.4
19218.8
18826.3
18661.6
18256
18749.1
18961.2
19483.5
19467.6
18817.4
19424.9
19508.8
19138.4
19371.5
19899.5
20027.1
20020.7
20483.8
20451.7
20322.9
20314.5
20456
20448
19591.9
19737.8
19518
19548
19374.1
19209.1
19229.6
19177.4
19026.1
19553.2
19465.4
19550.4
19089.3
19008.7
19243.1
18690.7
18447
18023.1
18972.7
19232.4
18814.3
18428.8
18834.6
18407.3
18587.2
18730.5
18909
18579.2
18737.9
18855.2
18591.7
18216.9
18490.1
18099.8
18366.8
18208.6
18355.2
17799.8
18218.8
18320.8
18146.5
18210.7
18269.4
18200.2
18279.1
18393.7
18472.9
18049.8
17916.9
17788
17639.9
17872.9
18634.4
17957.7
17733
17430.2
17983.3
18219.8
18399.4
17988.4
17722.4
17569
18063.4
18391.6
17846.3
18197.2
18554.5
18237.4
18186.2
17636.8
17745.2
17780.2
18450.2
18887.3
18455
18772.3
18750.2
18330.3
18084.8
17225.8
17330.4
18003.3
18273.2
18628.5
18214
17940.3
17642.1
17936.5
18180.3
17427.7
18096.6
17551.2
17628.8
18035.1
18209.9
17350.5
17137
17346.2
16900.1
17615.5
17534.3
16859
17064.4
17284.6
17479.8
17628.1
18011.8
17683.6
17946.2
17781.9
18216.9
17867.6
18208.9
17981.1
17460.9
17247.2
16907.8
17830.8
17985.1
18122.7
18240.6
18068.3
17765.7
17223
17240.8
17073.8
17406.3
17391.3
17680.1
17532.5
16775.4
17407.2
16952.1
17589
16268.1
16101.3
16123.3
16018.2
16389.2
16375.7
16338.3
16370.1
17099.3
16338.4
16798.2
16389
16386
16512.3
16663
16168.8
17028.8
16419.9
16156.5
16050.8
16181.4
16600.9
16233.2
16107.4
16788.9
16655.1
17232
16332.9
16521.4
16217
16322.4
16474.4
16547.6
16870.5
16154.5
15883.7
16377
16675.3
16739.6
16636.1
16352.8
15804.8
15609.1
15827
16049.3
16075.7
15526.3
15780.4
15782.7
15031.8
15045.4
15799.2
15330.3
14690.3
14797.7
15174.5
15378.3
15400.9
15400.7
15943.4
15219.7
15305.7
15580.9
15025
14462.1
14174.3
14390.8
14747.4
15432
15275.4
15768.7
15457.1
15608
14847.2
14731.7
14503.2
14433.2
14535.6
14455
13968.4
14360.3
14016.4
14097.3
14227.5
14631
13712.6
13956.4
14323.6
14513.1
14510.9
14971.6
15005.8
15095.9
15190.4
14158.5
13693.5
13820.8
14314.1
14129.9
14381.2
15274.3
15169.7
15827.1
15886.3
15593
15626.4
15555.8
15628.6
14245
14527.2
14437.6
14318.3
14830.5
14578.1
14578.2
14389.4
14711.4
14517.6
14126
14930
14603.2
14638.7
14859.8
15259.4
15262.5
15416.9
14888.5
15536.6
15956.5
15655.1
15981.1
15229.2
15173.1
15667
15928.8
15600.9
14993.4
15351.3
15727.1
14857.7
15254.4
15085.4
15095.3
15364.9
15570.5
15486.6
15151.4
14938.9
15049
15771.2
15744.8
15908.8
15658.3
15762.1
15485.3
15965.5
16151.4
15706.9
15953.7
15300.2
15030.1
15263.1
14674.7
14955.6
15490.5
15536.9
15706.2
15540.2
14987.1
14768
14842.8
14870.8
15264.6
14962.1
15635.8
15448.1
15288.7
15198.7
14858.3
15228.3
15406.1
15897.9
16021.1
16174.8
16240.1
16090.5
15724.6
16312.7
14798.6
15552.2
15734.5
15604.8
15164.9
15133.5
15767.9
15195.7
14705.3
14891.1
14370.7
14346.3
15164.2
15155.6
15252.9
14082.3
14237.7
14618.6
14502.5
14172
14095.2
13792.4
14469.6
14950.1
14618.9
15014.5
14733
14379.5
14413.9
14987.2
14477.2
15197.1
15295.7
14936.9
15107.4
15724.5
15836
15126.6
14673.5
14164.6
14337.6
14464.5
14800.4
14036.3
13562.3
13620.5
14395.4
14011.4
14494.8
13850.9
13963.7
14489
14753.5
14632.9
14407
14624.1
14891.4
15041.7
14774.7
15049.7
15826.4
16398.2
15627.6
15637
16056.3
15484.4
14949.3
14696.2
14844.8
14253.6
13870.8
13933.4
13724.9
13715.6
13765.9
13183.9
13743.2
13281.9
13078.3
13241.1
12488.1
12961.9
13079.7
14364.7
14819.7
13882.2
14010.5
13369.5
13562.3
13569.6
13960.3
14010.8
13729.8
13489.3
12854.3
13339.4
13255.2
13609.9
14303.8
15000.8
15140.2
15064.8
14995.1
15222.2
15047.4
14937.5
14234.9
13885.5
14086.3
14747.9
14356.6
14517
14016.6
13558.9
13663.2
13601.4
13348.7
13419.3
13761.3
13448
13752.2
13589
14433.7
14636.4
14305.8
14681.6
15270.1
15947.6
15231
15113.4
14592.6
14302.2
14899
14740.9
14643.8
14576.6
14344.5
14339.5
14792.5
14751.4
14195.3
14122
13595.8
13021.7
12862
13560.1
13438.3
13858.3
13729.9
14658.6
13425.7
14428.7
15403.7
14893.2
14697.4
14221.8
14553.3
14223
14217.8
14810.1
14192.9
14230.5
14587.6
14752.1
14154
14832.7
15345.4
15507.3
16237.4
16363.7
15948.1
15770.2
15246.8
14845
15100.4
15560
14324.2
15086
14478
14192.1
14651.6
14567.2
14582.8
14399.8
15419.6
14684.2
14986.5
14397.1
13718.5
13152.1
12965.3
13154.2
13740.4
13588.7
14293.3
14565.7
14795.8
14617.6
14421.5
13817
13676.8
13649.5
13304.3
13229.8
13699.3
13509.8
14163.8
13565.3
13478.9
13086.7
13204
13290.8
12817.8
12458.6
12956.5
13849.4
13257.6
13409.2
13640.8
13292.8
13080.2
12862.8
12725.5
12535.4
12647.3
13280.2
13186.7
13939.2
13802.7
13451.7
13024
12417.7
13222.2
12917.6
13228.2
12466.8
12905
13203.1
13272.7
13009.5
12919.8
13626.8
13635.7
13873.6
14624.5
14041.1
13585.4
13522
13098.9
13347.5
14000
13866.6
13761.1
12342.3
12830.5
12790.5
13281
12916.9
12569.4
13169.7
13193.4
13007.8
13373.7
13270.7
13700
13650.7
13686
14125.2
13851.8
13825.7
14238.3
14292.7
13965.8
13959.1
13136.3
13518.1
13322.4
12987.4
13068.5
13314.9
13698.1
13315.7
13683.6
13229.9
13359.9
14011.5
13523.3
13606.8
12912.2
13205.4
13694.2
13318.2
13004.5
12836.1
12449
12783.9
13971.6
13266.1
13095.9
13731.5
13433.6
13396.9
13001.7
13390.3
12987.5
13505.5
13948.6
13663.5
13568.6
13356.3
13142
13117.9
14336.3
13847.3
14098
14752.2
13767.6
13031.6
13303.6
13141.3
13050.7
12798.6
13803.3
13682.1
13678.2
12982.1
13255.2
12940.4
12061.3
13682.8
14204.9
14681.3
14506.3
15086.7
13973.4
13415.9
13662.3
12404.9
12761.6
11926.6
11849.2
11487.7
11392.5
11091.1
11465.5
11773.2
11978.5
12169.2
12611
13294.7
12477.4
12950.9
12834.7
12968.5
13369.5
12327.1
12133.4
12597.2
12457.9
12717.3
12837.4
12166.4
12647.7
12250.6
11810.7
11395.8
11782.8
11791.8
11705.9
11646
11825.6
11737.7
12437.4
11988.4
11081.6
11680.4
11821.5
11907.5
11404.5
11604.7
12407
11491.1
11243.9
11209.8
11445.1
11661.6
11683.9
11937.4
11534
12179.8
12135.1
11622.1
11561.6
10763.1
10968.8
12132.7
12539.4
11786.1
12269.9
12983.3
12160.6
12651.9
12476.4
11422.5
11613.4
11250.8
11820.4
12362
12010.7
11300.2
12765.9
12855.7
12009.1
11992.5
11448.3
12218.8
12292
11491.9
12396.2
12152
11946.7
11741.5
11873.3
11868
11781.7
12301
12227.4
11886.9
12086.5
12043.5
12127.4
12115
11553.9
11888.6
11919.3
12144.7
12319.9
10588
10816.2
11722.1
11979.2
12389.2
13212.8
12963.7
12857.9
13730.4
13343.6
13219.5
12756.3
13059.3
12857.9
13190.1
12228.1
12503.3
12793
12432.9
12443.7
12529.6
13405.1
13414.5
13057.5
12244.3
12092.9
12251.5
12505.9
12158.4
12237.4
12271.5
13165.6
12240.2
12189.2
12173.3
11469.2
12036.9
12650.2
11999.3
11716.4
11678.8
12426.1
12522.8
12297.6
12875.7
12889
12941.6
12568.1
12824.9
12378.7
12674.3
11649.4
11592.9
11875.8
12207.3
11764.7
11308
11539.4
11855.2
11925.6
11408.3
10848.2
10658.5
10447.8
10784.8
11292.2
11271.6
11472.6
11056.6
10224.7
10975.8
11440.1
10593.3
10636.9
10623.1
10532.8
11099.4
11333.4
11112.2
11140.4
10783.9
10841
10092.4
10528.3
9954.31
9834.77
9362.77
9221.52
9712.6
10069.5
10294.4
10617.1
10438.8
10415
10331.9
10350.6
9746.62
9627.19
8997.54
9094.5
9338.25
10015.6
9409.55
9170.66
8780.56
8918.8
8872.73
8609.18
9365.49
9919.11
9175.52
8937.21
9268.39
9744.46
10317
10087.1
9735.97
9276.38
9123.66
8569.76
8533.31
9861.06
9400.49
9298.88
8309.81
8766.1
9188.76
8664.94
8705.53
8601.16
8528.21
9324.69
9630.54
9758.07
9490.04
9255.71
10007.6
10028.3
10101.4
10013.5
10035.8
9916.45
9864.39
9486.85
9437.46
9998.66
10165.2
9212.71
9091.04
9543.64
8838.6
8995.06
8990.33
9162.85
9044.94
9600.26
8789.87
9276.85
8823.07
8831.42
8913.95
8814.14
8721.19
8957.84
9166.32
8574.62
8568.16
8404.05
8537.5
8821.93
9446.95
8973.99
9123.79
9458.19
9850.6
9915.83
9210.34
8760.26
8632.93
8620.34
8646.53
8589.19
7800.91
7720.36
7377.6
7213.64
7738.98
8145.33
7835.03
7918.4
8197.2
7743.1
8024.49
7807.37
7507.77
7554.96
7399.44
7143.86
7324.86
7356.64
7228.94
7555.47
7880.85
7565.36
7547.23
7690.4
8042.21
8599.82
8126.01
7892.17
8297.72
8384.39
8023.69
8537.42
8153.72
8191.57
8179.95
8588.09
8754.61
8830.5
8075.73
7423.61
7654.85
7849.16
7757.32
7833.16
8370.32
8009.01
7803.47
7653.7
8054.24
7554.98
7459.93
7045.67
7045.76
6975.52
7362.84
7244.29
7203.67
7485.48
7564.6
7919.54
8389.46
8533.12
8218.75
7415
7398.65
7427.75
8051.99
8289.5
8546.19
8881.67
8442.91
7901.73
8182.45
8570.69
8590.91
8742.9
8161.42
8216.07
8018.31
8132.77
7378.08
7314.02
7115
6890.01
6817.27
7601.18
7443.78
7495.6
7738.71
7326.05
6840.83
6781.5
7603.32
7219.63
7082.41
7643.98
7072.31
7517.9
7806.79
8135.06
8051.92
7582.45
7400.6
7132.24
7376.77
7090.63
7063.21
6827.52
6837.36
7579.31
8112.55
7589.66
7924.17
7674.73
7279.65
7252.57
7689.63
7830.78
7855.94
7794.03
7277.86
7195.37
7337.84
6971.42
7159.47
6797.38
6785.11
6754.74
6442.1
6338.86
6276.84
6051.41
6096.47
6028.19
6370.15
6152.21
6415.39
6565.03
6359.34
6099.81
6161.49
5911.05
5670.25
6448.84
6354.74
6205.48
6553.06
6267.02
6085.54
6189.49
6465.13
6476.12
6510.74
6265.4
6396.13
6613.35
6807.41
7153.65
6920.37
7052.31
7142.06
6975.21
6825
6544.29
6560.46
6731.44
6467.44
7047.73
6982.81
7020.78
7067.07
6916.29
6791.07
6984
6801.32
6264.04
6497.03
6125.05
6168.54
6776.34
6226.66
6077.34
5909.22
6051.95
5772.18
5813.18
5760.87
5611.7
6083.56
6167.25
6168.15
6038.31
6056.91
5756.72
5650.84
5853.65
6001.07
6284.58
5882.14
6018.7
5782.38
6083.98
6567.54
5828.97
5756.64
6027.2
5911.46
5958.1
6045.85
6314.61
6269.19
5938.61
5703.55
6005.11
6135.3
6431.59
6390.88
6181.12
6220.89
6444.92
6097.87
5948.04
6071.04
6092.15
6163.42
6139.16
6168.68
5939.89
6421.68
6017.15
6144.44
5930.25
6098.81
5582.57
5782.28
5805.42
5890.1
5731.81
5891.84
5755.95
5635.91
5247.89
5455.26
5677.42
5598.31
4985.56
4989.74
5177.17
5355.67
5139.69
5246.39
5148.43
5107.23
5149.01
5347.46
5327.46
5480.47
5502.76
5508.63
5761.18
5629.22
5958.67
6016.45
5898.65
5521.21
5422.89
5188.43
5305.28
5177.55
5583.95
5879.6
5732.73
5335.78
5333.73
5407.07
5423.65
5258.72
4867.61
5443.21
5517.53
5536.58
5527.53
5396.03
4976.42
5061.61
5239.29
4986.8
5233.22
5169.51
5150.97
5157.18
5114.8
5365.12
5260.54
5271.25
5481.4
5696.86
5236.83
5098.5
4742.25
5076.95
4982.68
5006.75
4938.78
4893.43
5006.58
5211.14
5060.8
5139.14
5276.08
5290.85
5188.33
5076.69
5186.09
5364
5216.97
5162.15
4942.35
5104.81
5115.79
4785.26
5242.46
4813.56
5136.77
4948.78
4675.24
4973.88
5091.8
5124.8
4848.46
4739.41
4917.1
4933.7
4834.95
4720.83
4637
4694.12
4854.68
4833.27
4779.38
4694.29
4535.12
4919.08
4972.5
4746.78
4841.85
5032.97
4890.55
4887.66
5291.15
5373.29
5045.04
5075.26
4810.87
4523.72
4469.22
4832.99
4951.54
4958.98
4516.31
4759.72
4725.09
4703.65
4790.73
4914.73
4810.48
4594.01
4734.49
4726.53
4649.79
4650.89
4723.51
4996.53
4991.58
4883.1
4779.83
4756.86
4997.7
5103.68
4940.72
5249.76
5301.81
5253.58
4894.24
5062.4
4920.28
4787.6
4743.92
4845.51
4929.49
4690.14
4795.94
4941.95
5086.94
4818.46
5176.03
5022
4968.95
5091.97
4865.6
4711.14
4818.8
4803.03
4372.9
4559.69
4574.06
4586.43
4711.29
4910.57
4696.69
4741.78
5022.25
4881.26
4771.73
4910.16
4828.2
4908.88
4908.7
4642.32
4521.1
4742.89
4537.09
4530.63
4128.81
4323.92
4510.65
4422.5
4416.23
4330.79
4234.78
4512.1
4741.23
4423.75
4433.56
4229.86
4216.57
4165.09
4178.04
3971.76
4440.06
4304.75
4003.03
3814.36
4114.86
3910.1
4159.49
3982.5
4121.27
4219.06
4495.03
4237.05
4253.95
4323.79
4367.46
4368.26
4158.07
4281.2
4162.67
4259.47
4375.4
4624.36
4478.92
4148.06
3808.66
3841.87
3791.11
3856.17
3909.94
3957.51
3939.51
4026.83
3835.71
4384.61
4366.36
4210.18
4469.68
4151.29
4089.33
4051.68
4211.9
3836.14
4016.78
3921.52
4044.68
4058.85
3928.75
3899.28
3961.9
4084.89
3988.94
3925.43
3722.66
3763.27
3742.69
3792.17
3827.88
3895.77
3903.47
3763.85
3724.3
3681.41
3682.18
3594.12
3966.96
3768.16
3941.45
3876.97
3842.15
3731.69
3956.34
3820.05
3939.28
3965.31
3774.15
3714.91
4044.89
3948.05
3987.01
3824.16
3749.87
3698.34
3751.52
3612.86
3594.76
3691.5
3838.54
3974.77
3905.01
4102.82
4027.78
4205.55
4042.07
4084.53
3864.89
3986.65
4112.78
3990.11
3863.21
3819.22
3999.75
3771.53
3672.7
3605.67
3742.21
3554.26
3564.45
3632.32
3600.36
3538.47
3635.03
3588.68
3672.35
3797.17
3884.16
3932.33
3835.39
3751.7
3670.15
4001.95
3875.77
4162.61
4042.44
3970.94
3933.62
3819.58
4039.67
4154.09
4158.61
4235.33
4183.15
4241.63
4192.86
3855.13
3741.38
3604.14
3707.11
3650.95
3687.96
3665.74
3691.02
3592
3530.06
3578.43
3611.79
3532.47
3320.05
3509.11
3599.77
3348.76
3533.65
3562.11
3825.76
3690.07
3430.12
3338.16
3518.32
3636.33
3781.72
3896.72
3798.94
3934.11
3838.67
3623.08
3780.78
3846.86
3847.93
3694.94
3773.83
3644.24
3702.71
3707.75
3691.78
3884.39
3811.52
3843.47
3756.96
3763.16
3709.74
3723.22
3656.75
3706.62
3755.05
3712.53
3581.19
3584.56
3563.83
3467.42
3540.31
3482.04
3378.31
3456.27
3479.47
3594.58
3559.09
3312.01
3236.07
3198.14
3267.17
3236.43
3239.06
3294.53
3536.98
3605.38
3636.5
3599.68
3567.21
3386.49
3456.26
3466.77
3497.09
3486.2
3596.58
3559.5
3568.78
3321.72
3650.33
3688.6
3900.65
3882.03
3696.16
3916.36
3874.02
3884.24
3959.61
3810.66
3658.52
3694
3724.14
3642.56
3468.86
3441.34
3582.01
3610.66
3692.92
3666.8
3579.23
3573.54
3617.4
3583.75
3636.95
3677.06
3584.44
3467.62
3527.6
3471.32
3507.74
3433.95
3495.06
3439.66
3263.22
3231.37
3158.97
3027.7
3035.89
2919.79
2950.25
3039.1
3000.42
3061.93
3050.26
3028.2
3141.94
3105.79
3154.28
3031.11
3100
3074.31
3148.69
3173.41
3045.26
2971.62
3042.36
3043.35
2952.09
2978.02
2956.87
2911.41
3183.56
3183.58
3146.71
3091.59
3018.7
3098.59
3110.57
2959.35
3055.13
2931.07
3043.77
2956.94
2921.54
3029.92
3011.79
2998.11
3083.06
3041.38
3008.05
3004.29
3077.1
3105.7
3111.97
2903.02
2696.29
2689.52
2780.41
2797.86
2898.07
2901.37
2829.59
2812.23
2830.95
2804.56
2693.48
2742.78
2819.81
2815.22
2736.2
2730.51
2711.58
2800.75
2832.15
2815.55
2758.23
2799.57
2900.33
2958.63
2815.16
2776.99
2727.56
2878.42
2777.09
2948.13
2863.25
2773.53
2744.39
2745.53
2744.29
2676.54
2674.49
2829.19
2779.56
2814.33
2818.59
2800.48
2819.77
2734.75
2692.21
2705.87
2741.8
2726.2
2673.2
2646.88
2819.1
2741.38
2833.76
2772.57
2715.19
2742.23
2696.35
2716.44
2576.14
2593
2655.2
2691.38
2628.22
2654.93
2504.92
2628.24
2688.91
2743.47
2684.67
2669.43
2588.76
2627.49
2529.83
2453.96
2401.63
2408.06
2364.57
2412.49
2407.63
2398.8
2429.27
2378.45
2364.16
2473.05
2555.77
2457.94
2496.94
2531.79
2494.78
2488.96
2452.62
2424.98
2385.71
2392.76
2334.19
2300.77
2377.01
2362.61
2287.32
2244.16
2243.26
2277.76
2415.77
2388.39
2452.16
2410.06
2464.01
2415.06
2378.01
2313.77
2141.11
2248.15
2451.05
2365.61
2369.59
2427.02
2415.67
2477.39
2477.53
2424.59
2449.95
2582.25
2555.53
2612.39
2618.95
2554.77
2533.72
2553.62
2649.05
2578.31
2419.12
2424.81
2398.29
2422.47
2390.75
2401.5
2365.31
2439.48
2314.16
2361.66
2340.3
2321.46
2318.47
2324.66
2369.01
2454.73
2460.87
2489.51
2409.3
2479.68
2436.54
2343.6
2398.88
2452.82
2325.09
2197.22
2352.83
2409.92
2422.91
2371.62
2403.06
2461.83
2328.66
2129.53
2218.32
2233.61
2209.33
2305.72
2302.15
2225.94
2276.32
2258.13
2277.24
2224.97
2296.72
2403.09
2467.67
2361.67
2402.31
2412.44
2420.09
2378.01
2350.98
2342.9
2359.06
2311.06
2234.66
2219.02
2273.59
2244.93
2204.31
2169.46
2182.04
2176.04
2108.79
2181.59
2253.17
2337.97
2230.19
2198.2
2157.86
2175.18
2157.77
2116.73
2120.1
2148.27
2137.02
2137.41
2094.91
2030.74
2016.94
2025.72
2015.02
2054.28
2046.27
1991.42
1996.02
2123.06
1930.13
1939.68
1945.33
1899.12
1958.35
2016.49
1995.64
2016.26
1997.54
2087.45
2082.01
2116.81
2132.88
2078.44
2138.55
2101.79
1998.55
2099.58
2050.07
1992.01
1985.86
1979.5
2017.34
2048.77
2057.71
2053.91
2030.79
2033.23
2027.59
2051.81
2009.3
1981.43
1973.34
1971.01
2024.72
1972
2016.81
2033.58
2061.82
2041.82
2023.52
2072.01
2039.8
1998.66
2076.24
2018.46
1982.46
2026.73
2104.68
2089.13
2130.62
2159.64
2105.38
2082.57
2053.9
1973.14
1889.69
1882.19
1941.72
1917.4
1956.68
2018.97
2076.65
2060.48
2016.85
1955.27
1946.66
2006.48
1971.4
1896.77
1973.71
1938.14
1960.59
1879.02
1924.77
1970.97
1929.91
1886.06
1896.49
1980.39
1937.37
1927.21
1957.04
1953.96
1956.44
1950.26
1898.74
1895.79
1987.35
1934.23
1976.03
1883.77
1890.01
1879.85
1852.22
1869.16
1848.63
1864.48
1984.88
1878.18
1861.3
1855.81
1769.16
1799.33
1828.37
1890.82
1854.23
1861.08
1891.9
1885.3
1816.56
1825.08
1817.66
1879.7
1868.17
1901.3
1856.02
1863.22
1832.47
1836.11
1836.22
1836.75
1819.93
1838.61
1829.96
1810.03
1788.01
1763.19
1664.74
1692.38
1720.72
1756.36
1763.61
1778.51
1792.63
1726.06
1780.07
1787.53
1799.36
1770.27
1772.83
1760.33
1788.33
1776.95
1767.3
1729.96
1773.3
1732.22
1686.92
1724.5
1677.33
1734.96
1718.36
1720.97
1750.26
1726.61
1729.36
1678.85
1634.1
1675.31
1671.38
1674.51
1663.09
1735.72
1708.83
1725.97
1741.24
1709.37
1670.51
1703.62
1759.74
1788.71
1785.58
1772.1
1723.54
1735.05
1699.22
1681.97
1685.54
1644.98
1705.59
1677.16
1720.15
1691.13
1690.7
1742.38
1783.59
1778.79
1724.89
1740.18
1732.85
1763.59
1721.13
1723.44
1739.02
1743.94
1778.49
1726.04
1715.16
1725.53
1718.14
1650.27
1710.08
1704.01
1705.36
1699.81
1651.34
1731.05
1706.33
1741.15
1713.94
1736.58
1734.67
1687.9
1714.64
1689.77
1672.59
1654.46
1615.98
1613.71
1622.45
1619.78
1608.1
1592.77
1623.63
1624.29
1599.78
1656.78
1661.06
1695.91
1668.93
1690.07
1656.34
1659.86
1647.19
1650.2
1710.1
1657.22
1672.05
1670.73
1660.71
1643.7
1677.68
1677.53
1731.05
1769.24
1752.44
1711.63
1697.13
1675.44
1657.35
1650.98
1641.81
1632.94
1642.57
1637.64
1654.51
1619.24
1640.11
1625.79
1605.44
1600.67
1609.93
1589.36
1583.48
1549.68
1541.04
1529.51
1541.88
1604.55
1559.53
1553.32
1583.21
1560.32
1583.66
1606.5
1631.67
1626.51
1596.69
1584.18
1571.46
1615.36
1673.51
1672.58
1694.79
1623.57
1620.83
1657.79
1656.85
1664.69
1644.69
1666.03
1634.84
1616.98
1624.97
1571.58
1590.24
1590.8
1588.5
1562.29
1539.83
1561.38
1516.29
1522.13
1499.77
1507.28
1496.69
1566.89
1546.56
1567.94
1544.98
1547.11
1545.38
1543.35
1523.6
1518.16
1493.4
1518.81
1542.33
1531.15
1508.28
1526.74
1452.6
1467.91
1453.02
1423.99
1438.12
1419.09
1450.41
1451.09
1457.8
1434.71
1454.51
1448.69
1467.11
1443.38
1418.32
1439.92
1457.63
1458.35
1466.68
1458.68
1450
1440.51
1449.74
1441.73
1459.24
1458.19
1458.11
1414.01
1408.14
1380.43
1394.28
1399.07
1380.33
1427.94
1412.79
1457.7
1450.66
1444.2
1409.11
1414.48
1442.43
1416.08
1416.77
1445.54
1407.85
1463.1
1418.54
1414.14
1402.36
1391.52
1376
1379.94
1400.55
1369.45
1390.88
1418.76
1468.15
1406.66
1382.63
1364.34
1367.11
1352.33
1363.34
1375.75
1419.63
1385.07
1362.32
1357.88
1328.42
1315.12
1306.75
1311.38
1317.21
1320.43
1328.9
1351.41
1342.75
1323.14
1323.68
1313
1346.89
1348.1
1341.84
1308.81
1280.68
1284.29
1272.6
1276.22
1286.31
1295.97
1290.72
1304.52
1297.03
1302.9
1319.46
1330
1361.46
1361.63
1380.91
1357.71
1313.07
1282.15
1278.12
1282.03
1292.28
1303.56
1276.39
1287.53
1299.98
1304.48
1305.42
1299.07
1295.96
1283.86
1287.58
1309.51
1262.96
1283.72
1287.46
1269.21
1258.16
1226.85
1207
1218.88
1208.44
1232.51
1215.91
1190.37
1205.49
1204.72
1229.28
1238.47
1245.01
1226.6
1228.84
1224.01
1245.76
1216.11
1218.78
1214.53
1238.01
1240.7
1245.54
1231.67
1226.15
1229.13
1236.43
1223.17
1214.47
1235.36
1207.81
1225.11
1225.13
1248.04
1225.77
1233.55
1235.07
1234.67
1230.74
1228.93
1218.14
1222.06
1212.43
1231.69
1234.81
1248.61
1269.82
1242.89
1255.36
1244.82
1238.19
1217.05
1208.5
1222.25
1235.55
1226.2
1213.23
1205.63
1216.46
1224.48
1227.91
1213.61
1200.44
1207.64
1198.18
1179.17
1184.42
1206.22
1215.94
1222.01
1222.36
1216.02
1215.96
1216.08
1223.84
1201.58
1222.65
1220.98
1205.31
1219.34
1222.64
1223.83
1246.34
1210.89
1212.66
1223.63
1208.43
1219.7
1212.11
1197.71
1185.86
1184.52
1180.04
1173.67
1173.06
1178.85
1170.61
1165.37
1188.42
1193.16
1197.55
1174.42
1169.95
1172.19
1165.86
1175.34
1157.38
1149.65
1133.64
1127.95
1139.67
1134.54
1141.65
1153.12
1148.66
1169.35
1164.34
1152.44
1147.61
1147.93
1137.55
1133.5
1137.3
1146.02
1150.94
1147.52
1133.03
1145.01
1146.74
1129.97
1125.17
1105.32
1095.49
1085.86
1104.71
1107.62
1100.03
1092.94
1089.3
1091.7
1071.48
1079.29
1091.2
1090.19
1093.32
1080.33
1086.43
1098.33
1095.62
1075.93
1082.75
1081.28
1080.22
1104.85
1093.78
1100.17
1098.03
1082.05
1095.98
1094.75
1093.65
1085.03
1089.11
1084.6
1079.19
1081.88
1076.28
1085.12
1084.38
1086.27
1079.87
1088.22
1081.65
1074.42
1082.21
1082.61
1076.89
1090.13
1078.96
1090.17
1098.82
1090.43
1082.97
1099.41
1107.15
1112.28
1099.15
1120.35
1111.07
1094.25
1086.27
1095.9
1106.65
1097.71
1098.96
1090.64
1089.27
1089.86
1075.61
1070.25
1069.59
1056.66
1048.43
1045.5
1054.04
1057.86
1052.33
1056.79
1056.7
1072.16
1075.77
1076.07
1063.08
1055.24
1070.62
1083.2
1077.57
1072.86
1064.04
1072.21
1074.49
1079.79
1099.98
1074.31
1068.25
1057.83
1045.52
1021.61
1023.59
1024.93
1024.32
1005.79
1003.73
1004.27
1003.99
1009.42
1007.38
1015.69
1019.04
1020.91
1009.45
1014.14
1022.5
1010.19
1003.76
1006.45
1008.19
985.77
978.141
990.352
991.997
980.321
978.86
985.338
997.331
996.369
996.268
988.057
977.482
972.727
989.37
992.77
997.885
991.38
982.351
994.419
1004.45
1004.44
990.272
993.211
996.659
1000.2
1002.91
1000.02
998.475
993.522
994.223
988.228
990.61
998.613
990.785
987.317
977.578
984.473
983.927
987.684
998.749
993.573
982.511
991.669
988.118
991.318
985.912
992.607
994.174
994.83
1000.71
981.241
989.745
1002.33
985.376
981.951
989.475
980.962
975.526
978.864
971.471
963.88
967.173
960.198
965.627
960.282
962.92
959.158
954.642
945.804
942.606
940.341
932.474
934.244
927.406
935.324
941.697
939.246
937.198
938.682
938.013
929.643
936.101
926.27
937.232
938.127
938.058
929.471
929.318
933.016
938.872
940.41
939.703
940.854
935.284
939.281
947.688
941.201
942.376
943.28
928.694
926.008
930.71
929.489
934.85
932.349
928.166
921.464
924.811
921.369
906.568
912.696
919.587
918.553
918.737
907.498
915.798
915.396
908.754
913.097
914.076
911.739
914.864
913.109
912.085
920.413
921.255
929.212
924.445
924.05
918.721
916.096
922.674
924.561
921.357
925.512
922.303
924.855
922.067
923.419
918.128
914.667
923.07
918.872
920.729
925.606
926.804
917.456
911.648
909.521
905.908
900.372
902.004
901.784
907.705
909.047
911.681
908.816
907.775
905.519
910.262
916.106
906.232
912.266
914.422
907.928
904.045
910.762
907.103
906.206
909.57
900.294
895.989
906.578
899.832
902.325
898.935
890.677
894.029
890.685
894.095
886.385
885.229
881.729
886.364
889.718
882.654
886.854
892.469
889.252
897.939
905.26
904.262
893.363
897.667
901.711
902.571
897.126
894.919
887.218
884.493
889.22
884.116
885.223
877.025
885.052
883.378
883.117
880.853
884.864
889.033
883.952
881.995
876.936
877.769
878.081
878.246
876.419
876.863
876.239
877.868
878.677
877.644
878.707
881.502
875.085
874.823
881.694
877.523
885.061
885.581
884.491
887.478
893.199
899.721
891.554
893.333
905.93
904.718
902.104
897.793
894.45
884.705
886.351
884.186
887.309
885.742
887.714
882.627
887.461
879.189
882.638
877.015
879.353
882.823
877.609
878.412
875.221
870.282
875.814
878.664
880.799
878.299
875.885
869.201
864.513
863.994
861.736
864.688
867.279
861.095
859.475
856.886
859.494
862.83
858.789
852.229
849.671
847.842
855.98
853.844
858.009
854.688
851.849
845.211
846.803
849.945
849.608
852.635
850.749
847.683
851.654
847.543
848.471
842.218
841.909
837.55
840.854
843.049
846.081
847.768
850.677
849.174
847.031
848.246
846.76
843.798
839.633
839.734
840.939
840.702
842.922
842.984
843.588
840.736
842.906
837.189
836.16
835.239
839.552
835.381
832.563
828.03
827.59
830.304
833.799
831.702
836.276
840.619
837.208
834.662
833.578
834.33
836.936
834.689
835.446
833.17
831.298
836.621
839.193
834.514
832.817
830.723
829.186
829.952
833.436
838.84
839.203
840.974
835.28
840.108
840.728
837.978
835.675
841.15
843.075
841.956
836.269
834.14
832.685
831.489
830.288
833.304
834.823
831.747
828.705
828.542
828.765
831.599
830.637
826.787
828.915
831.242
828.699
824.394
827.772
827.256
827.131
828.083
828.098
826.123
825.559
823.398
824.714
822.483
827.127
829.79
830.24
831.486
826.667
826.275
825.009
821.619
822.119
819.47
824.417
825.235
823.307
823.489
821.67
820.937
816.603
814.49
812.24
812.768
816.219
816.254
814.059
812.092
811.051
810.612
809.56
810.001
805.686
805.805
806.492
805.832
806.726
812.673
810.149
808.645
810.819
810.517
813.047
814.275
809.578
803.968
803.452
808.104
814.548
814.553
812.942
809.155
805.99
801.012
804.917
805.147
806.815
807.963
806.006
798.705
801.785
802.523
802.259
801.886
798.716
800.046
801.499
798.914
804.588
808.09
807.113
806.259
803.239
803.401
805.926
803.48
800.508
797.83
801.053
801.75
801.166
798.634
794.369
795.377
791.957
793.24
788.202
791.016
789.162
788.752
791.437
792.409
791.171
795.425
792.392
792.873
793.917
793.171
791.391
791.755
788.896
789.256
790.39
791.36
789.955
785.75
785.428
783.761
787.439
786.225
785.465
786.932
784.543
785.178
785.578
785.185
781.848
782.117
782.901
782.684
783.072
784.003
783.26
782.095
782.448
783.117
783.216
781.812
782.979
784.888
783.56
785.572
787.03
788.373
787.513
785.253
782.791
782.275
782.126
781.865
780.395
780.219
780.408
779.974
779.355
778.244
777.957
776.829
777.303
774.389
774.486
776.528
774.415
775.176
773.717
773.865
772.997
775.982
776.592
777.241
777.684
780.53
779.315
780.517
779.242
779.94
777.983
777.932
781.378
778.661
779.295
779.983
780.722
781.777
780.55
781.273
777.844
776.931
775.882
774.925
772.604
770.99
771.223
771.699
770.675
772.193
773.459
773.266
774.328
773.53
777.056
780.268
779.65
778.009
776.838
774.266
775.008
775.308
775.368
774.04
773.58
776.021
773.593
775.118
775.808
777.316
777.69
776.919
778.272
777.062
775.753
773.926
774.27
772.42
771.433
770.317
768.682
768.849
769.801
770.865
771.088
770.757
770.689
772.026
771.306
773.225
770.622
772.382
773.257
771.469
771.289
769.488
770.195
770.23
770.924
767.914
767.161
764.032
763
764.416
764.303
760.737
761.496
763.198
763.641
760.47
760.897
760.439
761.934
760.223
759.411
759.623
759.481
758.812
757.544
758.591
758.407
757.602
757.471
758.118
758.763
759.904
759.671
759.756
760.588
758.712
760.152
760.378
756.831
756.207
757.398
757.089
755.867
755.607
755.729
755.921
755.594
753.69
754.753
753.071
754.281
753.875
753.623
753.514
754.284
752.345
752.317
753.879
752.066
753.626
754.511
754.364
752.529
754.167
754.138
753.379
754.29
755.803
755.64
757.175
754.807
752.541
751.712
750.977
750.68
751.311
750.004
750.058
749.927
750.058
748.684
748.225
749.744
750.025
749.702
749.674
750.096
748.937
749.513
749.729
749.493
750.476
749.129
748.912
747.875
747.241
747.429
747.798
749.601
748.649
748.739
746.824
746.97
745.921
745.919
745.731
745.859
745.537
745.435
745.429
744.189
743.869
745.197
745.238
745.305
744.681
744.765
744.45
745.583
744.479
744.037
743.896
742.765
742.93
742.462
742.832
744.824
742.34
742.301
741.521
741.188
740.553
740.262
740.15
741.087
741.112
740.674
739.875
739.867
740.361
740.065
739.475
740.049
740.513
740.441
738.736
738.169
739.057
739.658
739.306
740.856
741.808
742.387
742.485
741.785
741.061
740.55
740.302
739.126
737.987
737.528
738.045
738.271
738.222
737.109
735.891
736.032
735.663
735.759
736.092
735.581
735.404
735.484
734.205
733.133
732.862
734.082
734.11
733.556
733.81
733.554
733.092
734.717
734.216
734.259
734.261
735.077
734.748
734.548
734.071
734.598
735.016
734.487
733.642
733.886
733.88
733.903
734.859
733.889
733.39
732.876
733.035
731.811
730.882
731.666
731.262
731.355
731.065
730.71
730.578
731.482
731.253
730.674
730.879
731.589
731.656
731.786
731.734
731.387
732.113
730.872
730.985
730.658
730.401
730.765
730.357
729.88
729.387
729.663
729.483
730.585
729.777
730.304
730.259
730.568
730.127
730.177
729.49
729.926
729.382
729.462
727.139
728.12
728.19
728.202
727.819
727.628
727.841
727.956
727.458
728.374
728.832
729.388
727.993
726.96
726.993
727.32
726.416
726.988
727.225
726.622
726.518
726.868
725.997
726.926
726.748
726.746
727.432
726.546
727.072
726.976
726.966
725.64
725.766
725.065
724.611
724.427
724.013
722.996
723.382
722.676
723.069
722.471
723.169
722.669
722.104
722.391
723.091
722.708
722.211
722.519
721.889
721.159
720.641
720.768
720.328
720.218
720.986
720.642
719.952
