Mut_X Mut_Y Mut_Size Mut_Rot Mut_R Mut_G Mut_B Mut_Type Time_Sec
56523 56455 65826 57618 66161 66074 66536 53939 2004.52
0 0 0 0 0 0 0 0 2004.52
--- Historial MSE por cambio de temperatura ---
39503.9
39415
39910
40404.9
40275
40823.3
40307
40349.5
40148.7
40585.2
40336.1
40621.4
40677.3
40725.6
40141.7
40091
40298.2
40798.7
41007
41316
40506.4
41070.8
41305.8
41127.4
41252.5
40626.8
41151.7
41325.2
40425
40234.2
40239.1
40197.2
40551.4
40829.8
41252.1
40788.9
41179.1
41283.6
41367.7
41061.7
41226.9
41273.3
40798.1
40560
40485.3
40459.9
40373.1
40702.4
40282.6
39911.4
40606.1
40907.2
40888.3
41315
41646.6
41612.7
41508.6
41077.5
41251.2
41285.7
40470.7
39950.9
40602.7
40631.6
40449.5
40837.5
40424.1
40265.6
40209.2
39429.9
39043.1
39340.1
39992.1
40218.8
39615.8
39357.9
38640.3
39112.2
38656.4
38126.8
37910.5
38566.2
39319.1
38921.5
38856.6
39050.8
38893.3
39798.4
39311.8
39565.2
39490.3
40206.3
39051.6
38520.6
38552.8
38860.6
37665.5
37840.4
38486.4
38099.7
37394.7
37163.4
37312.1
37397
37022.9
37085.5
36922.9
37002.9
37716.5
37642.2
38007.9
37654.8
37859.4
36510.1
37585.9
37985.2
38142.7
37315.7
37996.9
38350.5
37552
38030.3
39094.7
38998.3
38849.4
37629.5
37998.9
38426.1
38583.6
38840.8
39022.5
38778.3
38752.7
39096.4
38680.9
39100.2
38620.7
38443.3
38220.4
38802.8
38429
37959.4
39151.4
38423.7
37750.9
36250.6
37784.2
37017.9
36669.5
37360.2
37234.9
36394.9
36362.3
35968.2
36156.5
36020.6
36062.2
35052.6
35697.1
35707.3
36059.3
36383.9
37416.4
36918
36730.7
35467.2
36359
36885.7
36803.2
36484.4
35739.4
36680.6
36323.9
35951
35739.7
36237.6
35910.6
35873.1
35863.9
37195.2
37826.7
37351.1
37313.3
36632.5
36362.3
37079.6
37697.1
38023.4
37569.7
37106.8
35355.1
36527.1
37432.8
37424.5
36904.5
37117.6
36914.1
37938.4
38398.1
37694.2
37515.2
37785.3
37282
37792.2
37138.8
38045.1
37168.6
37209.2
37152.9
37113.3
37607
37690.6
37622.1
38669.4
38284.3
39061.8
38332
37870.8
38121.3
37937.1
38065.9
38739.4
38950
38407.5
37935.9
37243.6
37264.3
37276
37678.9
37952.5
38487.9
37683.8
37578.7
37674.3
38145.5
38025.4
37740.3
39044.8
38944.1
38413.7
38027.5
36777.7
36090.1
35596.7
36019.7
36072.9
36623.3
37110.5
37651.5
37810.2
36552.4
37098.4
36634.2
35819.2
36998.3
36865.4
35802.2
36579.6
36429.8
36442.3
36873.9
37007.5
36851.5
36528.6
36170.4
35843.4
36557.5
37479.6
37310.8
36757.2
36970.3
36545.8
35976.6
36170.9
36681.1
35145.7
35886.3
35973
36014.4
35811.2
35828.1
36396.9
36899.1
36682.2
36611
36278.7
35816
35559.7
35790.5
36170.9
37353.2
37292.5
36921.2
36726.9
37477.3
37040
37255.9
36695.6
36245.3
35359.5
35800.6
35594.7
36402.1
36307.6
36789.8
36834.5
36807.3
36683.9
36350.3
36758.6
36662.7
37017.7
37845.3
37648
37956.3
37170.9
37398.1
37714.9
37437.9
36909.5
37505.6
37602.3
36952.5
37479.5
38832.9
38143.9
37112.3
38137
38002.4
37370.1
37986.6
38086.8
37642.9
38490.9
38862.6
38382.4
37479.8
37754.7
37454.1
36580.7
36452.6
37160.4
36747
36980.3
36482.3
36021.5
35223.1
35398.2
35050.2
34669.4
33957.7
33695.6
34544.9
34257.2
34589.3
34588
33767.7
34138
33978.3
33359.4
33386.9
32687.2
33626.5
34674.6
35208.4
34608.9
35594.6
35458.9
35762.9
35010.8
35063.8
35803.2
34845.6
34124.4
33810.9
34361.8
34419.2
33885.7
33977.7
34665.7
35022.9
34147.8
34811.9
35183.5
35063.1
34727.9
34362.9
34122.1
33843.6
33579.6
33804.4
33847.4
32913.1
33046.9
32135.9
32108.7
33529.8
33139.8
32926.3
32727
32201.5
34063.3
32381.2
34297.4
34221.3
33318.4
33844.4
34458.4
34658.4
33983
34442.1
34523
33986.6
34611.8
35170.5
34631.5
34857.3
35474.8
34763.8
34102.5
34322.8
34238.5
34498.6
34002
34145.5
33792.5
33713.7
33482.6
32887.9
33296
32876
32981.3
33262
32868
33086.5
33522.3
33459.7
33578.6
32278.8
32593.9
32817.7
32566.6
31904.3
32938.1
32952.4
32177.5
32486.3
31614.6
31970.6
31578.4
31252
31799.7
31534.4
31745.3
31796.7
32303.4
34615.1
34889.2
33908.3
33420.2
33256.2
33631.3
32812.3
31772
31863.7
33415.2
32068.1
32538
32372.1
31874
31563.9
31708.8
31995.7
31883.3
31740.2
30807
31596.2
32133.5
32299.4
31859
31600.4
31579.1
31346.8
31673.7
31911.7
31973.5
31789
31365.9
31517.8
31947.4
31475.1
30083.3
31039.7
31072.3
30527.4
31567.9
31745.6
32609.7
31889
30849.2
32153.6
31915.2
30921.3
31776.3
32151.9
31873.2
33027.8
33798.8
33022.9
32266.9
32515.9
32001.8
32022.4
32194.5
32593.3
33493.6
33493
32648.8
31253.4
31512.3
31689.7
31553.5
31317.7
30757.8
30758.4
29951.2
30847.7
30531.7
28568.8
29667.1
28884.1
29236.8
28611.6
27491.5
28386.3
28693
28847.8
28813.6
27819.3
28054.1
27762.3
27483.4
27130.7
27283.4
27669.3
28007.8
28479.7
27801
28484.8
28714.1
28044.2
28608.8
28169.5
27535.7
27110.5
27399.6
26755.2
27441.9
27861.9
27129.6
27311.5
27259.7
27302.2
27539.6
28098.5
28914.1
28254.5
29414.9
29560.3
29171.5
29166.3
29107
28666.1
28682.1
28755.2
29258.3
29924.4
29674.6
28796.3
28934.4
29490.4
29186.8
29782.7
29709.8
28706.7
28425.8
28140.6
27509.3
28166.8
27786.7
28384.9
29642.8
28921.9
28832.1
27071.5
26597.7
26228.8
25948.3
27199.9
26716.2
28034.7
28542.9
27847.8
27862.6
27769.4
28155.9
28053.3
29091.4
28773.6
27555.3
27105.8
27349.7
27528.4
26999.9
27006.8
26579.9
26916.4
25877.2
25813.2
25824.9
25722.4
25422.9
25672.2
26102.5
25935
25711.9
25615.9
26331.6
26863.5
26637.8
26005.8
26502.5
26232.3
26209.7
24501.7
24655.7
25016.2
25043.7
23580.6
23418.7
24023.9
23485
23308
23317.7
23246.9
24303.6
24651.2
24028.5
24971.3
24314.4
23895.4
22780.7
22687.2
23541.4
22986.5
22554.8
22150.9
23038.6
23522.4
24198.1
24201.8
23942.2
23360.2
21229
21836.7
21830.2
21112.3
21239.3
22136.6
22526.2
22015.1
21255.6
21717.9
21843.6
23100.3
22716.3
22565.6
23134.9
23620.6
22342.2
22068.4
22370.7
22534.3
22972.4
23044
23103.6
23621.3
23631.8
23950.7
22604.9
21373.9
20559.6
20921.4
20194.9
20426.7
21259.7
22467.4
23407.5
22889.9
22978.8
21891.6
21511.3
21478.3
20576.9
20789
21516.8
21949.8
22650.9
22277.8
22471.7
22762.2
23510
22232.6
22113.5
23312.9
22744.9
22863.7
21189.3
20820.1
20378.1
20716.9
20835.4
21563.1
21712.6
22036.3
21226.3
20917.2
20549.8
21413.9
22628.1
23078.6
22559.4
21882.9
21424.7
21214.2
21755
20931.6
20296.1
19837.4
19786.8
20430.1
19355.6
19375.7
19610.6
19624.2
19545.9
19783.6
19434.5
19159.8
19359.5
18927.6
19054.8
18629.2
18853.4
19311.2
20648.9
19844.6
19562.4
19216.5
18520.3
18541.8
19694.4
19035.2
18077.2
18678.4
18498.2
19765.9
20238.1
20081.3
19386.3
19266.1
19315.9
18764.8
18130.4
17165.6
16873
17538.7
17173.2
16929.7
16521.7
16351.7
16100.5
16261.9
15967.7
17274.2
16854
16529.2
16630.8
16341.2
17280.1
16980.6
16491.7
15675.2
15795.1
15707.9
15798.1
15596.8
15977.2
16123.8
16382.7
16075
16091.4
16381.8
16176.1
15887.7
15928.6
15098.1
14762.8
14694.5
14743.9
14595.8
14704.9
14069.7
14813.3
13936.8
13429.9
12467.5
12843.9
12285.8
12225.7
12265.3
12309.7
12309
11719.9
11790.5
11556.9
11858.3
11576.6
12186.7
12254.2
12064.7
12021.2
11701.7
11455.7
11345.2
11676
12521.8
11737.5
11036.1
11445.5
11443.4
10905.8
10389.8
10607
11067.6
11905.6
11039.3
11545.8
11477.3
11527.9
12409.2
12069.6
11423.8
11309.6
10936.8
10945.8
10984.2
10974.3
10423
10361.9
9886.37
10797.9
10715.5
11206.7
11157.1
10837
10832.5
11368.4
10510.5
10889.1
10244
10237.7
9623.35
9921.64
9505.23
9419.6
9210.39
9069.27
9023.48
8615.48
9252.53
9030.38
9292.33
9344.51
9299.05
9459.08
9298.27
9328.74
9797.06
8955.97
9453.69
9112.65
8537.76
8758.28
8812.23
9105
8648.04
9142.34
8893.85
8912.7
8893.33
9232.05
9013.04
9182.82
8582.04
8881.58
9591.51
8951.95
8992.99
9304.55
9829.29
9732.18
9812.71
9578.02
9066.57
9350.05
9580.8
9745.97
9619.47
9365.2
9662.97
9605.99
9819.56
10083.6
10210
10027.3
9767.91
9939.59
10120.3
10505.4
10294.6
10343.2
10617.1
10341
9971.65
10209.1
10126
9624.39
9450.38
9285.82
8767.53
8859.07
9035.04
9463.42
9067.25
8731.74
8682.03
8491.64
8638.12
8753.31
8661.91
8642.24
8161.37
8002.56
8275.58
8182.74
7983.58
7968.18
7992.55
7972.93
7777.97
8005.87
7667.45
7505.04
7552.93
7297.84
7104.71
7370.46
7175.18
7246.3
7207.45
7197.02
7184.57
6935.02
7043.19
7205.84
7223.93
7272.34
7576.43
7537.29
6797.72
6690.72
6561.48
6360.66
6350.63
6442.2
6501.72
6300.1
6661.87
6875.7
6854.97
6690.94
6761.72
6928.72
6605.72
6187.76
5969.16
6014.11
5917.62
6286.49
6221.11
6151.55
6202.74
5913.34
6393.39
6352.11
6321.47
6251.36
6232.37
6151.01
6238.24
5955.94
5961.21
5872.55
5848.87
6031.53
6117.98
6053.15
5967.37
6090.41
6127.46
6519.22
6074.07
6184.38
6150.8
6222.96
6509.97
6285.48
6232.39
6353.11
5836.32
5884.41
6023.65
5952.15
5845.16
5805.18
5858.37
5978.91
5985.83
5848.57
5449.43
5428.15
5687.49
5700.1
5436.39
5421.25
5672.07
5789.23
5610.45
5304.58
5554.92
5648.84
5512.11
5502.71
5370.99
5454.24
5746.45
5635.28
5190.81
5601.15
5230.79
5281.77
5490.28
5577.53
5801.06
5706.32
5359.72
5509.29
5623.32
5463.73
5469.44
5672.7
5652.2
5645.32
5336.64
5352.73
5337.38
5554.28
5210.71
5264.84
5275.15
5242.66
5284.81
5497.3
5274.46
5184.44
5175.26
5105.57
5069.32
4954.78
5184.48
5034.56
4901.11
5080.11
4934.04
4942.97
4602.54
4806.72
4976.22
4795.94
4882.07
4713.96
4805.93
4827.38
4761.63
4683.15
4424.01
4396.32
4307.35
4208.86
3977.49
4232.18
4026.74
3959.23
4279.15
4021.41
4076.44
4059.12
3931.39
4065.46
3910.71
3772.51
3864.7
3796.08
3670.95
3758.39
3756.38
3820.79
3835.79
3934.46
4031.49
4110.21
4249.7
4073.89
3995.1
4128.49
4147.21
4053.4
4112.76
4053.17
4060.66
4088.69
3905.3
4132.51
3846.8
3932.1
3879.56
3830
3662.79
3841.34
3698
3606.46
3495.88
3530.13
3495.07
3651.05
3538.69
3311.82
3489.25
3435.56
3377.85
3383.07
3371.03
3545.27
3379.36
3260.64
3286.64
3422.14
3276.41
3097.72
3206.17
3320.86
3338.4
3338.19
3044.78
3147.5
2831.53
2754.21
2814.12
2900.64
2866.64
2798.92
2943.35
2943.08
2853.04
2753.38
2820.1
2875.69
2941.41
2925.77
2837.54
2994.5
2947.13
2831.71
2702.03
2859.51
2891.14
2829.52
2756.91
2861.61
2776.77
2929.64
2961.37
2939.04
3017.67
2840.74
2958.41
2861.48
2873.24
2876.93
2856.2
3021.72
2886.9
2987.23
2938.31
2870.85
2714.86
2770.3
2680.51
2674.72
2673.81
2484.41
2540.38
2532.48
2643.48
2614.13
2669.36
2804.04
2757.21
2691.2
2794.56
2648.44
2718.19
2709.76
2610.41
2642.79
2658.76
2589.55
2603.47
2610.93
2711.96
2619.35
2715.65
2733.02
2697.26
2604.18
2620.36
2662.57
2562.94
2622.8
2502.06
2496.32
2464.27
2495.65
2402.44
2398.71
2318.84
2335.24
2268.77
2334.73
2356.64
2402.25
2428.93
2339.78
2334.07
2502.96
2432.33
2381.17
2374.82
2242.87
2264.81
2315.78
2395.66
2297.81
2169.19
2036.5
2113.85
2027.34
2064.47
2015.86
2047.51
2016.09
2135.5
2069.83
2021.26
1921.04
1989.48
1979.02
1942.88
1904.05
2007.3
1855.69
1887.99
1857.4
1818.34
1851.07
1904.24
1853.75
1842.42
1852.04
1912.86
1933.51
1875.86
1848.22
1830.83
1872.94
1894.52
1867.73
1924.61
1902.47
1894.83
1811.43
1818.24
1927.57
1980.77
2013.18
1948.69
1909.77
1940.69
1885.42
1962.3
1958.81
1881.04
1896.99
1952.33
1912.79
1900.51
1884.35
1978.59
1953.02
1983.14
1873.86
1846.5
1841.47
1866.8
1830.66
1781.21
1810.16
1851.76
1835.13
1904.12
1855.43
1871.41
1871.49
1839.11
1777.33
1786.36
1814.33
1840.57
1865.47
1902.65
1909.69
1953.97
2025.98
1972.75
1970.16
1921.74
1927.62
1928.72
1988.49
1963.49
1961.16
1928.53
1975.5
1896.4
1895.19
1965.68
1885.25
1876.45
1868.42
1863.61
1904.36
1846.7
1809.83
1815.35
1859.64
1818.85
1851.41
1821.86
1793.78
1786.13
1812.42
1790.53
1833.2
1760.54
1904.26
1881.43
1850.33
1825.4
1818.1
1782.55
1734.01
1732.11
1712.94
1729.29
1754.81
1755.76
1810.75
1819.83
1768.37
1769.89
1816.65
1752.6
1688.24
1698.32
1726.53
1705.55
1667.86
1677.34
1707.62
1689.33
1721.93
1709.37
1656.62
1618.42
1558.37
1583.42
1554.08
1556.13
1573.42
1560.51
1473.34
1489.58
1580.7
1627.33
1616.35
1581.12
1599.19
1579.34
1501.48
1492.04
1565.36
1504.11
1514.43
1472.96
1472.33
1474.61
1460.82
1480.3
1480.19
1435.57
1508.57
1464.88
1449.09
1438.07
1492.01
1460.93
1426.61
1423.7
1489.06
1505.51
1554.03
1513.15
1516.4
1561.05
1576.12
1559.29
1527.35
1514.5
1520.36
1502.02
1463.81
1462.12
1381.42
1362.73
1365.32
1367.87
1380.96
1324.67
1369.18
1344.38
1377.85
1396.1
1406.27
1382.87
1400.83
1420.1
1419.92
1392.32
1416.72
1411.4
1412.2
1451.95
1444.9
1437.49
1479.58
1438.59
1422.02
1396.12
1394.19
1414.55
1412.1
1399.6
1362.76
1340
1360.41
1400.11
1389.48
1388.25
1370.47
1338.26
1322.98
1360.36
1375.75
1328.25
1310.66
1320.26
1283.77
1310.92
1315.18
1288.55
1268.29
1336.27
1293.57
1263.19
1243.04
1279.13
1298.74
1257.56
1264.72
1246.76
1222.37
1200.94
1194.05
1219.07
1234.32
1226.5
1254.38
1274.81
1290.05
1263.35
1306.34
1289.75
1250.54
1237.58
1223.83
1220.26
1224.2
1243.29
1193.28
1191.59
1211.26
1204.05
1205.57
1216.83
1189.26
1214.86
1225.96
1214.81
1210.86
1220.93
1236.26
1206.72
1205.9
1180.57
1179.94
1181.52
1176.1
1173.95
1203
1192.26
1174.69
1179.42
1202.36
1214.9
1190.91
1213.1
1206.48
1198.77
1163.7
1170.07
1170.17
1195
1213.24
1222.03
1230.1
1241.32
1227.75
1175.95
1186.65
1177.78
1175.83
1155.27
1144.82
1157.62
1143.07
1141.21
1137.26
1137.8
1121.07
1143.09
1137.95
1148.72
1164.69
1142.67
1137.54
1133.58
1112.28
1094.76
1086.65
1091.15
1099.6
1103.8
1091.69
1073.71
1086.41
1091.88
1100.73
1078.69
1086.16
1068.55
1076.65
1106.74
1120.38
1123.73
1124.01
1136.39
1098.79
1077.17
1076.43
1081.36
1081.95
1064.51
1071.06
1099.13
1083.5
1081.99
1086.77
1045.75
1036.71
1028.54
1053.18
1015.99
992.688
981.085
964.182
960.918
974.462
986.249
989.925
995.14
999.968
1010
993.764
999.413
998.297
977.577
1007.09
989.948
979.194
981.387
988.147
983.075
998.943
1000.89
1006.96
986.46
954.461
939.95
959.367
937.941
944.665
945.727
945.29
965.197
950.356
952.468
949.157
944.591
953.939
964.22
963.431
964.691
953.345
960.309
960.409
958.678
959.896
948.461
939.697
938.373
942.333
959.374
963.003
958.629
937.108
944.697
951.36
949.041
956.784
953.956
939.722
934.446
925.935
903.281
898.456
912.782
907.6
900.666
905.843
912.472
906.205
884.95
892.384
876.872
881.402
874.022
874.443
881.251
872.309
882.809
871.802
866.931
864.911
858.077
866.681
876.363
877.071
879.319
879.122
878.346
865.375
854.396
851.183
856.54
863.49
862.358
850.37
844.951
851.699
851.357
839.831
827.765
836.882
844.375
845.483
845.26
846.891
844.297
848.072
848.581
842.103
851.693
840.117
829.522
831.261
834.236
834.77
829.787
819.684
818.232
818.812
816.173
822.765
825.774
823.755
824.856
828.342
828.807
831.7
831.094
829.01
828.3
828.949
821.289
814.81
813.998
813.668
810.281
817.771
820.257
823.072
808.687
803.916
808.153
807.078
808.664
794.372
783.863
796.821
793.432
800.335
791.947
801.533
797.72
804.721
808.695
804.738
803.573
800.166
799.142
791.822
792.931
798.413
802.802
793.403
801.371
799.683
809.518
800.245
797.83
793.538
783.899
788.179
784.264
776.942
782.567
783.241
791.255
782.727
787.166
786.091
782.603
771.204
768.565
763.261
761.718
759.911
759.513
754.093
752.213
748.109
741.409
742.338
744.148
749.832
751.005
748.425
756.817
755.688
756.062
758.905
759.906
758.874
758.423
747.397
742.569
746.358
741.285
726.531
730.331
718.55
721.959
723.318
718.442
718.668
720.607
719.488
719.097
719.29
715.357
704.152
705.653
704.548
709.235
710.401
708.497
710.351
718.411
711.907
709.77
719.021
726.964
722.718
724.854
723.624
722.875
722.73
714.269
715.339
711.616
713.601
718.982
715.782
712.387
715.396
711.153
712.008
717.866
711.69
714.511
720.22
708.21
708.009
717.1
718.828
717.225
713.251
715.509
719.147
712.494
705.858
702.167
700.16
703.619
699.1
698.571
694.364
693.131
690.161
697.576
690.49
688.931
692.038
692.171
692.835
689.008
688.213
683.321
680.21
682.588
681.031
687.056
689.164
689.469
681.393
681.005
680.36
686.028
685.877
688.135
682.834
678.59
675.612
668.957
670.834
666.264
665.134
668.321
665.999
665.963
661.196
662.149
661.387
661.01
659.241
653.4
651.179
653.646
661.929
656.57
654.43
655.22
656.938
654.151
655.503
659.217
658.062
653.719
653.728
656.207
656.692
658.668
658.66
659.842
662.933
661.123
655.532
659.32
655.699
656.94
654.634
649.559
649.966
647.38
647.692
643.771
644.544
641.96
645.054
651.956
650.288
651.716
657.163
651.927
645.686
645.471
645.221
646.44
647.1
646.072
645.85
642.397
642.207
641.725
639.764
641.844
635.384
635.654
635.402
631.964
629.467
627.244
630.811
629.87
628.336
626.04
624.323
623.204
628.433
627.225
624.26
624.438
629.826
626.875
624.691
625.322
627.547
628.182
625.578
629.283
626.707
623.748
624.615
624.483
624.463
625.558
625.072
625.073
625.407
626.769
625.36
625.591
625.183
624.886
622.904
622.852
623.497
623.161
622.314
620.977
620.691
620.658
617.936
615.28
615.69
610.685
610.96
611.318
609.694
609.46
609.268
609.144
608.678
609.199
610.313
612.502
611.532
613.092
612.233
611.672
612.532
611.438
611.239
610.635
611.494
609.674
609.201
611.308
611.787
611.473
611.995
611.265
611.24
608.67
607.965
607.587
606.836
608.204
609.152
609.42
608.18
608.097
607.564
607.061
606.57
609.792
606.879
604.309
605.001
605.399
606.634
605.892
604.733
605.304
602.365
602.493
603.709
604.353
604.172
601.432
603.859
605.261
606.759
604.856
606.051
604.812
602.943
603.04
603.078
603.497
602.539
603.819
603.394
602.543
604.47
605.043
605.588
604.893
605.152
604.336
604.471
602.415
603.628
603.749
605.634
607.033
605.584
602.779
603.839
602.271
599.387
598.989
600.114
599.647
598.9
598.648
599.203
600.259
599.849
599.824
599.594
599.062
599.632
598.109
597.371
597.746
596.635
595.867
597.143
596.063
596.413
596.068
596.255
596.629
596.929
596.096
594.299
593.206
593.326
592.787
592.722
591.713
591.881
592.284
593.949
592.923
593.946
594.839
593.512
595.232
594.261
592.246
591.576
591.977
591.202
590.77
590.206
589.784
588.888
588.587
587.349
587.174
587.868
588.499
587.675
586.678
584.749
584.809
584.305
583.502
583.294
583.398
583.402
583.562
584.314
583.553
583.875
583.202
581.046
581.307
581.855
580.94
581.243
580.648
581.38
581.05
581.256
582.136
579.416
579.456
578.851
578.499
577.562
578.004
577.629
578.507
577.873
578.024
578.159
579.426
576.951
577.646
573.78
572.954
572.72
572.238
570.243
567.561
567.17
567.962
566.933
565.237
565.185
566.426
566.463
565.206
564.66
564.149
562.58
563.071
564.09
562.489
561.892
560.422
560.049
559.567
559.634
558.583
558.876
558.135
558.117
558.873
558.901
560.063
560.984
559.677
559.252
559.058
559.514
558.05
559.492
559.49
558.997
557.617
557.001
557.24
557.783
554.043
553.843
553.071
553.173
553.681
552.436
552.976
553.449
553.043
552.178
552.543
552.571
552.388
552.091
552.777
551.897
552.069
551.769
551.381
550.988
550.088
550.413
550.168
550.204
550.905
550.802
550.483
550.566
551.319
551.692
551.207
550.795
550.097
550.356
550.391
550.65
550.2
550.213
549.178
