Mut_X Mut_Y Mut_Size Mut_Rot Mut_R Mut_G Mut_B Mut_Type Time_Sec
97963 96070 110029 99251 112441 112106 112277 93638 2283.34
0 0 0 0 0 0 0 0 2283.34
--- Historial MSE por cambio de temperatura ---
14876.7
14701.5
14518.2
14427.6
14384.3
14621.2
14252.9
14112.2
14446.3
14432.2
14408.4
14599
14713
14757.2
14485.6
14889.3
14975.9
14743.7
15262.8
15168.6
15354.7
15365.5
15411.4
15181.6
15083.9
14564
14564.8
14891.2
14796
14933.1
15173
14869
14927.8
14877.5
14917.4
14770.6
14410.6
14556.2
14455.3
14341
14351.8
14396.4
14726.8
14355.9
14391.7
14710.1
14599.3
14346.1
14287.2
14491
14859
14747.7
14129.7
14205.6
14094.8
14133.5
14387.7
14474.4
14562.1
14295.9
14632.7
14733.1
14586.5
14545.4
14641.3
14144.1
14371.2
14943.2
15094.4
14662
14571.3
14925.3
14735.4
15039.7
15230.1
15568.1
15408.4
15490.5
15423.5
15212
14673.2
14581.6
14605.6
14806.2
15122.4
14967.9
15294
15241.1
15350.3
15134.1
15242.9
15256.2
15795.2
15514
14541.5
14823.3
14701.2
14555
14593.3
14384.1
13972.3
14113.7
14295.3
14337.6
14335.6
14318.4
14307.4
14270
14382.6
14645.3
14641.2
14191
14438.3
14445.6
14646.7
14041.2
14154.5
14194.7
14318.1
14737.5
14720.3
14892.7
14541.4
14505.5
14404.9
13982
14318.9
14122.3
14276.4
14267.6
14539.9
14307.9
14935.3
14866.1
14764.3
14907.8
14997.5
14854.2
15014
15079.4
15316.2
15518.8
15386.1
15594.4
15201.9
15292
15021.8
15206.3
15160.9
14655.9
14484.9
14597.2
14255.1
14227.6
14452
14856.1
14309.9
14095.9
14439.8
14248
14341.7
14447.5
14083.3
14459.2
14023
13787.6
13841.2
14006.9
14397.7
14233.8
14724.3
14178.7
13587.2
13574.3
13680.1
13503.7
13424.2
13757.1
13653.5
13013.4
12670.9
12912.9
12919.6
12722.9
12986.3
12949.2
12811
12844.8
13069.6
13232.1
13358.6
13058.7
13203.3
13121.1
13037.4
13241.9
12930.5
13084.6
13244.3
13565
13542.6
13261.2
13056.4
12941.3
13409.6
13470
13222.8
12776.8
12870.8
12860.2
12834.8
13306.7
13596.8
13528
13560.3
13437.9
12909.7
13270.3
13203.9
13155.8
13361.3
14056.8
13728.8
13904.8
13899.7
14124.3
14118.5
14069.2
14115
14146.3
14313.1
14503
14156.9
14159.8
14159.1
14363.7
14576.9
14159
14225.8
14020.3
14248
14381.2
14009
14424.9
14324.7
14368.7
14585.7
14448.4
14496.1
14439.3
14193.7
14713.4
14556.5
14389.8
14645.8
14191.9
14686.1
14520.9
14467.4
14290.5
14596.4
14808
14690.3
14251.8
14863.8
14580
14443
14565.1
14705.4
14556.8
14369.8
14077.5
14067.3
14508.4
14650.9
15176.2
14963.7
14897.8
14914.4
14862.2
14989
15067.1
14914.8
15246.2
15282.9
15362.1
15158.8
14906.5
15178.1
15307.2
14966.1
14928.8
14897.5
15090.4
14874.1
14974.2
14565.4
14903.6
14584.7
14814.9
14613.7
14849
15346
15430.2
14968.6
14916.7
14630.8
15137.6
15126
15025
15021.4
15247.5
15282.8
14762.3
14627.8
14675.5
14119.2
14024.1
14046.9
14232.1
14455.6
14352
14049.8
14038.6
13903
13700.7
13928.3
14045.7
13668.7
13852.8
13916.1
13855.2
13526
13324.2
13495.8
13593.1
13813.4
13798.7
14010.9
13822.8
13967.7
13742.6
14218.5
14237.6
13976.1
14143.7
13883.9
13573.4
13791.8
13913.6
14008.5
13887.1
14102.2
14585
14350.4
14318.5
14597.4
14631.8
14592.3
14904.6
14889.4
14689.3
14701.2
14604.8
14647.8
14629
14847.7
14756.1
14785
14447.2
14828.4
14222.6
14370.3
14626.2
14456.6
14652.1
14154.5
14028.1
14664.2
15070
14893.3
14789.6
14686.2
14776.7
14988.1
14647
14377.7
14590.5
14301.7
14039.5
14240.5
13992.1
14045.5
14529
14676.6
14488.5
14320.2
14266.6
14494.2
14020.8
14093.4
14160.6
14431.3
14634.5
14697.9
14870.1
14966.9
15025.5
15200.1
15422.3
15386.7
15158.6
15142.9
15393.8
15111.8
15367.4
14833.6
14982.1
14927.3
14863.6
14876
14803.7
14891.2
14662.9
14883.6
14877.6
14582.6
15013.2
14956.3
14687.1
14629.1
14702.2
14366.3
14427.7
14564.2
14727.9
14725.9
14946.5
14860.7
14407.6
14875
15520.8
15407.2
14996.3
15115
15104.3
15159.1
15550.1
15383.9
15264.7
15406.4
15577.2
15213.3
15218.9
15669.2
15612.1
15213.4
15197.9
15402.2
15623.8
15533.2
15682.7
15581
15448.4
14867.9
14767.1
15483.9
15299.7
15957.2
15940.4
15262.4
15096.4
15159.2
15430.6
15311.1
15143.6
15255.5
15175.2
15709.3
16415.3
16020.2
16035.8
15731.7
15701.5
15768.1
15095.2
14937.9
15655.2
16116.3
16084.6
15472.4
14968.9
15382.2
14940.1
14920.8
14861
14859.2
14781.6
14904.6
14463.4
14441.4
14856.4
14996.8
14804.4
14920.5
15076.6
15146.1
14810.7
14428.8
14828.5
14726.7
14985.9
15142.5
14997.4
15259.8
15508.3
15765.9
16041.2
15704.6
15733.7
15563.6
15311.5
15217.4
14999.8
15242.5
15105.7
15429.3
15380.8
15722.2
15172.8
15141.1
15401.5
15384
15595.3
15543.5
15428
15604.4
15476.9
15524.3
15076.4
14981.9
14636.9
14120.3
13757.9
13982.7
14161.8
14090.3
14281.9
14410.3
14631.7
14779.4
14597.4
14739.8
14625.3
15056.3
15068.8
15226.1
15360.6
15351.3
15082.4
14818.3
14818.3
14773.7
14991.5
14944.4
14974.5
15469.4
15556.6
15558.6
15635.5
15619.8
15775.4
15887.5
15821.1
16115.8
15952.7
15772.4
15478.8
15205.5
14744.3
15314.8
15426.2
15472
15420.8
15492.7
15550.2
15595.2
15502.9
15531.5
15586.2
16110.8
15890.9
15247.2
14493.8
14828.9
14849.2
14841.1
15176
14706.1
14535.4
14924.2
15189
15434.5
15203.5
15085.5
14757
15101.5
14433.6
14888.3
15324.3
15447.7
14928.7
14573.1
15047.9
15349.5
15165.3
14750
14747.3
15023
15033.6
14874.9
15057.8
15365.6
14892.8
14523.1
14504.9
15037.7
14482.7
14509.1
14478.5
14725.4
14763.4
14576.7
14586.5
14708.7
14719.4
14790.3
14534.4
14875.5
14858.5
14560.5
14029.8
13964.8
14066.7
14768.3
14708
14294.4
14278.2
14656.5
14597.5
14836
14500.9
14662.1
14023
14293.1
14439.5
14174.8
14931.5
14331.4
14118.2
14534.3
14456.7
14426.3
14498.8
14677.9
14747.1
14939.7
14682.7
14438.6
14756.2
14811.7
15131.1
14739.9
15099.9
15405
14930.8
14803.1
14515.3
14862.1
14982.6
14814.1
14767.9
14520.5
14548.9
14945.6
14372.2
14330.1
14202.6
14817.6
14584.3
14473.7
14710.6
14961.8
14420.1
15124.7
14623.6
14407.8
14026.7
14352.3
14970.8
14597.3
14010.1
14486
14254
14256
14375.4
14501.4
14086.5
14701.3
14369.6
14313.3
14300.8
14203.4
14003.3
13914.5
13768.4
13743.7
13875.8
13011.1
12832.4
13032.2
12798.9
12716.1
13037.7
13407
13071.5
13086.3
13277.2
13073.7
13554.6
13583.9
13604
13289.5
13303.8
13298.7
13228.6
12667.4
12489.6
12512.3
12558.5
13216.4
13286.9
13516.8
13389.8
13236.4
13498.7
13064.2
13011.4
13698.2
13793.4
14011.6
13810
13442.3
13296.7
13542.2
13474.1
14057
14175.5
14500.6
13779.8
13946.8
14011.2
13848.3
13608.2
13304.6
13273.2
13125.9
13324.2
13505.3
13173.1
13363
13274.3
13114.8
13372.5
13536.6
13957.1
13829.6
13506.2
13514.6
13327.4
13120.6
13402.1
13062.7
13084.8
13157
12984.7
12669.2
12419.9
12483
12779
12609.4
12544.4
12570.9
13084.2
12258.6
12207.7
12073.4
12254.8
11979.6
11729.1
11416.9
12321.3
12473.9
12647.4
12568.8
12374.1
12526.2
13214.5
12580.6
12533.8
13137.7
13086.7
12967.7
12483.5
12491.8
12918.6
12604.1
12924.8
13198.7
12806.6
12606.4
12925.1
13303.3
13326.9
13198.8
13143.5
13226
12822.5
12146.5
12577.1
12326.8
12966.9
12441.5
11481
11697.6
11476.5
11481.8
12150.9
11631.7
11819.8
11963.9
12100.5
12055.4
12576.6
12358.6
12549.7
12725.3
12571.1
12341
12216.7
11832.9
12344
11803
13131.3
12856.7
12715.2
12984.3
12770.7
12806.4
12712.2
13085.8
13080.6
12815.9
12925.6
12570.7
12898.4
12999
12829.2
12820.2
12473.6
11988.6
12009.3
11586.4
11999.4
12107.8
12669.9
12643.1
12287.5
12486
12633.9
12803.1
12953.7
12593.2
12136.7
12605.3
13257.7
12667.1
12702.7
12382.2
12377.3
13090.9
12726.7
12400.1
12539.5
13082.3
13008.5
12933.3
13018.6
12741.1
12873
12810
12967.1
12576.6
12580.2
12627.7
12391.6
13234.3
13080.1
13005.8
12944.3
12994.6
13384.4
13164.3
12900.9
13518.5
13064.3
13323.9
13227.9
12428.9
12720.9
13084.7
12813.9
11824.2
11764.6
12315.1
12208.4
12768.9
13074.3
13475.9
12824.3
12197
12048.7
12536.8
12038.3
12284.1
12649.4
12376.8
12394.6
12488.6
12499
13147.9
13166.5
13403.4
13086.1
13076.7
13243.9
12881.1
12025.1
12175.5
12083.2
12063
11899.4
11768.7
11939.5
11541.4
11874.4
12314.6
11810.8
11625.1
12070.9
11592.6
11737.6
12048.4
12332.5
12317.9
12597.6
13460.6
13583.5
13333.5
13346.9
13201.3
13032.1
12892.4
13111.7
12681
12243
12451.6
11675.1
11683.9
12457.4
12568.1
12991.8
12668.3
12909.9
12601.4
12507.9
12881.9
12552.5
12101
12711.2
11766.3
11667.6
12325.3
12702.8
13081.2
13094.7
13618.5
13577.5
13232.5
12600.3
13119.9
13160
12639.3
12244.2
11898.2
12181.4
12327.4
12011.7
11864.1
11788.3
11817
12116.3
12502.7
12393.4
12285.7
11793.9
11964.4
11905.5
12028.3
12198.6
11922.2
12455.5
12720.6
12672.1
12431.9
12337.9
12267.6
12424.1
12325.5
12109.6
12309.2
11626.7
11799.2
11774.9
11815.5
11660.5
11634.1
11161.2
11420.4
11768.6
12075.9
11947.7
12190.2
12134.7
11667.4
11788.3
12653.2
12812.6
12226.7
11953.7
11918.7
11984
12020.7
12828.9
12297.3
12545.7
12843.4
11815.9
12109.2
12298.3
12000.3
11883.3
12215.6
12136
12626.8
12283.1
12387.7
12704.7
12415.8
12343
12746
12677
12114.9
12362.5
12080.9
11725
11958.5
12249.4
11953.7
12495.7
11950.4
12263.6
12875.2
12850.9
13238.2
12516
12271.4
12654.9
11998.6
12046.9
12357
12913.3
12386.9
11677.5
11502.9
11473.8
11413.4
11225.5
11770.6
11565.1
11233.2
10552.9
10904.3
11176.5
10897.3
10945.6
10731.1
10823
10484.6
10118
9579.91
9842.41
9323.66
9161.68
9608.52
9905.45
9913.16
10517.9
10409.6
11006.9
10851.5
10786.7
10069.7
10623.5
10531
10136.9
10814.2
11117.3
9946.8
10147.9
10547.1
10443.8
10209.4
9889.76
9503.13
10083.9
10018.9
10290.9
10058.4
10022.9
10101.8
9858.83
9833.75
9945.51
10515.8
9756.36
10015.9
10586.4
10835.5
10833.4
10708.9
11277.3
11397.5
10860.5
10590.7
10154.3
9810.98
9192.49
9328.53
9553.8
9934.66
10202.7
9767.37
10396.8
10571
10574.5
10257.7
9576.94
9803.7
9703.52
9572.24
9453.11
9409.28
9442.65
9788.45
9578.32
10096
9706.44
9479.03
10168.5
10716.6
10425.8
10845.3
10256.8
9975.82
9529
8976.9
8884.81
9867.66
9710.94
9594.88
9288.61
9061.67
9175.89
8731.93
9023.17
9071.71
8757.09
9091.87
8702.4
9285.34
9382.76
9029.79
8838.84
8618.93
8607.15
8846.63
8685.64
8631.51
8759.01
8642.56
8782.53
9604.27
9605.07
9991.24
9906.59
9973.64
9116.44
8739.96
8489.01
8481.24
8595.53
8408.58
8306.92
8438.18
8407.87
8224.39
8452.07
8955
9034.78
8471.84
8273.28
8059.61
8296.12
9019.63
8709.27
8672.89
8558.7
8307.44
8998.56
9366.44
9322.57
8844.88
8829.65
9075.26
9121.11
8771.47
8536.56
8452.39
8672.5
8558.95
8414.03
8210.63
8369.84
8681.83
8167.87
8070.31
8444.98
8573.69
8324.8
8228.01
8928.95
8993.28
8270.08
8755.77
8672.76
9324.44
9015.15
8964.93
9059.53
9011.91
9156.01
9042.9
9236.55
9539.9
9344
9539.3
9216.02
9350.45
9693.81
9724.77
9658.46
9567.31
8949.5
9135.27
8868.15
8745.46
9288.7
9200.54
9436.51
9388.34
10004
9809.78
9924.9
9833.73
9746.16
9248.59
9135.07
9054.94
9021.3
8720.97
9368
9132.75
9077.79
9301.37
9498.48
8976.91
9282.91
9075.76
8824.54
9116.61
8577.32
9006.85
8709.69
8568
8853.98
8829.16
8218.17
8028.27
7829.39
8025.23
8216.82
8468.78
8448.89
8329.78
8673.08
8542.86
8022.29
8081.05
8303.74
8716.58
8597.17
8046.86
7495.52
7640.48
7454.88
7376.68
7530.18
7708.46
7336.82
7486.43
7090.46
7702.92
7581.08
7661.13
7549.38
7911.94
7687.01
7402.63
7826.15
7851.25
8079.87
7717.2
8218.19
8230.03
8365.73
8466.92
8176.49
8255.72
7881.75
8047.42
7980.43
8700.4
8428.65
8019.57
8325.11
8388.14
8071.33
7692.86
7736.02
7731.29
6949.56
7001.47
7085.19
7600.61
7436.72
7604.66
7593.18
7214.93
7399.98
7217.16
7406.54
7158.36
7018.1
7011.91
7200.28
7278.66
7434.41
7231.24
7028.98
7375.2
7444.84
7313.28
7232.08
7241.36
7296.69
7278.09
7510.43
7226.86
7161.08
7049.66
6901.17
7174.6
7517.35
7670.95
7807.25
7806.44
7993.88
8178.63
8223.36
7820.06
8035.3
7876.71
8202.52
8175.74
7557.36
7751.53
8367.86
7218.09
7158.3
6902.06
7673.8
7345.86
7598.32
7379.33
6991.49
7232.42
6512.74
6975.67
6897.16
6796.82
6612.2
6516.91
6244.49
6089.93
5789.87
6139.51
6672.98
6474.32
5933.66
6338.65
6269.71
6330.21
6505.95
6589.82
6903.33
6743.89
6992.6
6897.61
6209.61
6247.11
6307.64
5870.98
5969
5962.13
5614.58
5530.6
5248.34
5409.69
5136.91
5100.04
5449.41
5261.6
5430.7
5391.54
5699.08
5899.4
5806.43
6066.7
6036.19
5762.79
5518.79
5767.12
5469.94
5618.88
5468.55
5613.56
5823.53
6335.46
6791.91
6505.42
6675.41
6204.83
5920.59
6182.86
6276.18
6021.8
6220.29
6289.22
6680.76
6996.1
6737.77
6665.62
6866.27
6940.87
6755.76
6905.08
7030.18
6730.23
6167.46
6038.62
6624.38
6264.87
6805.22
6615.99
6424.32
6434.42
6020.78
6013.74
5587.15
5766.83
6013.57
6062.83
6140.05
5531.1
5423.24
5733.65
5724.13
5942.82
6243.71
6248.4
6328.76
6380.83
6229.78
5999.48
6062.79
5868.75
6051.57
5817.53
5866.02
6126.33
5999.08
5847.33
5924.28
5863.18
5726.37
5628.3
5548.97
5728.39
6095.33
6034.71
5595.1
5840.88
5800.15
5999.04
5921.47
5755.25
5638.02
5632.45
5509.27
6110.7
6124.28
6313.83
6114.71
5706.28
5870.5
5851.75
5827.65
6026.47
5670.7
5891.36
5883.88
5459.73
6010.8
5598.43
5521.56
5424.23
5449.32
5915.55
5921.65
5715.68
5656.46
5408.11
5461.29
5709.19
5475.66
5328.67
5467.39
5905.65
5870.49
5315.71
5265.58
4942.08
4698.51
4635.54
4716.37
4875.74
4886.59
4693.7
4561
4565.26
4950.68
4994.02
5249.74
5236.73
5299.46
5478.73
4930.84
4848.97
4649.78
4739.06
4656.2
5051.97
5150.33
4940.85
4957.56
4715.26
5090.66
5057.54
5013.42
5032.38
5091.81
5113.98
5171.14
5119.81
5086.2
5004.97
4746.11
4849.34
5113.54
5179.94
4968.58
4991.96
5059.04
5106.5
5315.33
4720.99
4872.82
4863.84
4529.52
4669.56
4506.25
4695.49
4580.42
4509.5
4719.87
4807.78
4908.26
4934.52
4897.79
5309.83
5186.89
5209.52
5283.46
5445.73
5440.94
5428.89
5378.7
5470.18
5685.45
5722.38
5655.53
5626.03
5471.59
5215.38
5243.55
5076.19
5162.07
5241.69
5319.72
5525.16
5514.91
5432.67
5246.14
5239.14
5305.39
4946.91
4816.36
4897.23
5114.86
4811.59
4797.66
4569.64
4882.1
4661.36
4619.46
4814.08
4641.49
4609.41
5036.08
4863.68
4836.86
4527.41
4721.17
4805.36
4832.37
4590.94
4628.43
4385.43
4445.83
4417.85
4570.69
4927.55
4939.22
5102.74
4729.85
4718.38
4834.11
4883.58
4824.93
4860.24
4623.98
4242.04
4232.98
4527.94
4558.68
4381.48
4307.81
4158.84
4181.76
4196.9
4254.35
4097.57
4181.47
4011.89
4153.67
3877.21
4021.54
4497.43
4346.67
4252.85
4327.94
4457.01
4109.93
4439.27
3980.45
4035.54
3993.22
4002.76
4175.89
4222.14
4050.13
4134.55
4372.36
4278.44
4199.28
4462.97
4588.61
4382.48
4445.37
4492.74
4437.48
4508.54
4413.62
4293.96
4562.98
4435.89
4476.96
4219.97
4350.05
4205.21
4002.87
3917.63
3913.39
4180.78
4323
4339.63
4460.23
4456.23
4222.55
4292.47
4160.32
4039.42
4131.01
3799.04
3994.81
4415.63
4349.45
4269.55
4212.59
4220.95
4234.59
4072.71
3977
4271.6
4291.81
4431.88
4175.54
4171.57
4208.55
4029.11
4030.3
3981.79
3955.2
3622.72
3494.77
3470.76
3504.59
3750.65
3752.95
3668.75
3714.39
3356.5
3346.97
3466.95
3509.06
3462.31
3296.33
3544.01
3574.87
3481.7
3563.78
3529.58
3771.28
3889.08
3808.99
3842.39
3736.57
3710.46
3565.28
3740.87
3659.89
3592.43
3621.47
3738.15
3923.49
4110.99
4160.26
3924.88
3821.38
3790.05
3717.89
3907.76
3854.77
3822.04
3722.16
3714.65
3695.7
3417.46
3616.11
3731.56
3719.45
3491.63
3444.76
3278.21
3396.36
3267.76
3217.52
3163.08
3053.58
3139.58
3342.4
3295.25
3046.02
3225.67
3285.33
3105.62
3206.71
3175.83
3238.56
3317.84
3130.93
3164.71
3057.45
2934.03
3115.39
3206.41
3283.36
3365.72
3210.77
3311.24
3236.18
3190.44
2956.82
3076.88
2941.72
3099.79
3245.38
2942.96
3014.33
3082.04
3031.83
2996.83
2874.14
2800.9
2737.51
2849.04
2917.45
2828.2
3046.6
2772.29
2871.57
3100.06
3097.35
3048.21
2898.42
2897.25
3054.45
3163.66
2995.82
3039.62
2935.94
3023.07
3031.52
2950.56
2932.89
2975.41
2882.21
2999.37
2881.96
2930.5
2870.47
2907.16
2782.79
2990.5
3062.42
3349.95
3152.99
3157.43
3124.71
3231.73
3013.97
3084.41
3079.06
3097.28
3182.03
3165.56
3178.54
3473.82
3385.75
3185.69
3137.34
2978.69
3125.4
3199.2
3073.01
2950.98
3003.41
2984.42
3138.1
3075.67
3128.45
3052.39
3165.53
3125.14
3174.78
3203.94
3072.5
2936.8
2917.73
2955.29
2850.98
2900.55
2827.37
2820.29
2755.76
3032.11
3023.3
3061.23
2913.21
2943.6
2974.07
2982.19
2929.38
2835.54
2937.52
2885.36
2943.54
2853.83
2713.62
2710.66
2737.87
2624.33
2643.65
2484.56
2511.15
2470.42
2515.46
2484.01
2402.78
2415.59
2319.08
2385.91
2446.76
2438.9
2394.77
2428.66
2451.57
2470.05
2450.76
2595.16
2667.75
2631.68
2736.84
2778.14
2733.78
2587.01
2560.09
2601.24
2560.5
2502.76
2517.66
2357.78
2367.46
2331.64
2338.53
2345.74
2339.7
2317.32
2298.45
2266.39
2204.7
2169.78
2234.71
2252.27
2332.77
2357.25
2243.79
2277.91
2267.26
2277.35
2293.54
2276.11
2235.01
2206.79
2118.07
2233.22
2197.11
2098.88
2046.18
2131.28
2024.97
2180.8
2048.79
2169.4
2091.15
2124.25
2092.04
2134.59
2127.85
2078.1
1962.69
1909.62
1905.49
1869.86
2007.3
1959.94
2120.23
2121.67
2115.06
2002.81
2052.4
1975.52
1930.31
2042.3
2093.02
2016.49
1798.32
1863.81
1831.65
1841.65
1818.87
1860.45
1754.48
1767.23
1826.05
1864.52
1861.4
1883.43
1912.68
1899
1749.52
1727.44
1749.31
1867.11
1810.32
1738.18
1743.27
1729.49
1796.64
1781.55
1817.6
1757.52
1721.43
1744.32
1776.09
1752.93
1739.54
1734.17
1657.15
1684.81
1714.55
1659.3
1773.7
1785.98
1879.41
1769.81
1736.34
1679.84
1726.85
1665.12
1805.92
1843.64
1987.46
1969.29
1940.88
1887.16
1826.89
1868.01
1901.6
2037.83
1950.57
2012.24
1911.59
1992.37
1960.94
1934.85
1956.83
1938.38
1913.83
1870.2
1924.36
1763.33
1776.7
1797.29
1815.95
1751.6
1800.32
1745.48
1815.86
1861.52
1794.48
1687.01
1590.82
1612.38
1653.64
1682.15
1757.51
1813.32
1773.67
1897.05
1775.79
1847.68
1860.04
2031.07
1976.31
1859.18
1890.72
1830.09
1818.07
1727.58
1770.27
1785.11
1734.4
1737.9
1682.62
1755.23
1651.26
1648
1660.05
1654.07
1722.78
1644.66
1618.06
1596.74
1562.73
1516.23
1417.93
1580.84
1549.55
1566.68
1627.94
1526.31
1516.72
1523.21
1520.16
1521.3
1483.48
1446.61
1468.58
1434.6
1422.46
1443.11
1333.94
1366.15
1379.18
1413.52
1406.95
1336.3
1394.06
1473.43
1474.3
1486.32
1529.19
1560.24
1542.78
1562.94
1523.06
1449.96
1488.08
1543.3
1539.9
1528.62
1537.17
1534.34
1500.58
1462.88
1454.25
1453.67
1460.72
1465.68
1420.18
1445.77
1445.75
1494.08
1505.21
1471.4
1393.35
1467.47
1400.21
1429.63
1436.68
1437.77
1509.8
1523.48
1460.22
1434.86
1481.94
1513.74
1457.11
1461.97
1472.44
1481.45
1582.31
1601.41
1603.87
1467.81
1436.91
1396.64
1449.87
1397.08
1357.05
1402.29
1338.31
1447.64
1430.72
1423.59
1447.04
1393.92
1347
1243.24
1285.97
1261.62
1335.9
1320.84
1319.23
1282.55
1216.79
1230.63
1279.88
1293.33
1345.63
1293.05
1323.72
1303.63
1346
1328.92
1331.69
1261.13
1273.37
1359.41
1267.5
1239.99
1220.61
1233.99
1280.5
1279.47
1302.98
1297.42
1291.57
1357.85
1291.49
1307.79
1255.79
1241.76
1220.82
1255.23
1393.48
1317.9
1344.21
1357.37
1336.75
1339.48
1298.92
1284.26
1245.87
1296.56
1346.4
1354.15
1409.4
1466.57
1366.91
1362.01
1342.87
1390.65
1329.32
1271.19
1317.03
1396.18
1346.37
1348.55
1328.96
1361.81
1345.13
1303.52
1351.88
1301.18
1371.62
1342.09
1289.53
1311.99
1284.47
1278.11
1265.85
1262.53
1297.48
1324.93
1326.72
1280.03
1288.51
1322.35
1370.1
1323.7
1313.72
1341.57
1351.52
1321.72
1280.29
1347.09
1312.1
1311.29
1287.44
1252.43
1263.25
1366.45
1298.92
1302.74
1296.08
1305.38
1283.78
1307.76
1313.29
1227.76
1174.75
1247.61
1247.09
1227.7
1279.12
1266.73
1250.73
1256.8
1252.75
1277.91
1226.86
1213.75
1229.83
1224.11
1213.75
1239.62
1187.6
1194.13
1192.44
1255.15
1217.32
1277.67
1231.78
1216
1224.45
1169.92
1161.37
1156.55
1174.08
1144.58
1152.4
1141.76
1131.84
1128.47
1147.55
1116.69
1103.75
1148.42
1194.88
1201.64
1171.26
1189.7
1144.97
1134.45
1135.38
1129.07
1153.21
1112.92
1097.23
1072.66
1081.15
1097.5
1191.1
1249.2
1172.17
1153.91
1104.27
1157.34
1107.49
1105.28
1164.01
1133.94
1116.51
1085.9
1096.29
1088.51
1024.72
1017.54
1041.52
1048.43
1050.41
1062.43
1095.17
1058.38
1040.92
1024.57
1033.75
1057.35
974.77
989.474
1006.53
1003.71
974.824
941.132
988.913
966.085
930.037
948.329
931.485
945.528
984.817
1016.87
1054.58
1039.08
1041.82
1005.03
1005.92
1000.91
1002.44
1014.92
992.102
993.36
982.564
957.559
932.998
902.13
921.5
929.152
881.979
896.343
926.106
969.523
956.045
931.23
935.809
937.763
959.437
948.376
955.231
971.762
926.834
937.046
945.621
994.961
994.294
960.854
955.004
977.9
1014.85
981.111
1036.45
1037.71
1050.86
1028.88
1031.25
1083.41
1075.36
1083.45
1045.3
1059.65
1040.25
1041.56
1015.27
999.852
993.258
992.502
975.023
1029.98
1005.79
977.708
1040.54
1044.52
1047.65
992.9
998.188
992.694
1008.4
970.063
986.751
1033.17
997.123
1047.87
1065.61
1065.47
1077.25
1078.76
1098.38
1073.85
1099.29
1094.31
1112.02
1049.34
1053.45
1043.45
1004.38
1004.55
1012.56
984.386
976.801
955.227
957.843
957.882
920.078
939.031
945.839
1002.2
966.695
973.257
981.294
984.605
986.067
971.807
961.765
957.775
942.411
934.013
924.264
950.749
943.362
917.072
897.427
857.904
860.803
885.853
871.011
881.735
861.085
866.612
878.694
863.773
858.971
841.021
864.051
865.942
859.526
824.716
852.274
856.629
878.234
895.441
897.577
856.313
882.466
873.047
889.322
865.578
857.466
855.987
850.643
870.358
880.979
894.358
867.387
874.958
868.442
865.073
878.771
887.644
889.505
878.078
896.655
902.212
923.118
910.129
890.694
899.256
893.695
889.836
853.267
856.371
893.045
862.277
872.366
860.641
884.897
886.803
904.13
896.49
915.455
910.092
882.416
878.706
856.5
838.101
841.095
825.408
825.03
832.573
858.398
836.829
804.35
791.345
796.352
818.198
778.533
785.547
793.532
817.664
834.951
848.258
870.229
860.102
867.758
850.638
830.929
797.795
821.955
828.024
823.45
830.633
834.08
814.354
841.938
824.624
820.894
789.626
782.239
749.176
762.598
781.388
775.087
776.545
776.092
794.213
755.898
772.151
767.395
784.158
776.57
804.465
836.14
864.266
873.293
855.662
803.898
782.406
780.73
760.018
782.141
790.28
802.755
797.331
775.709
781.852
758.822
768.54
778.356
810.216
805.9
808.748
821.338
799.485
773.091
788.548
766.62
792.282
795.688
787.42
796.564
774.678
759.57
763.839
736.64
729.716
743.315
727.681
762.357
764.5
760.689
773.32
791.008
772.43
747.484
746.862
744.124
748.414
739.592
744.85
741.785
744.823
739.141
747.247
751.566
750.475
750.825
744.381
719.053
720.42
712.568
729.224
750.789
759.121
750.919
743.577
732.861
734.8
728.563
724.516
717.869
722.562
728.078
727.105
705.497
716.463
712.988
706.176
704.841
693.89
702.247
687.587
675.879
679.562
697.954
675.735
679.818
685.789
684.166
680.728
677.831
678.667
680.097
661.548
654.562
655.259
673.247
672.281
671.589
657.602
653.174
659.995
659.242
645.036
629.13
641.05
635.881
630.373
624.885
632.802
622.101
625.061
631.808
667.951
653.227
655.712
645.211
656.83
651.531
667.912
656.363
659.242
679.237
666.799
654.001
670.366
679.728
686.252
669.819
655.036
653.758
664.55
667.775
652.87
653.443
648.541
649.964
635.784
646.373
636.539
627.989
617.35
620.432
640.698
656.988
654.132
649.622
641.439
641.776
632.727
623.996
631.741
634.976
641.885
631.219
633.562
619.163
621.629
619.648
614.997
619.112
619.402
618.524
635.224
624.045
627.059
624.144
614.144
616.67
617.947
623.929
630.858
627.931
636.021
638.427
632.339
625.701
625.908
622.374
619.426
618.024
631.416
618.964
627.59
633.436
627.607
617.246
615.155
621.74
608.988
613.168
609.178
604.197
606.753
597.45
612.626
604.159
605.921
609.499
614.039
596.123
581.51
583.581
588.005
602.053
594.311
587.54
588.021
579.863
577.554
573.398
568.998
562.656
559.767
564.183
555.463
551.559
553.257
542.853
557.393
548.922
547.54
562.408
553.451
559.551
549.312
546.63
557.997
536.255
533.566
550.194
550.692
541.524
539.788
533.515
539.106
548.905
551.92
552.654
544.759
549.376
542.293
551.502
551.903
537.851
537.851
541.759
550.274
551.639
551.089
556.438
562.411
556.795
552.931
544.099
545.703
531.491
530.092
522.411
525.279
511.2
511.719
517.189
507.106
507.273
509.149
515.07
512.218
494.957
505.556
506.978
503.196
504.894
505.184
509.728
504.055
500.032
511.978
517.323
518.393
510.702
502.738
504.568
499.038
503.487
506.611
515.436
509.016
511.667
524.412
536.162
524.1
517.763
510.645
521.115
513.024
499.099
492.891
494.551
490.851
491.016
495.225
492.125
505.581
503.164
500.13
499.539
500.294
491.643
500.922
491.583
487.772
482.1
477.742
485.529
486.106
481.93
493.802
499.849
483.074
480.922
483.978
482.614
487.529
494.255
487.84
482.889
479.375
475.74
475.779
478.128
473.351
471.867
477.606
477.033
474.595
485.947
484.461
483.691
483.306
481.797
484.877
485.31
480.006
477.858
488.325
488.129
485.318
479.584
477.668
475.011
474.678
482.145
478.518
469.092
460.818
465.255
464.845
472.823
471.498
477.49
478.573
479.662
475.731
472.637
475.241
475.234
468.792
471.221
470.208
467.832
464.02
460.121
464.342
468.417
464.624
463.122
467.454
465.573
465.861
466.639
463.02
462.249
463.106
464.232
468.978
470.08
478.797
477.715
466.88
462.966
465.687
468.606
466.124
467.412
462.974
457.339
452.247
456.247
455.864
450.16
453.608
451.948
452.163
453.869
455.057
455.557
448.63
450.989
449.444
443.408
443.21
444.485
446.446
447.878
447.017
443.494
455.718
458.027
452.705
441.144
442.652
449.353
444.466
440.729
442.001
443.204
445.061
442.098
437.026
432.047
426.479
425.502
434.78
442.123
446.415
448.812
453.583
449.35
446.953
443.558
439.555
432.244
432.534
436.417
439.237
437.762
435.716
433.369
430.658
434.676
434.433
431.082
426.199
428.751
433.827
431.327
433.964
435.28
431.784
439.338
438.025
433.106
428.653
427.264
427.323
424.799
428.982
441.46
437.481
433.139
435.192
430.235
421.024
423.921
427.453
428.395
431.429
428.051
423.815
421.966
413.848
415.489
416.54
421.359
419.782
427.475
426.068
422.27
427.215
421.232
422.603
425.386
415.241
418.596
411.551
412.147
412.041
413.755
414.269
414.357
420.268
421.293
415.833
414.523
415
415.215
410.177
412.329
420.363
413.86
413.084
415.946
419.466
423.287
422.536
421.46
424.98
425.636
424.379
427.157
426.828
424.443
426.04
420.727
418.835
421.409
425.723
422.214
420.872
421.452
422.346
425.557
423.89
425.088
418.41
419.557
427.215
422.16
421.903
418.431
419.816
419.762
417.166
418.546
423.011
422.152
427.373
428.845
425.655
424.231
422.065
418.125
421.966
419.983
419.202
413.803
413.197
407.6
409.668
407.337
407.768
409.873
406.808
406.958
405.728
405.769
403.956
403.636
398.442
400.815
399.143
402.235
405.004
408.813
413.701
414.616
410.495
409.477
403.961
402.401
398.914
398.312
394.787
393.731
391.928
392.685
394.432
393.121
390.903
383.177
382.673
381.92
387.749
387.527
390.818
383.994
388.241
386.976
394.821
393.174
392.26
394.557
395.334
392.329
393.529
394.717
393.771
393.175
394.762
393.491
395.748
391.05
391.339
388.345
389.73
388.653
387.266
388.128
392.262
396.006
392.617
395.645
400.936
403.771
400.532
400.316
398.86
396.753
399.104
396.687
393.393
391.636
391.487
391.075
388.178
388.359
387.519
384.445
385.355
386.877
386.594
386.53
388.563
389.014
388.712
390.698
390.098
393.125
391.117
391.076
394.662
397.217
390.986
389.096
391.766
389.09
387.827
386.467
388.286
390.178
393.089
398.591
391.952
389.616
387.065
388.133
389.567
388.917
385.87
392.885
390.327
391.461
390.045
386.208
386.213
385.277
386.641
387.178
387.544
383.632
383.529
385.045
386.323
386.766
385.752
388.78
387.186
387.465
390.58
390.397
389.459
387.045
385.369
381.131
379.822
379.821
379.892
380.332
381.261
381.319
377.479
378.638
377.686
377.758
374.101
374.275
375.147
372.967
373.403
372.622
374.27
372.784
374.348
372.205
368.695
369.125
367.463
366.116
366.34
368.27
370.928
370.856
369.857
369.039
369.34
369.295
371.707
368.874
366.788
364.63
366.054
364.859
365.12
363.344
360.24
361.14
359.779
361.125
361.694
360.875
359.384
360.21
361.251
360.604
357.909
357.119
357.336
356.148
355.417
355.464
352.717
354.353
356.19
355.84
355.208
356.203
358.962
356.925
357.677
358.663
359.232
358.248
360.064
357.731
355.648
356.411
358.905
359.405
357.785
357.596
356.024
358.039
356.554
356.771
355.694
356.174
356.625
356.512
356.876
356.934
356.365
353.471
353.365
353.084
352.26
352.21
353.059
353.424
352.44
353.661
352.192
350.759
349.935
348.741
348.906
349.062
350.53
351.023
351.191
351.776
351.705
350.776
352.74
350.756
352.549
352.853
353.647
353.97
350.042
349.028
349.317
349.821
350.162
353.684
353.686
352.275
352.262
349.597
351.433
351.319
351.017
350.488
350.403
350.675
350.865
348.904
349.012
347.958
347.16
347.363
349.3
346.906
348.124
349.273
348.782
348.861
347.957
346.754
347.688
349.053
349.933
348.588
346.254
347.123
347.105
346.763
346.96
346.061
346.156
347.034
348.012
346.813
346.863
344.541
345.049
344.5
345.846
345.992
346.46
346.597
346.003
345.295
345.892
343.467
344.354
345.113
347.012
348.086
345.205
346.318
344.975
344.481
340.936
341.972
341.763
342.965
343.787
341.829
341.052
341.762
341.58
342.319
342.578
342.247
342.161
340.812
341.114
341.17
338.929
338.651
336.441
337.495
337.702
337.333
337.789
336.951
338.758
339.061
338.365
336.624
336.372
337.665
338.394
338.539
340.073
340.229
339.472
337.89
337.507
337.553
337.242
336.419
336.997
336.511
336.683
336.169
337.613
338.822
338.345
337.287
336.905
337.07
337.243
337.387
339.087
340.071
337.465
336.276
335.643
335.326
333.706
332.584
332.669
332.509
333.269
333.314
333.906
332.952
333.462
336.905
337.17
336.833
336.985
336.993
335.142
335.359
334.485
335.09
335.404
333.604
333.899
334.048
333.808
332.831
333.482
334.613
334.845
335.787
336.891
337.554
335.617
335.577
334.512
334.12
332.588
332.768
333.798
334.076
334.442
332.773
332.336
332.804
332.65
334.498
334.019
332.383
332.722
333.113
332.788
331.766
332.999
333.851
335.984
334.805
335.826
334.596
333.483
333.784
332.803
330.276
331.319
330.488
328.524
328.331
328.062
328.75
328.813
327.587
329.004
327.646
328.11
328.819
328.587
327.872
328.808
329.58
328.471
329.208
328.881
329.711
331.459
333.35
332.425
331.461
331.482
330.976
330.163
328.704
329.118
328.871
327.244
326.881
325.958
325.33
324.435
325.721
326.077
325.695
325.319
325.046
325.073
324.016
323.975
323.522
323.972
326.456
325.953
325.027
325.055
324.659
324.558
325.341
325.225
324.494
324.293
323.865
323.797
323.583
321.766
322.604
324.092
322.467
321.741
319.687
320.075
320.809
319.734
320.36
319.647
319.411
317.733
318.507
318.455
318.231
318.291
318.206
318.294
318.243
318.526
318.581
319.751
319.2
320.168
318.522
319.231
317.774
317.908
317.621
318.716
318.572
320.192
320.227
319.247
319.907
319.93
318.96
318.7
319.014
319.808
319.917
319.695
319.312
318.13
318.24
318.567
319.123
319.05
318.542
317.673
317.474
316.896
316.06
315.425
316.203
316.594
316.181
315.745
316.417
317.111
316.746
317.186
317.766
317.703
317.05
317.804
317.269
316.553
317.677
318.29
317.941
317.527
317.472
317.257
317.81
317.607
316.896
317.393
317.632
317.447
318.35
318.603
318.5
318.486
318.615
318.28
319.739
319.537
320.184
319.664
320.328
318.591
317.903
318.896
317.814
316.601
316.554
316.199
316.043
315.394
315.363
314.593
315.462
314.328
313.429
313.041
313.506
313.015
313.367
312.774
313.569
313.975
313.672
313.714
314.169
314.357
314.315
313.686
314.313
313.21
313.538
312.502
312.488
312.593
312.409
312.942
312.975
312.395
311.617
310.333
310.473
