Mut_X Mut_Y Mut_Size Mut_Rot Mut_R Mut_G Mut_B Mut_Type Time_Sec
277330 275332 326008 278072 334383 333915 334200 259163 3032.4
0 0 0 0 0 0 0 0 3032.4
--- Historial MSE por cambio de temperatura ---
41852.8
41532.8
41699.8
41132.4
41110.5
40502.8
40955.7
41072.9
41230.2
40421.7
41254.9
41291.7
41691.4
41796.6
42214.2
42763.2
42908.1
41607.8
41713.3
42326.5
42321.3
41908
43032.6
42253.4
42192.6
41847.8
41033.8
40924.7
40768.9
41132.1
40884
41027.5
40737.5
40619.6
41355.2
41326.9
40542
40869.2
41647.1
41989
41528.9
41568.5
41609
40790.1
40785.9
41418.2
40752.9
41025.9
41700.3
41576.9
41823.5
41861.3
42503.5
42098.5
41213
41554.2
41277.1
41575.5
41089.3
40988.2
41832.5
41627.8
42028.7
41815.3
42122.3
41656.7
40953.8
40872.6
40732.4
40971.6
40979.9
41696.4
41310.3
41211
40341.3
40813.5
41184.3
41247.1
40839.2
40280
40610.9
40019.3
40165.2
40188.6
40351.1
38736.1
39115.3
39440.4
39478.9
39068
38541.8
38429.5
39466
39159
38503.1
38927.6
38656.8
38244.2
39479.8
38691.8
39118.2
39150.9
39285.8
39973.1
39534.2
38274.8
39602.2
40066
40377.7
39885.2
39307.7
39250.1
39509.9
39982.6
39005.9
38657.8
39473.4
38039
37749.2
38432.2
38742.1
39573.2
39893.8
40655.5
40734
40336.9
39755.1
39438.9
39224.3
40111.6
40913.6
41186.9
40918.1
40577.2
40299.5
39701.3
39880.6
40562.4
40702.8
40307.5
39955.7
40199.7
40299.6
40967.4
41284.7
40142.1
40248.4
39628.3
39832.8
39716.1
39444.7
39849.1
39655.2
39878.3
40256.7
40841.1
39731.4
39778.9
40089.3
39481.3
39433.4
38108.1
38485.9
38992
39059.2
38583.4
38866.9
38541.3
38241.3
38345.2
38578.6
39268.7
39306.3
39356.8
39344.8
39113
38494.6
38406.1
37754.8
37575.3
38029.2
37500.4
38058.4
38086.6
38875.7
39011.3
38847.2
38724.1
38402.1
38434
39333.1
39308.6
39798.1
39749.7
40004.1
39403.7
39570.4
39524.2
40076.2
40080.8
40906.8
40195.5
40047.8
39994.1
40625
40855.2
41378.9
41006.7
40493.4
40555.3
40338.9
40559.6
40615.6
40799.6
40804.6
41358.9
40947.3
40845
40766.8
40465.3
40771.6
41268.6
40963.3
40857.1
40399.5
40523.6
40622.2
41017.4
40659.2
40760.5
41198.6
40715.2
40571.6
40707.4
40602.4
40537.7
40321.7
40449.7
40122.6
40144.6
40164
40180.8
39765.1
40170.7
40582.2
40848.5
40871.7
40692.3
40586.7
41351.8
41229.8
41191.6
40469.8
41885
41415.1
40549.1
40471.4
40498.3
40759.9
41322.9
41641.3
41763.5
41556.1
40833.3
40809.5
40851.7
40771.5
40447.8
39992.6
39642.2
40051.2
39934.2
39824.8
40786.7
40763.7
41185
41405.3
41844.6
41397.6
40966.9
41246.1
41221.3
41187.8
41271.3
41238.9
41027.7
40692.9
41060.9
41186.3
41288.5
41205.6
41627.9
40931.2
40452.5
40644.7
40347.5
40792.2
40488.2
40349.1
40495.9
40752.9
40849.3
40856.2
41088.7
42042.2
41498.6
41317.6
41407.7
41107.5
41581.3
41538
40982.6
41266.1
40759.7
41113.8
40673.9
41076.2
41376.5
41990.9
42282.3
42247.3
42397.8
42475.4
41906.5
41472.7
41207.2
41667.5
40690.1
40904
41062.9
40187.2
39921.6
39352.6
40618
40439.1
39804.1
39686.5
39987.8
40123.6
39924.4
40415.4
40485.6
40161.2
39517.1
38939.4
39661.1
40290.7
40073.5
40198
40133.8
39942.1
40416.5
40331
40389.1
39720.9
39610.4
38625
40207
39782.8
40142.5
40355.1
40266.9
39763.1
39819.9
39258.6
39917.6
39816.5
39867.3
40700.2
40867.1
40307.5
39653
40012.8
40057.7
40619.6
40562.9
40208.3
40306.3
40459.6
39519.5
39414.5
39471.7
39654
39745.9
39857.3
39033.6
39672.3
38918.2
39562
38249.9
37474.2
38852.5
38863.2
38449.5
38894.9
37792.2
38209.8
37964.4
38616.7
37974
38387.4
38346.4
38114.8
37516
37614
37615.5
38168.5
37596
37663
37465.6
37640.9
37777.8
38051.7
37406.4
37324
37107.9
37194.1
37240
37281.6
37555.5
36932.7
36904.4
36777.4
36392.9
36425.7
36866.2
36796.9
36796.1
37552.4
37948.9
37570.1
38461.8
37916.6
37220.2
38239
37777.7
37575.9
37720
38087.2
37864.8
38407
37575.3
37339.4
36553.6
36464.3
37356.3
37074.8
37055.2
37248.6
37881.9
37450.5
37665.4
37600.4
37621.7
37680.5
37110.7
37249.8
36886.5
36692.8
37231.4
37292.7
37400.1
38179.1
39144
39265.3
39702.7
38799.2
38760.3
37675.3
38567.7
39096.2
38517.2
37911.7
37944.7
38736
38341.8
38732.1
37459.1
37233.9
37769.6
37237.2
37677.6
37768.5
38043.3
37254.6
37443.9
36670.1
36455.5
36320.6
36945.2
36660.1
36859.4
37574.7
37177.2
37271
37953.2
38025.8
37752.7
37643.2
38401
37554.1
37966.3
37493
37069.8
37311.8
37123.6
37710.1
37749.4
37319.8
36914
37118.2
37141.8
37088.2
37094.6
36221.6
36693.5
35691.2
35560.9
35757.2
36120.5
37002
36111.4
36540.3
36510.5
37247.2
36508.5
36068.9
36847.3
37001.4
36588.2
37163.3
37635.2
37274.4
38287.3
38418.2
39112.1
38750.9
37378.2
37542.7
37518.6
37136.9
36925.3
36817
36212.2
36628.6
36564.8
36497.3
36892.7
35623.6
36064.2
36145.9
35496.9
35514.7
35497.4
35543.3
35923.5
35884.3
35297.1
36079.2
35917
35665.7
35667.4
36500.9
36721.3
36893.2
36766.8
36813.4
36426.2
36096.1
36771.5
36143.1
36698.2
36860.9
37508.2
36871.4
36860.4
36885.2
37520.2
37923.8
37217.6
36253.9
36219.5
35603.2
35717.4
35501.2
36036.7
35418.3
34660.5
34551.9
34788
34716.4
34376.2
35020.4
34710.5
34211.5
34843.5
34785.5
34329.9
34111.7
33820.2
34883.2
34789.5
34416.9
34290
34013.6
33006.9
33032.3
32895.4
32759.7
32847.2
33219.1
34019.6
32234.1
31967.1
33186.3
32802.9
32739.1
32746.1
31179.8
31832.4
32642.2
32711.5
33267.1
33048.2
33199.3
33057.4
33035.2
33499.5
31734.6
31401.1
30429.6
29452.8
30123.8
31721.4
31521.7
32018.7
32891.9
32468.3
33287.7
32175.6
32808.4
34105.4
34232.1
32918.6
31641
31107.5
31244.3
31224.4
30489.9
31396.3
31283.3
32361.7
30704.9
31260.9
32011.3
32153.7
32274.6
31093.3
31406.2
31173.3
32188.3
32710
32157.3
32129
34570.4
33574.5
33081.3
32688.5
32141.9
32524.8
32863.2
32333.2
31566.2
31464.3
31732.5
31960.7
31827.4
31465.4
31584.6
31404.5
31726.3
31663.3
32159.3
31814.8
30659.9
31158.3
31244.6
31107.9
32525.6
32342.5
31942.9
31228.7
31775.2
32411.1
32197.1
32744.9
34360.4
32811.6
33320.1
33868.2
33516.8
33477.6
33202.1
32560.5
32301.1
32324.3
32393
32665.6
33274.2
33370
32965.4
33279.9
32175.5
31925.9
32399.7
32657.3
32940.4
32673.6
32931.7
32418.9
30259.4
30297.3
32494.9
31593.5
32591.9
32040.9
32019.8
32289.4
32019.3
33306.1
31797.9
31716.7
32540.9
31417.6
31205.5
31467.4
31507.4
31426.9
31620.5
30850.5
31143.1
31472.7
31159.4
31782.7
32637.6
32552.9
33495.9
32079.7
32361.3
31613.1
32072.3
32004.2
32263.2
32357.6
32992.8
32639
32757.7
31780.7
32967
32605.8
32862.6
31602.8
31679.5
32563.6
31718.4
31085.7
32902.2
33340.4
32222.9
30893.8
30449
30900.9
31244.7
30393
29899.5
30079.4
29806.9
30339
28588.7
28901.3
29476.1
28611.9
28862.9
30220.6
29461.5
29401.3
30043.5
30766.8
30009.4
29832.7
30192.7
29909.2
29302.5
29490.4
31089.8
31689.2
29900.1
29505.6
30272.3
30518.3
28883
29513.5
29338.5
31305.9
31048.3
31308.3
30946.2
30252
30627
30287.6
30842.1
30244.4
30209.8
30880.9
30051.7
29524.8
29606.7
29755.9
29239
29566.4
29734
29844.7
30159.3
30722.2
31414.7
30963.3
31375.1
31382.5
30974.6
31592.6
31589.8
32995.6
32833.3
33269.3
33425.7
33841.5
33375.1
33365.5
32128
32076.1
32343.2
31389
31559.9
32450.6
32683.6
33363.2
33518.1
33294.7
34598.3
35056.9
34599.4
33412.9
33334.4
33477.3
33147.3
33512.5
33258.9
32876.5
33410.3
33413.4
32160.8
31635.2
33094.7
33139.4
33114
32711.6
32774.8
33196.1
32743.3
32519.8
32508.3
32279.4
32147
32000.8
32217.1
31337.6
32294.7
33196.6
32338.1
32944.7
33878.5
33566.7
33114.3
32699.4
31934.2
31888.4
31623.1
32797.7
32602
34714.6
33817.7
32430.6
32931.2
31950
33214.7
32313.7
33091.6
34005.5
33696.5
33438.2
33692.4
33376.1
32920.9
33916
34085.1
34208.5
33836.3
33940.4
33164.1
33581.1
33831.6
34924.1
33717.2
34253.4
33403.9
33760.3
34404.1
33829.7
33251.9
33448.4
33325.7
33140.6
33411.8
34347.3
34342.6
33270
32739.5
33080.9
33340.7
33135.4
32614.2
32726.4
33513.3
34031.1
33269.9
33830.1
34164.1
34030.7
32223
32592.1
32288.7
32898.5
33813.3
34753.9
34062.3
35020.4
34353.3
33151.5
34732.9
34064.4
33796.7
33099.9
32083.3
33202.6
32980.4
32238.4
32064.5
31760.2
31839.2
30824.3
30501.3
31629
31090.9
31897.2
30665.7
31726.9
31478.3
32455
32859.3
32355.2
33243.6
32871.4
32893.7
33004.6
31774.5
31943.9
31921.2
31965.1
32645.2
31826.6
32275.9
31788.4
31780.1
31486.9
32879.6
32534.9
31571.4
31555.4
32664.5
31968.4
30968.8
30422.7
31806
31951.9
31098.4
32446.5
32315.5
31411.1
33109.7
32646.4
31878.3
32758.2
33222.5
32885.1
33888.3
32063.2
32063.1
32320.2
31541.1
31235.5
32029.4
31842.5
31179
30815.9
31548.3
31413.1
31845.8
30728.5
30738.5
31737
31938.3
32053.1
30859.2
32003.8
31864
31611.6
32247.3
32137.1
31184.6
31261.9
31352.1
29950.6
30636.7
30805.5
30804.2
30521.9
30499.3
29139
29568.4
29912.1
29972.7
29911
30213.6
30472.1
30883.2
31188.1
31353.8
30742.9
30719.5
30168.8
30767.7
30063.5
29436.9
29193.9
29040.3
29711.5
30317.9
31293.4
31645.4
32405.1
33157.6
32919.5
32640.5
32391.2
32174.3
32469.3
33166.5
33170.6
32537.4
32886.9
32378.8
31841.9
32586
32227.8
31381
32660.4
32087.1
32564.6
32847.9
33374.6
32394.3
33623.5
33680.1
32747.1
32796.7
31673.1
31845.8
32049
32127.6
32710.3
33056.8
33233.5
32341.3
33112.9
32539
32510.6
31203.6
31408.1
30437.2
31070.7
32769.6
32326.6
31177.7
30437.5
29812.1
30181.3
30582.3
30721.8
31382
30317.1
29923
30072.5
30412.8
31561.9
31058.1
29704.9
32190.4
32168.4
31615.8
30274.4
30063.7
30328.4
31086.7
29907.7
29397.8
29814.6
31170.8
28659.8
28357.9
29270.9
29286.6
28844.1
28226.2
28894.3
28950
29609.2
30017.5
28169.8
28468.7
27805.9
28075
29174.5
28671.4
29480.4
29253.7
29197.1
29085
29668.4
29613.4
28925.1
27730
27794.1
28923.8
28756.5
29561.1
30491.4
30953.1
30760.4
32080.2
31049.8
31747.8
31742
32235.4
30914.5
30652.1
30061.8
30298.4
29975.4
29902.5
29380.5
31224.7
30204.8
30998.7
31584.2
30264.1
29921.6
29901.4
29141
29889.2
30086.5
30402.5
30563.6
29320.6
31156.8
31596.3
32024.6
30390.7
30905.5
29503.5
30533.3
31440.1
32264.8
31352.4
29657.6
27787.7
27163.7
27225.7
26078.1
27694.5
25738
25867.8
27581.6
26517
27430.4
26897.9
26291.9
27849.4
27852.7
27267.4
27841.2
28531.8
29702.3
28543.9
28381.4
28278.4
27838.6
27633.1
27496.5
28214.4
28532.6
28315.6
27816.7
27290.7
27958.5
28373.5
27750.2
27946.2
28546.4
29226.3
29980.4
29230.1
29380.3
30291.1
29052.1
29429.9
28674.4
28999.2
28611.9
27769.5
28150.7
27755.8
27778.9
27972.4
27961.1
28340.2
28149.7
28270.2
28663.9
27199.1
28098.5
27498.1
27181.5
28106.9
27490
27652
27771.2
27217.8
27788.4
27991
26673.5
26211.4
26343.4
26527.8
26358
27169.5
26732
25985.3
26243.1
26187.5
25138.8
25275.6
25979.8
26158.5
26065.8
26426.3
26507.7
25803
26650.4
26771.2
27635.2
26339.1
26578
26128.3
26453.7
25654.2
26084.7
24975.4
26696.4
27819.6
27644.9
27459.8
26862.7
27278.1
27484.6
27931.7
26914.6
26672.2
28612.7
28941.5
28552.2
28207.7
28886.7
29229.3
28870.4
28449.9
28359.5
28746.3
29023.1
30311.6
28806.2
28842.7
29406.5
30180.6
30599
30130.8
30373.9
29185
29842.4
29877
29608.1
28698.6
28792.5
28655.4
28296
28401.2
27259.9
28040.4
29628.1
30781.8
29731.4
29040.5
28759.5
29738.5
29781.7
29212.5
28534.9
27788.4
29300.7
29587.6
28769.9
28668.5
29570.8
28399.6
28644.6
27246.9
26698.5
26993.9
26774
25452.6
27268.1
29225.1
28419
28431.6
27747.4
26890.7
28044.6
28080.8
27169.3
25347
25817.1
25799.4
25766.9
25719.7
25496
26188.1
25737.2
25403.7
25568.1
26317.4
24639.1
26613.1
27156.3
27288.6
27099.5
26964.1
25417
25268.5
26421.7
25339
24998.7
25040.3
24854.8
25530.2
27435.8
26789.6
26452.9
28727.9
27313.8
26433
26859
27088.4
26519.8
26870.4
26038.1
25018.6
26525.2
25745.8
27206.9
26824.9
25870
26026.9
23971.3
24459.5
24484.5
24208.9
24228.8
25062.2
24254.5
24505.6
23752.6
23262.6
24867.1
24368
25410.2
24804.7
24912.6
25150.8
24459
24439.6
26330
25877.9
26184.4
25989.5
26043.8
27890.6
24269.8
24026
22926.1
24136.6
23783.5
24942.1
24658.3
23565.1
23876.1
24570.9
24235.7
22924.6
25849
24233.5
24405.1
24308.5
24095.4
21976.1
23351.8
23099.9
23362.6
22453.2
22504
23251.1
22468
23328
22362.6
22157.2
22389
22579.9
23586.9
23715.1
23578.9
24191.3
23439.7
24960.6
24965.5
24948.1
25224.1
25354.3
24340.4
25948.1
24345
25263.5
25986.4
26162.8
26504.5
27187.8
25326.1
26615
26395.2
25321.6
24592.8
24908.2
24837.6
25218.5
24460.5
25024.7
24594.2
23841.3
23359
23355.8
23161.1
23774.1
23618.9
23020.9
22777.1
23218.3
22479.3
22232
23495.4
23389.2
23392.2
24086.8
24650.2
24284.7
24782.1
25374.7
25470.8
26181.8
26395.8
26547.6
26813.6
27253.4
27430.3
26553.2
27200.3
26230.2
27232.6
27024.7
26912.9
25345.1
26243.2
26660.9
25310.1
25234.3
24625.7
25226.1
24305.7
24744.4
23016.9
22415.4
22774.6
22572.7
23702.8
24296.1
23589.2
22530
24458.5
25261.6
24453.8
24200.5
23056.3
22768.9
23854
22913.4
23158.8
23496.3
22262.6
21926.9
22697.7
23284.7
22567.6
24147.8
23639.9
24252.6
23055.8
22071.6
23038.7
22705.2
24149.3
24186.2
23169.3
22527.9
22825.3
24259.6
23804.5
23649.9
22959.8
23139.6
24391.7
23108.2
23055.9
23782.4
23230.8
23215
21517.1
21900.7
22681
22219.5
22583.6
22862.4
22395.7
21402.1
22031.5
22578.6
22853.1
21667.8
20634.5
22106.7
23689.8
23847.8
23627.4
23032.8
24538.7
24412.7
24867.6
24315.3
23636.4
23877.5
23791.7
26082.1
23671
24122.6
23157.8
22317.3
22582.4
23918
22084.5
23731.6
22468.2
21522.2
19809
20058.5
18823.6
18335.8
19426.3
19991.6
18702.8
19571
20778.4
19796.6
19410.8
20257.2
19376.6
19211.8
18836.7
20674.3
21330.5
22321
20802
19511
21296.3
21361.3
21122
21698.6
21638.2
22258.8
22265
23578
23703.6
22240.4
23782.1
24323.1
24659.5
25406.5
25380
24789.3
24620.6
23032.7
23712.3
23795.6
24403
24350.7
24439.4
24097.6
24788.7
25996.2
25954.8
25319.8
26165.3
26793.7
25708.4
24881.7
24755.3
23866.9
24137.4
23964.6
23640.8
23062.2
22525
21359.1
21856.9
21098.8
21448.4
22409.3
22180.7
20743.6
22379.3
22059.8
22883
21018.3
20876.1
20622.3
21165.9
21468.5
20103.2
20355.8
20683.3
21160.5
21645.5
22974.7
21519.3
20413.2
20183.3
20660.2
21106.5
21123.9
21828.2
21901.9
20800.4
20843.4
20842.7
20419.3
22457.6
20948.7
21539.9
21905.1
21676
21129.5
20248.3
20600.3
20471
18603.8
19452
20791.6
22659.8
21291.9
20131
19931.8
19893
20190
20283.4
19325.3
20416.4
20347.8
21048.4
21738.1
22763.4
22359.2
21233.3
21870.3
22115.8
22356.2
21975.8
21945.7
21614.9
21885.3
21539.7
23082.1
23910.3
24013.5
23131.3
23564.1
24570.8
24292.1
25421.7
25662.5
24374.3
22625.7
23532.1
23055.4
22611
21572.8
22765.1
23128.1
22886
23489.2
23978.6
23713.1
23726.4
22203.4
22318.9
22681.4
22441.6
20847.4
21827.4
21843.3
23606.1
24093.4
24581.3
24343.7
23853.7
24136.2
24027.6
24146.1
22257.9
21866.2
22163.4
21012.8
22194.7
21151.7
21543.4
21829.7
20774.3
20846.4
22352.9
21826.6
22323.6
22889.5
22955
23042
22745.4
22702.2
21958
23313.3
23898.1
23882
25726.8
25111.5
23624.2
23211.4
23940.3
25218.2
24188.5
24337.3
23736
24672.3
24128.1
25205.3
24913.2
22994.4
23249.8
22848.7
23111.7
23153.6
22110.1
22133
21202.3
20980.8
21805.6
20856.5
21452.1
20729.4
20845.9
20759.4
20202.5
19946
20814.5
20622.3
21945.3
21613
22203.8
20986.5
21817.6
21799.3
20732.9
21466.7
21892.2
20435.3
20209.3
18879
20258.3
19875.4
20412.9
20109.1
19709.9
20067
21299.2
21895.1
21861.8
22054.3
22203.4
21467.3
21437.6
23683.2
23627.7
25229.4
25912.8
25200.1
24246.1
23739.7
23101.9
22732.2
21037
21333.8
21328.1
21557.4
21648.4
21758.5
22367.6
22401.8
23353.6
24404.7
21797.4
22010.5
23610.9
21354.6
21541.3
21819.4
22228.1
21718.2
22741.6
21743.6
21059.6
20827.5
21937.9
21729.2
21387.7
21613.3
20745.5
21905.3
21355.5
19590.3
19080.3
18195.5
17852.6
17776.4
18871
19788.6
19961.1
20202.8
20050.4
19924.9
21103.6
20868.2
21819.3
20706.9
21672.8
19301.6
20671.6
19577.5
19037
19974.7
20691
21103.6
21945.1
21601.7
21965.8
22679
22674.3
21254
23126.2
22400.8
21812.5
23086.7
22441.4
22148.7
21773.7
21513.4
21887.9
21139.3
21012.8
22076.2
23058.7
21724.3
22412.7
21063
22167.4
22307.8
21595.8
20740
22060
23582.2
22266.3
20778.6
20675.5
20306.1
21293.3
20808.1
20676.3
21233.9
21930.4
21559.5
22186.1
21542.6
22111.7
21833.1
22285.7
22380.2
22325.7
22016.8
22165.5
21695.1
22626.8
22519.9
21185.2
22032.9
22257.2
23783.6
23282
23287.2
21465.4
21651.7
22467.2
23822.4
24282.8
23762
23909.5
24224.5
23654.7
22590.7
23786.6
24360.2
24471.9
25062.8
25051.1
25353.4
24461.5
24985.4
24822.9
24135.6
24531.6
24370
24105.5
23658
23790
23886.4
24336.9
23881.8
26109.7
25808.7
26683.4
25986.7
26509.9
24962.4
25181.8
24837.2
24938.1
25620.2
26822.4
27336
26861.3
26902.9
26191.8
25973.4
25383.1
25413.2
25440.1
24165.3
24606.9
24809.2
23896.6
24198.6
24805.3
24586.3
24124.3
25057.8
23497.9
24165.2
23843.6
23667.3
23768.6
24023
25633.1
25274.3
25350.5
24208.9
24172.2
23370.4
24214.6
24398.3
24719.9
24350
24455
23111.1
22916.6
23700.7
23363.7
24130.1
25037.6
24653.2
23436.3
23157.8
23215.6
23220
22313.8
20766.8
22419.1
21274
21638.7
22630.9
22421.3
23354.6
23372.7
23667.6
22550.9
22122.8
21800
23143.1
22746.3
22692.2
22136
21860.4
21509.4
21693.7
21831.2
21521.3
20567.3
20578
21828.1
21429.8
20535.5
20208.9
20077.7
20471
20410.5
20247.9
19830.7
20217.9
20467.8
19265.5
18920.5
20142.1
20376.9
20045.7
19550.2
19864.6
19920.6
18495.3
18523.4
19819.3
19167.6
19031.9
18576.5
19159.3
17870.1
18184.1
18414.7
19266.9
20080.2
20372.7
20420.1
20235.3
20340.7
19576
21702
22230.7
21698.8
21550.2
19680
20309.4
20568.1
20314.8
21030.5
21347.8
21248.2
21877.6
21370.3
22150.1
21208.8
20344.2
20834.7
21615.3
22475.6
22137.3
21552.5
22138.7
23188.8
23242.6
23830.6
23804.7
24123.8
22999.2
21942.3
23035.3
23174.2
23060.1
22151.9
21495.3
22423.9
22462.3
22826.4
23146.1
23031.3
22858
23632.3
23250.9
22970.4
23080.7
22027.8
21299.8
21700.8
21840.2
21632.9
22908.5
20868.5
21237.9
20826.8
19875.6
19822.4
20001.4
20125.8
21122.1
20966.7
21010.1
21137.7
20674.2
19937
19825.6
19745
22340.4
23657.4
22430.6
23151.4
22933.1
22831.4
22450.1
22989.3
23568.4
23692.2
23487
23646.4
23961.3
23736
24496.6
24245.8
24433.6
25203.1
24832.2
23933.8
25462.2
26522
25629.8
25190.2
24154.1
24463.7
25030.5
23268.9
23050.2
22940.1
24057.7
22752.6
23101.8
22812.9
23485
24187.8
22963.7
23015.1
22246.1
21887.2
21362.5
21056.6
22333.6
23086.4
21686.9
21426.1
20446.2
20954.3
20494.4
22074.5
23587.3
23399.7
22770.8
23561.7
23316.2
23176.2
23163.8
21774.6
22985.9
22827.5
23009.8
22696.2
23382.9
23716.6
23902.3
23003.1
23777.3
22589.5
22905.2
23885.5
24184.7
24158.7
23184.9
22999.3
23599.4
23869.9
23748
23605.9
23533.7
23447.5
22890.5
23249.2
23336.4
23744.6
24663.6
23878.1
23533.7
23337
23178.7
23694.3
23156.2
23479.8
23460
22560.7
23437
23742.2
23349.8
23859.8
22549.8
23919.2
23540.6
22975.1
21476.6
22114.7
21564.2
20833
21306.3
21577.9
22311.2
21673.9
21235.7
20614.9
20737.3
20921.4
21545.5
22140.9
21295.2
21841.7
21827.1
21116.8
20510.1
20786.3
21289.7
20697.6
20463.1
20781.1
21227.5
20932.6
21607.5
22211.5
23582.1
22510.9
21913.9
22604
22297.2
22433.6
22091.1
22852.9
23442.7
21900.6
20897.4
21224.9
20448.3
21201.3
21485
23156.8
24097.1
23224.5
21874.3
21647.5
21579.8
21217.9
20172.4
20453.6
21316
21408.4
20490.7
20608.5
20739
20216.4
20762.7
21252.9
20407.5
19803
20275.8
20410.7
19672
19178.8
18869.4
19315.7
18022.7
18433.1
18854.3
18768.3
18486.4
18383.4
18998.1
19249.8
18690.3
21006.9
21402
21623.7
20473.4
20172.2
20193.1
20729.2
20527.8
18680.6
21117.5
20413.7
19587.6
18980.5
18767.9
19582.2
19293.1
20270.8
21365.7
20685.4
21350
20153.3
19919
20205.6
20901.7
21612.4
21443.3
20297.3
20577.2
20849.4
22235.5
21465.1
22061.6
22469.4
22608.1
22664.7
22250.5
22225
22353.9
22678.1
22158
23315.8
22844
21129.1
21016.6
22035.5
21285.7
21780.7
21470.8
20240.3
19920.3
21876.6
20778.5
20353
20890.8
21226.2
21455.5
19634.4
19784.3
19329.3
19664.7
19563.2
19381.6
18732.4
19048.3
19959.2
20434.7
20924.3
21152.2
20209.5
19663.5
20166.4
20321.8
20327.5
21894
21380.8
19703.4
21179.7
20589
20465.8
20407.2
20068
21351.7
20318.1
21600.2
21369.9
21335.4
21779.8
21763.7
21909.7
20883.4
22037.6
22139.1
23352.7
20918.3
21393.6
20828.7
20360.3
21151.3
19260.4
18767.8
19776.5
19733.2
19861.5
19299.4
20067.1
20217.8
19249.8
19003.1
20011.7
20814.9
20493
19034.3
18646.9
19660.6
19988
20375.6
20440.5
20225.6
19824.5
17516.3
18017.7
19199
19049
18694.6
20315.8
20355.6
20827.3
19740.5
18383.6
18801.6
18872.8
19620
19855.2
19854.6
19866.9
18774
18540.2
19621.8
19213.9
19250.9
19799.7
18837.6
19514
19556.6
19851.1
19532.5
19117.9
18526.4
18311.9
18777
18831.1
19606.1
19476
19360.1
20103.4
19403.8
18605.6
19071.3
18829.4
18385.6
20126
19351.4
19411.6
19272.8
19218.9
19676.6
19596
21105.1
20656.4
20819
20558.7
20966.4
20234.7
19941.4
20123.4
20316.5
20610.2
20472.3
19900.4
19854.9
19870.2
20522.3
20450.8
20079.4
20221.7
20899.1
21262.4
20728.3
20995.1
21058.1
20463.4
19773.2
20764.8
21090.5
21670.3
21143
20817.7
22863.8
22856.4
22251.2
21694.5
21879.9
22258
23165
22876.4
23020.7
21676.3
21839.1
22325.3
22341.1
23089.6
22830
23481.7
23884.1
23013.3
23209.9
24005.5
23216.7
23296.3
23564.3
22663.5
22669.7
23078.3
24023.8
23722.6
22782.4
23410.2
23635.1
22782.7
23541.4
23524.6
22593.7
22780.8
22857.9
22928.4
22216.3
22388.2
21783.9
21849.6
22133.3
21085.2
20004.7
20180.2
21248.3
19125.4
18719.3
19672.5
20502.6
20810.4
21650.5
20915.5
21189.9
21253.2
21487
22430.3
22697.6
23427.4
22030.7
22128.4
24099.3
24588.8
24206.1
24538.6
25065.7
25662.7
24827.6
24587.6
24908.5
24203.7
23102.1
22235.4
21815.9
21354.2
21895.9
22439.8
23215.4
23123.8
23040.9
22779.7
21575.8
20460.4
21237.3
19904.7
19320.4
19079.4
19417.9
19841.7
20218
20150.5
19548.5
18769.1
18289.3
18308.1
17256.7
17846.4
18238.1
16917.6
17072.1
17383.6
17447.8
18237.3
17524.7
17754.8
17594.9
17147.1
16405.8
17644.3
17766.3
18884.3
18195.8
17254.7
17294.2
16657.8
15980.5
16005
15908.1
16174.6
16279.9
14684.9
15380.1
15347.7
15274.5
15940.1
16580.9
15541.9
15635.8
14481.1
15060.8
15563.2
16275.5
15596.8
15607.3
15268
15542.9
15085.3
16101.1
15629.3
15223.8
15658.4
14388.9
15593.6
15382.6
14653.9
15736.3
15618.3
15244.7
15229
15306.8
14856.8
15561.8
15805.1
14306.4
13756.4
14959.6
14627.4
14438.3
14207.1
13302.9
13427.5
13212.2
13140.8
12522.5
12551
13599.7
14185.9
15735
15254.5
15529
14903.6
13934.1
13945
14812.9
15319.1
14695.6
14418.4
15005
13952.6
13595.4
13027.4
14256.2
15085.5
15012
14796.6
13598.6
13983.1
13707.7
14829.8
14743.7
14161.3
14779.6
14636.3
15072.5
14524
14327.3
15597.4
15733.1
15037.7
14897.4
15007.6
14426.9
13656.4
14496.6
14215.4
13518.1
13835
13955.9
13570
13482.9
13504.4
13006.4
14014.5
15075.8
16092.9
14942
14608.2
15385.8
15932.8
16279
15304.5
15420
15172
16366.7
16573
16838.7
15467.9
15797.7
15421.9
15451.2
15523.7
15313.1
15523.4
15761.5
15721.7
14842.1
14206.9
14578.8
13979.7
13978.4
14220.5
14373.3
14836.2
15463.4
15631.5
14867.6
15236.6
15037
14754.2
13821.1
13184
13705.4
14560.5
15305.5
14235.3
14021.3
13615
14100.9
14117.5
14346.3
13813.2
13790.4
13872.8
13465.7
12663.8
12881.8
13807.1
14691.5
15445.3
14629.1
14755.5
14680.7
14707.8
14448.3
13644.1
13238.9
13013.3
13198.5
15521.2
15253.2
15514.6
15908.8
15146.1
15427.4
13846.4
13617.3
14657.8
13698.8
14313.7
14325.3
14343.6
13587.6
14143
13593.9
14462.5
14301.8
14644.6
15827.4
14904.1
13813.3
14247
14474.9
15038.6
15459.4
15476.7
15883.8
14964.3
14087.9
14313.3
14969.8
13936.1
13717.5
14367.4
14256
14766.2
14410.4
14274.9
15307.7
15564.6
13931
13569.6
12829.1
13358.7
13420
13757
12688.4
12177.5
11401.4
12048.3
11979.5
13546.9
13597.4
14134.5
14253.7
13797.5
13209.8
13911.9
14004.3
14100.2
13333.8
13243.9
12948.2
12153.4
12080.9
12736.8
13545.3
13185.3
13719
13574.8
14344.3
14277
13248.7
13711.2
13468.6
11948.8
12906.9
13282.3
13939
14411.6
13686.7
13943.8
13513
12632.9
12735.4
13247.1
13455.9
14059.3
13837.5
13463.1
12625.4
13175
13473
13529.7
13564.9
13200.4
13472.5
13586.7
13788.6
13125
12503.1
11908.7
11779.2
11703.4
10794.2
10607
11350
11875.3
11879.3
12106.3
11819
12182.9
13128.1
13086.1
12907.7
12802.2
13824.6
13208.5
13426
13211.3
13227
12887
13376.8
12029.8
12240.2
11802.6
12638.5
13400.6
12954.6
12586
12932.5
13368.8
12589.8
12704
12175.9
12120.1
12376.8
12741
12751.4
12205
12542.1
12404.6
11944.9
12363.3
13031.7
13070
12474.7
12744
12732.9
13286.1
13616.8
12840.6
12971.7
13901.5
13977.6
14269
13579.6
12934.3
12797
12925.9
12629.4
12551.6
12318.4
12917.6
12782.6
12317.7
11570.2
11594.9
11401.1
11928.1
12957.5
12826.9
12114.6
13077.4
13223.3
12364.2
12321.4
12563.9
12103.2
11590
11530.1
11828
12044.2
13341.6
13185.3
13472.7
13375.2
13462.9
13028.6
12930.7
13259.7
13210.8
14369.9
14255.3
13948.3
13558.2
13941.5
14753.5
13672.3
14144.7
14541.3
14233.4
13531.8
13743.6
13906.1
13731.8
14970.1
14624.5
14572.9
14441.1
14372.5
13994.7
13581.1
13339.2
14358.1
13725.2
13212.2
12960
12842.4
12999.3
13291
12820.2
13869
14697.6
14099.4
13604.2
12974.6
13162.7
12283.2
12763.5
13242.6
12722.4
12223.2
12481.1
12696.9
12621.3
12740
12820.5
13322.8
14468.7
14214.8
14677.3
13636.5
15036.5
12877.8
12097.4
14635
13948
12892.9
13749.1
14453.5
13861.1
14190.5
14985.7
15529
14589.1
14093.7
14215
13217.2
12761.1
12771.8
13191.9
13646.1
13583.6
12771.7
12207.3
11671.2
12080.7
12609.3
12961.1
13473.9
13021.4
11560.9
12308.7
12909.3
12269.5
12223.6
12391.9
12882.9
13131.4
12916.9
12086.3
12774.6
12342.8
12360
12130.9
12105.5
12173.7
12005.7
11899.9
12388.8
11877.7
12103.4
12150.9
11930.4
12261.7
11825.6
12331.3
12547.8
12636.2
13141.1
12182.1
12313.6
12018.6
12270
12917.6
12661
13389.9
12668.8
13016.9
11902.3
12624.8
13551.6
13594.4
13194.6
12600
12565.4
12083.1
11905.6
11609.3
11268.5
11469.4
11301.8
11441.7
11768.4
11851.7
11365.3
11080.4
11415
12676.1
12553.3
13294.2
13766.6
12567.5
12682.3
12566.6
11434.4
12281.7
11990.1
11959.4
12186.2
12230
12015.9
11955.2
11814.3
11172.9
10438
10314.6
10494.7
11803.6
12423.9
12365.5
12545.5
12099.8
12741
12406.8
12521.6
11945.5
11801.7
12602.7
12914
12726.6
12702
12663.2
11293.1
11684.8
11568.1
11805.7
11111.3
10758.2
11271.3
11022.4
11667.2
10907.1
10702.6
10425
12433.2
11698.4
11585.2
11589
11539.9
11474.5
11306.3
11989.6
11323.9
11628.5
12471.7
11850.6
12622.6
11927.9
11490.5
12531.1
12603.9
12327.8
12719.6
12936.2
14139.1
12647.4
12812.7
13141
12052.9
11987
12118.6
11501.6
11464.3
11962.2
11577.5
11070.3
11218.4
11658.2
11981.9
12627.9
12786.7
11689.5
12221
11890.3
11771.7
11281
12155.7
11430.6
11743.3
11617.3
12233.6
12504.2
11949.5
11422
12040.1
11860.6
12196.6
12184.2
12203.7
12748.9
12410.1
12348.5
12609
12466
12699.5
12235.4
12592.4
12553.3
12737.4
12920.5
13422.3
12657
11933.8
11671.8
11891.1
11484.9
11239.2
11647.9
11349.7
12581.8
12033.6
11688.9
11475
12533.5
12080
11908.7
11786.5
11843.7
11778.9
11102
10935.1
11629.9
10993.8
11226.4
10624.3
10615.2
11790.7
11562.2
11628.5
12427.4
12513.8
12647
11602
11935.2
11199.4
11877.2
12071.3
11638.5
11762.7
12509.4
11866
11869.2
12201.6
11594.8
11172.2
11557.2
12046.5
11602
11377.1
10981.8
10199.2
10564.8
10451.6
10446.7
10006.2
10623.4
10390.8
10446.8
10155.3
10355.8
10497.2
10996.7
10460.2
10244.8
9430.71
11188.1
10998.4
10709
10083.8
10141.3
10037
10338
10418.3
10883.7
10107.2
10038.1
10210.2
9584.78
9274.45
9566.77
10087.5
9126.7
9993.24
9935.72
10459.8
10252.9
10186.3
10404.7
10675.5
10889.8
10191.4
10109.5
10265.8
10788.1
11373.8
10804.6
11182.6
11201.7
10407.2
10345.5
9611.3
9809.22
9578.82
8779.63
9485.26
9799.8
9704.63
10339.1
10246
10959.5
10852
10439.9
10463.9
9942.9
9639.71
10025.7
10069.1
10124.3
10169.7
10149.2
9459.87
9162.12
9682.53
10936.1
11038.6
10938.5
9880.02
9992.02
10906.2
10127.2
10093.1
10093.6
9395.25
9062.4
9544.08
9832.17
9552.07
9565.34
9148.81
9068.7
8832.16
9994.63
9535.46
9505.06
9587.67
9846.98
9968.38
9777.59
9931.35
9544.15
9779.57
10669.4
10597.5
10459.1
11543.9
10143.6
10519.1
10521.2
10314.7
9893.98
10940.9
10652.7
10263.1
11030.1
10596.6
11005.8
11287
10517.1
10246.2
9702.96
9733.16
10175
10985.2
10678
11475.7
10103
10311.2
9935.57
10337.1
10626.1
10812
11033.2
11307.5
11304.6
11248.9
10545.8
10237.7
10499.6
10681.5
9789.73
10381.7
9922.75
9936.9
9789.48
10547.2
9980.3
10859.3
11607
11675.1
11669.5
11817.5
12371.9
12372.2
11950.3
11054.9
12209.3
11982.7
12745.8
12458.2
12565.8
11931.3
11258
10882.8
11943.8
12483
12265.1
12456.5
11288.6
12200.8
11857.9
12191.9
13169.4
12999.3
12821.7
12655
12470.7
12461.1
12729.1
12784.3
13323
13419.1
13185.4
13735.5
13542.3
13582
13264.1
12810
13419.7
13268.8
13691.8
13609.8
13311.5
12948.2
12227.9
11826.8
11434.3
11073
11753.2
10675.2
10337.3
10078.5
10811.8
10703.5
10582.7
10923.3
11028.9
11237.9
11334.2
11693.6
11123.2
11224.9
10608.9
10438.8
10415.7
10631.4
11114.5
10802.4
10628.4
11218.7
10941.9
10843.9
10565
10847.5
11363
12190
11902.1
11278.2
11297.9
11493
11209.1
11384.5
10950.5
10737.5
10824.2
11297
11170.8
11201.3
10682.4
10725.8
12090.2
11899.2
11690.9
11546.6
12050.6
12310.3
12550.6
13318.8
12612.5
11981.2
11976.4
11845.7
12548
12460
12840.6
12897.2
12483.5
12927.1
13293.2
13117.8
12521.1
11656
12037.5
12013.7
12694.9
12625.2
12017.2
11670.5
12418.2
13033.5
12925.1
12815
12975.4
13476.7
12712.5
13254.5
12756.9
13112.1
13519.6
13003.2
12401.2
11992.8
12467.6
11654.4
12078.5
11779.9
11498.8
11253.3
11306.7
11457.2
12637.5
13133
12808.5
13105.7
13729.2
13764.4
13539.4
12554.5
12422.8
11941
11711.4
12164.1
11235.3
11901.8
12221.6
11347.6
11930.5
11613.5
11799.3
11591.6
11648.9
12076.2
11648
11026.8
11231
11667.7
11021.7
9821.11
9528.27
8931.96
9106.75
9000.65
9956.19
9283.29
10280.5
10431.6
10464.3
10513.4
10488.6
10591.5
9975.58
10516.6
10714.8
10290.5
11291.8
11582
12412.5
11967.1
12036.3
11911.5
12059.4
11824
11789.3
11203.1
12125.1
11554.1
11813.8
11622.7
10942.7
10790.9
11426.2
12074.9
12912.4
12358.5
11419.3
11318.2
11166.8
11479.2
11251.8
10945.5
11129.6
10551.9
10925.8
11183.3
10792.2
10967.3
10647.4
10339.9
10405.5
10738.3
10899.9
10774.9
10633.5
10585.3
9886.03
9625.29
9010.8
9669.76
10285.8
10013.1
9476.64
9692.37
9299.92
9144.44
9337.31
9185.47
8825.22
9361.12
9091.07
9242.04
8910.98
9297.92
8994.84
9045.08
8978.19
9054.18
8861.11
9826.67
9880.94
9643.78
9729.17
10381.8
9538.32
9493.95
9903.12
10284
10408.5
10266.7
10349.8
10405.3
10158.8
10533.9
11010.8
10451.7
9546.25
9377.04
9386.84
9501.69
9187.03
10115.2
10717.4
10606.6
10635.5
11450.7
11118.5
11294.3
10886.5
11441.1
12294.9
12087.3
11903.2
11734.8
11877.3
12223.9
11828.4
11507.9
10758.1
11230.6
11459.6
11619.6
10557.8
10050.6
11098.8
10656.1
10909.8
10741.7
10715.2
9736.58
9259.39
9291.52
9542.61
9554.02
8892.39
9083.75
8899.5
9328.22
9462.48
9070.34
8863.37
9957.72
9864.35
9469.1
9260.87
8711.17
9072.08
9064.73
10124.6
10044.9
9389.99
9043.33
9520.3
9153.27
9134.84
9082.83
9437.81
9169.24
9914.96
9433.33
9311.48
9272.52
9869.76
9041.08
8850.86
8981.25
8812.81
8820.91
8758.8
9019.46
9420.31
8810.87
8413.49
8588.11
8713.17
8534.13
8910.19
8728.26
8837.21
8976.89
8897.97
9184.66
9086.3
8128.15
8668.24
8165.63
8094.12
7470.7
8224.98
8202.56
8458.67
8380.36
8543.67
8709.61
8715.19
10140.7
10237.7
11062.6
10354.6
10626.3
10648.4
9666.24
8811.29
9790.98
9754.76
9122.82
8651.77
8861.15
8581.94
8145.58
9173.45
9247.07
8857.72
8408.48
8358.51
8299.96
8525.17
8607.6
8146.1
8750.96
8860.86
9385.41
8817.74
8824.63
9236.94
8913.68
9163.98
9471.84
9311.35
10071.7
10526.5
10964.9
10030.3
9970.29
9256.93
8948.02
8535.08
9247.39
9625.81
9121.68
9045.83
9132.82
8716.41
8011.42
8080.61
9243.46
9065.59
8420.2
8591.25
9193.36
8870.74
9486.03
9320.32
9215.4
9476.03
8813.53
9070.04
8530.58
7794.13
8071.76
8094.73
8218.63
8012.59
8184
7921.38
7793.52
7800.92
7925.25
7934.83
7034.69
6970.69
6474.1
6982.63
7197.84
7046.62
6955.77
6915.8
7492.12
7683.17
7550.62
7411.02
8336.26
8045.2
7684.8
7303.14
7556.2
6865.32
7138.69
6655.28
6861.97
6812.47
7534.67
7554.73
7143.97
7850.09
7570.1
7333.67
7236.23
7217.86
7357.23
7571.53
7936.96
7440.3
7239.38
6654.38
6695.63
6165.23
5600.45
5692.63
6733.74
6432.22
6681.93
7289.07
7180.01
7153.83
6573.67
7457.5
7140.8
7169.72
6982.2
6724.32
6589.65
7893.39
7327.94
7299.77
7047.06
7164.37
7793.05
7407.33
5937.67
6061.22
6434.56
6547.24
6292.26
6600.48
7064.55
6900.78
6986.02
7410.12
6678.01
6743.33
6827.55
6853.9
6847.36
7142.31
7358.45
7622.93
7553.35
7534.13
7322.95
6992.04
6977.67
6868.06
6814.74
6739.82
6787.86
7900.18
7269.42
6612.63
6410.07
6379.57
6091.26
6567.47
6946.34
6722.64
6543.18
6405.44
6103.56
6417.15
6596.3
6852.91
7502.81
7487.43
7551.89
8103.96
7495.43
8138.02
7987.13
7878.42
8169.72
7293.41
7366.27
7866.9
8017.2
7671.24
7302.68
8033.28
7770.6
7911.8
7943.58
6807.66
6859.1
7092.49
7119.15
7105.64
6573.17
6722.34
7203.53
7297.04
6887.79
6891.97
6102.73
6337.79
6414.26
6290.26
5812.16
5783.56
5568.16
5476.13
5957.9
6455.89
6903.75
6687.93
7355.33
7786.2
7269.03
6938.22
6465.69
6457.51
6107.46
5770.89
6291.57
6451.29
6588.24
6575.01
6001.42
6538.83
6399.1
6384.97
6299.43
6705.77
7293.56
6446.4
5940.85
6642.43
6420.07
7024.27
7400.49
7325.82
7267.56
7838.64
8672.12
8824.87
8674.53
7569.38
7507.12
7186.13
7467.79
7458.18
7377.45
7790.84
7110.65
7247.73
7627.05
7815.56
7640.81
7344.32
7675.89
7294.33
7339.77
6893.13
6674.52
6881.97
7073.59
7546.33
7464.24
7341.39
6738.55
7075.07
7626.48
7513.63
7208.61
7734.54
7614.93
8158.88
7687.9
7715.33
7786.71
8082.48
7844.48
7891.96
8353.4
8324.67
7716.53
7678.56
7579.43
7982.75
7445.55
7917.32
7409.32
7671.98
7169.33
7823.94
7754.15
7589.37
7832.7
7565
7817.11
8087.71
8596.08
8777
8394.74
7697.5
8098.44
7690.82
7944.11
8264.37
8284.72
7612.51
7593.49
7320.85
7970.48
7057.56
7132.84
7047.62
7243.43
7536.12
7423.34
7807.97
7736.75
8050.98
8050.34
8249.9
7737.53
7966.8
7894.17
7755.45
7823.97
7648.52
7779.29
7582.11
7652.05
7533.51
7466.46
7546.25
7979.18
7568.67
7186.03
7193.23
7414.73
7475.16
8057.88
7402.8
8001.29
7809.33
7839.84
7001.85
7079.03
7275.72
6826.68
6766.9
6311.96
6880.5
7209.71
7167.65
7492.72
7737.53
7428.81
7268.17
7455.85
7031.61
7270.65
7048.78
7051.61
7286.29
7596.9
8150.66
8328
8163.59
7643.45
7361.83
7334.38
7110.75
7057.76
7035.73
7068.95
7378.38
7288.05
7440.32
7426.46
8334.18
8274.83
7751.48
7400.38
7806.35
7957.35
7790.5
8429.02
8556.48
7768.57
7681.92
8401.25
8277.6
7157.45
7284.45
7766.52
7071.53
7847.93
7764.73
7209.91
7142.55
6735.45
6924.18
7269.5
7422
7381.43
7333.34
7570.87
7241.71
7534.85
7473.26
7107
7066.11
7290.07
7637.2
8052.45
8078.03
8743.02
8542.31
8083.09
7740.83
7662.47
7423.5
6937.12
6902.24
6785.21
7131.82
7772.91
8039.27
8269.06
8766.76
8555.3
8284.87
8477.93
8681.97
8086.52
7680.56
8354.13
7660.4
7949.83
8399
8333.51
7964.2
7545.5
8061.27
8422.72
8399.53
8444.41
8350.95
8558.68
8791.77
8846.51
8814.01
8926.41
7966.73
8232.81
7922.1
7842.16
8231.6
7701.42
7165.68
6856.2
6982.24
6891.55
7196.33
6856.73
6646.37
6290.89
6546.57
6174.11
6300.36
6404.72
6480.41
6657.06
6166.2
6124.92
5807.57
6082.53
6600.77
7077.62
6854.75
6280.72
6105.72
6061.97
6037.55
5731.92
5666.65
5258.66
5335.57
5210.42
5374.37
5440.09
5297.4
5356.77
5261.49
5405.79
5329.38
5146.27
5285.72
5593.61
5587.97
5887.98
5792.49
6051.67
5915.9
5551.96
5714.75
6340.65
5839.19
5840.36
6038.19
6171.29
5466.21
5958.09
6667.12
6389.84
6230.94
6208.54
6548.7
6788.58
6616.65
6669.69
6309.84
6589.51
6721.15
6567.21
6357.87
7189.49
7037.19
6691.42
6357.33
6291.78
6404.61
6353.51
6236.19
6231.63
6542.52
6767.57
6925.65
7107.67
7069.21
6584.42
6901.72
6624.53
6392.37
6134.76
5991.96
5693.78
5580.01
5287.11
5608.29
6305.95
5930.3
6229.58
6265.97
6137.21
6128.92
6158.34
5961.36
5670.54
6014.08
6189.64
6231.37
6249.01
6747.89
6397.35
6113.09
6085.27
5750.62
5394.11
5174.45
5583.63
5758.95
5801.7
5656.37
5481.24
5400.99
5994.25
5956.18
6342.25
5960.82
5456.69
5264.68
5415.86
5009.04
5837.61
5405.73
5195.15
5501.78
5677.92
5818.63
6185.43
6121.17
6323.89
6515.92
6512.52
6337.49
5641.09
5742.92
6213.36
6522.96
6553.77
6335.67
6573.22
6976.34
6869.08
6572.85
6757.65
6165.28
5873.29
5969.19
5870.99
6215.47
6536.21
6612.94
6631.05
6616.42
6565.34
5965.61
6520.09
6281.18
6279.08
6064.9
5768.19
5933.95
5520.54
5910.13
5564.47
5596.38
5411.96
5425.14
5423.59
5460.75
5508.68
5463.18
5399.96
5269.32
5127.24
5285.03
5308.74
5367.58
5678.57
5603.56
5662.62
5491.4
5431.95
5601.18
5620.82
5908.45
5664.72
5686.89
6199.86
6271.03
6543.31
6583.04
6678.74
6631.91
6857.19
6991.64
6572.55
6909.75
7077.2
7031.89
6840.21
6721.9
6360.14
6460.58
6478.7
6488.26
6218.01
6309.54
6076.14
6087.29
6252.79
6377.53
6340.79
6286.77
6031.6
6308.11
6162.73
6264.47
6267.87
6292.42
6166.63
6117.56
6177.38
6253.75
6146.56
6224.84
6020.01
6248.4
6530.34
6183.53
6188.58
6105.45
6094.19
6301.64
6164.44
6236.67
5847.13
6209.96
5999.01
5248.67
4984.71
5264.2
5380.77
5654.82
5736.36
5632.76
5727.87
6173.04
5959.51
6064.56
6131.82
6148.76
6269.11
5985.98
5926.15
5576.98
5618.91
5937.22
6515.14
5782.26
6266.75
5761.01
5878.29
5531.73
5374
5457.33
5911.6
5719.18
5987.46
5721.85
5441.48
5387.36
5334.27
5099.01
5352.28
5680.1
5570.03
5391.38
5368.3
5391.9
5522.54
5070.6
5320.25
5600.88
5779.5
5271.93
5195.91
5096.68
4792.88
5154.74
5520.88
5085.87
5138.24
4766.3
4902.24
4775.9
5138.12
5038.9
4890.05
5146.82
5442.47
5152.85
5410.5
5072.78
4871.15
4865.11
4587.95
4667.14
4801.79
5056.95
5485.33
5227.24
5392.2
5365.45
5211.27
5387.02
5504.51
5841.9
5507.46
5073.89
4855.11
4892.04
4911.92
4805.08
5117.25
5066.84
5096.54
5153.73
4921.74
5189.34
5085.44
4877.31
4912.07
5323.37
5191.7
4986.16
4463.47
4787.18
5215.35
5090.55
5347.99
5319.3
4367.55
4353.08
4083.2
4639.81
4837.26
5037.45
5367.59
5411.85
5384.64
5164.44
5390.88
5312.58
5272.43
5046.37
5257.99
5063
5203.46
4919.15
4758.67
4949.67
4887.79
4829.76
4607.48
4480.74
4712.48
4499.09
4788.34
4769.31
4960
4586.2
4299.8
4240.27
4732.8
4750.49
5029.93
5210.77
5096.51
5062.89
4597.44
4605.03
4711.27
4760.31
4679.76
4788.43
4718.35
4958.86
4746.53
4882.73
4792.16
4651.14
4429.4
4558.93
4642.76
4518.55
4615.97
4625.73
4180.85
4105.76
4277.47
4646.76
4266.81
4555.16
4147.26
4062.3
3976.01
4119.1
4383.17
5080.95
4679.27
4106.99
4185.69
4097.58
3878.59
3797.21
3904.96
3955.99
3925.2
4004.65
4124.66
3945.58
3907.64
4444.72
4543.97
4755.02
4318.83
4547.39
4501.31
4616.89
4570.68
4723.1
4764.96
4656.3
4878.86
5037.94
5494.64
5140.42
4706.72
4369.09
4532.4
4941.11
4951.18
5057.16
4993.85
5253.24
5557.29
5112.38
4719.2
4783.18
4641.81
4615.1
5039.39
4986.17
4880.54
4891.89
5052.5
5001.84
5352.74
5373.8
5349.59
5402.64
5177.3
4891.02
4531.45
4556.86
4622.81
4505.77
4811.27
4984.64
5540.47
5066.21
4850.89
4701.03
4174.95
4396.95
4387.37
4146.34
4142.23
4159.19
4173.04
4066.95
4314.76
4228.16
4649.42
4608.67
4574.92
4491.34
4355.05
4315.16
4392.5
4011.33
4066.91
4206.53
4262.51
4303.73
4270.1
3949.93
4047.25
4263.09
4265.55
4277.92
4329.9
4123.66
4452.29
4427.08
4543.86
4155.88
4073.84
4092.3
4052.99
3878.66
3806.2
4124.11
4006.62
4298.81
4196.83
4316.96
4587.19
4408.06
4285.8
4324.55
4385.08
4512.39
4561.97
4466.4
4553.89
4462.59
4737.16
4607.94
5169.34
5076.53
5014.45
4826.07
4988.28
5285.21
4686.01
4230.63
4313.57
4318.13
4479.7
4516.88
4493.81
4926.68
4826.94
4492.03
4724.73
4903.58
5146.96
5123.31
5434.01
5293.1
5271.98
5167.98
4807.72
5089.85
4921.71
4958.96
4664.24
4264.12
4427.45
4969.89
4438.91
4379.04
4391.64
4464.28
4455.55
4327.36
4345.27
4666.27
5010.54
4902.15
4760.44
4892.45
4448.21
4469.68
4598.53
4551.28
4360.85
4516.98
4623.14
4347.06
4173.92
3958.67
4065.07
4029.8
4018.18
3735.79
4058.83
4116.72
4474.28
4999.38
4963.08
4757.89
4818.49
4939.37
4998.77
4625.17
4686.55
4481.87
4344.7
4531.69
4735.81
4755.73
4726.84
4855.74
4839.14
4997.4
5069.42
5077.96
4957.78
4587.78
4561.78
4550.27
5059.82
4982.18
4784.88
4677.05
4526.27
4607.91
4807.61
4673.01
4760.48
4879.32
4753.75
4716.09
4836.83
4870.71
5076.03
4691.1
4728.16
5117.56
5126.23
5150.19
5124.25
5070.32
4922.26
4929.88
4497.55
4863.71
4959.82
4880.73
4712.96
4972.25
4557.31
4574.33
4589.46
4691.78
4767.34
4326.21
4388.36
4389.06
4617
4625.99
5030.43
5255.99
5689.71
5310.61
5250.4
5007.38
4992.46
4909.31
4928.62
5149.99
5193.75
4980.74
5088.4
4987.88
4742.51
4889.22
5108.71
5121.73
5575.55
5606.2
5255.86
5599.42
5405.67
4816.36
4745.56
4772.66
5026.06
5042.54
5214.51
4713.89
4998.1
5245.34
5959.24
5548.26
5761.56
5654.39
5866.95
5387.17
5305.82
5284.08
5054.04
5386.48
5419.48
5110.39
5526.25
5210.73
5168.14
5088.11
4868.52
4692.59
4876.69
4809.1
4753.03
4992.87
4621.42
4853.91
4706.42
5045.08
4795.25
4930.01
4558.3
4750.33
4796.53
4676.38
4839.32
4633.21
4539.73
4611.3
4535.43
4473.74
4476.09
4380.69
4353.65
4263.71
4350.69
4550.46
4868.4
4769.63
4360.48
4350.6
4620.03
4504.78
4625.2
4932.08
4914.92
4947.71
4577.03
4343.95
4483.13
4116.72
4088.01
4080.85
4044.26
4514.68
4506.48
4555.88
4556.52
4447.97
4633.32
4587.4
4200.15
3981.53
3934.5
4144.35
4285.96
4244.59
4192.88
3920.61
4033.29
3733.34
3804.31
4094.14
4017.42
3835.78
3794.29
3882.87
4029.45
3985.86
3827.52
4065.34
3969.4
4079.96
4245.11
4032.8
4295.47
4105.96
4170.16
4395.14
4371.78
4075.37
3642.36
3587.57
3673.25
3324.3
3391.79
3416.22
3627.97
3518.43
3914.43
3904.91
3830.46
3806.23
3867.84
3857.64
3877.72
3394.77
3398.35
3468.26
3360.75
3494.05
3445.38
3385.27
3497.45
3099.98
2886.98
2839.16
2848.82
3109.73
3136.08
3318.58
3309.45
3175.72
3418.19
3336.19
3218.38
3658.89
3779.7
3543.76
3547.84
3791.09
3904.64
3813.79
4046.06
3744.33
3704.37
3697.34
3409.82
3084.36
3343.61
3191.57
3152.42
3415.77
3543.36
3438.37
3458.68
3411.71
3622.66
3486.16
3628.62
3321.34
3350.61
3484.76
3580.13
3665.07
3503.07
3403.56
3659.84
3462.99
3454.77
3465.28
3305.27
3340.73
3457.75
3506.75
3629.8
3763.88
3806.63
3834.1
3672.51
3774.49
3851.47
3676.31
3773.82
3948.57
3840.13
3747.31
3752.83
3952.68
3847.76
3950.61
3809.83
3651.29
3488.04
3557.67
3353.65
3557.55
3340.69
3197.05
3397.13
3341.51
3529.89
3443.21
3515.53
3470.36
3655.79
3631.15
3583.62
3244.17
3339.7
3299.52
3250.2
3271.5
3496.24
3236.75
3352.75
3214.91
3070.11
3533.61
3387
3222.43
2982.56
3005.38
2925.96
3281.66
3156.12
3053.85
3259.59
3262.79
2950.56
3007.83
2890.15
2997.58
2926.67
3140.16
3241.69
3069.87
2979.84
3326.7
3264
3504.08
3389.68
3191.71
3146.18
3015.59
2850.56
2824.83
2675.83
2881.61
2990.69
3141.91
2849.09
2907.09
2820.73
3005.82
3342.68
3529.9
3611.49
3591.77
3741.67
3419.73
3689.32
3598.37
3201.57
3346.05
3038.83
3394.11
3642.63
3680.47
3748.12
3574.22
3779.88
3625.36
3534.11
3330.58
3456.16
3392.82
3311.17
3294.49
3341.66
3530.47
3575.13
3650.51
3770.95
3889.45
3777.32
3742.46
3787.61
3728.71
3882.6
3844.69
3908.7
3747.82
3812.39
3476.05
3590.3
3521.27
3722.78
3768.23
3775.69
3621.78
3588.43
3608.26
3566.39
3578.43
3757.31
3555.6
3737.84
3615.09
3529.61
3685.66
3644.38
3647.58
3777.55
3940.46
3787.92
3911.51
3749.54
3714.37
3731.8
3561.26
3191.24
3224.98
3583.11
3541.89
3870.72
4063.21
3800.89
4121.8
3888.01
3966.59
3709.09
3568.22
3583.55
3566.33
3601.3
3422.4
3365.2
3625.71
3851.97
3793.94
3784.17
3925.69
3509.62
3538.16
3699.08
3822.74
3798.4
3611.38
3680.42
3575.96
3568.27
3691.46
3785.77
3706.29
3651.71
3639.23
3572.17
3605.68
3485.71
3567.85
3469.9
3591.88
3490.64
3249.53
3605.5
3441.97
3416.59
3366.89
3409.58
3641.04
3819.37
3771.54
3636.14
3734.05
3843.86
3712.27
3732.84
3834.95
3604.19
3801.21
4016.27
3982.88
3826.77
3652.69
3624.31
3751.71
3927.65
3744.16
3424.88
3627.4
3388.52
3462.44
3365.35
3329.57
3548.91
3658.35
3435.65
3167.01
3136.97
3059.49
3148.14
3443.87
3540.06
3456.15
3387.69
3686.78
3814.16
3617.63
3836.84
4018.24
3891.48
3811.13
3580.5
3536.71
3622.38
3609.55
3623.52
3429.46
3306.47
3329
3620.6
3580.54
3640.5
3703.6
3464.83
3327.24
3359.64
3198.13
3313.59
3426.02
3419.52
3434.11
3492.95
3392.68
3570.04
3712.23
3676.72
3688.5
3615.44
3624.59
3564.77
3540.68
3356.16
3433.08
3595.08
3756.72
3897.42
3990.77
3945.45
3795.19
3950.58
3817.93
3983.73
3969.23
3861.57
3802.55
3903.04
4048.5
3838.82
3441.59
3473.53
3391.11
3452.23
3518.84
3596.08
3434.38
3324.04
3576.13
3751.78
3556.88
3479.51
3460.96
3713.07
3825.9
3945.08
4070.29
3930.64
3787.94
3725.57
3553.21
3651.61
3612.04
3592.99
3581.08
3776.46
3734.51
3552.94
3475.07
3556.61
3431.03
3347.28
3348.74
3441.79
3299.92
3311.91
3480.25
3335.92
3173.19
3146.15
3177.09
3063.12
3123.45
3104.82
3070.09
3056.79
3083.71
3082.46
3180.38
3192.86
3422.04
3178
3244.19
3357.4
3500.54
3329.88
3397.42
3180.49
3299.23
3355.17
3309.99
3457.12
3529.71
3429.01
3513.9
3426.94
3256.4
3224.75
3205.99
3145.16
3216.75
3320.26
3335.33
3174.13
3032.89
3061.94
3040.78
2851.15
2902.16
2791
3033.08
2892.09
3027.06
2890.11
3043.57
3181.68
3246.31
3122.47
3250.55
2851.81
2617.16
2794.68
2768.73
2659.95
2713.52
2809.21
2972.19
2822.9
2811.58
2978.83
2841.88
3034.01
2914.62
3038.81
2938.9
2973.69
2867.39
2978.08
2981.33
2841.64
3036.73
2946.59
2906.2
2889.55
3041.08
2809.28
2783.63
2817.42
2941.44
3018.28
2970.82
3007.6
2838.48
2846.67
2782.56
2671.45
2811.46
2927.04
2753.01
2791.27
2877.06
2807.87
2836.75
2764.37
2807.39
2759.56
2880.51
3188.34
2934.39
2909.86
2843.07
2939.65
2972.02
2855.16
2834.99
2817.52
2915.87
2913.77
2884.97
2990.86
2973.49
2936.07
3114.6
3093.11
3241.76
3382.48
3386.68
3397.23
3422.67
3442.6
3400.17
3481.56
3369.59
3303.63
3374.33
3147.8
3432.72
3325.07
3218.15
3292.23
3301.05
3403.45
3477.44
3320.59
3301.8
3180.78
3146.96
3091.45
2825.56
2733.4
2797.5
3099.37
3095.01
3085.82
3220.59
3097.8
3000.71
2937.65
3072.02
3278.41
3148.06
3198.97
3145.69
3115.41
2973.86
3030.05
2998.17
2851.13
2840.21
2879.06
2908.42
2957.48
2858.01
2721.24
2745.76
2734.52
2613.95
2787.37
2691.26
2781.27
2909
2710.2
2782.53
2869.8
2872.09
2786.75
2993.02
3034.93
2942.85
2859.01
2781.23
2549.23
2712.54
2559
2592.57
2512.11
2561.56
2442.36
2329.55
2495.36
2462.5
2411.62
2308.38
2422.76
2292.13
2371.06
2437.25
2319.22
2529.54
2515.9
2471.4
2461.33
2577
2673.57
2738.63
2569.63
2396.46
2450.55
2597.43
2543.7
2581.98
2536.53
2616.04
2396.93
2563.84
2609.56
2569.33
2691.45
2678.87
2729.86
2694.23
2629.01
2570.96
2519.54
2689.17
3048.69
3027.46
3050.04
2930.15
2620.14
2718.18
2708.17
2689.46
2797.61
2903.87
2926.81
2994.06
2888.46
2915.77
3058.49
3194.1
3027.31
2963.29
2887.88
2846.54
2848.21
2840.36
2908.36
2837.92
2726.4
2785.84
2822.82
2773.89
2650.7
2795.24
2870.67
2739.47
2927.84
2886.96
2899.32
2793.96
2740.3
2732.2
2677.24
2912.39
2776.7
2697.57
2692.33
2679.44
2595.9
2733.09
2639.89
2539.89
2534.34
2602.84
2636.61
2506.04
2500.29
2647.22
2549.89
2608.09
2505.95
2510.65
2772.46
2646.97
2813.73
2625.84
2700.11
2799.7
2622.33
2505.84
2559.55
2498.63
2602.64
2529.11
2470.02
2403.33
2421.88
2416.19
2282.17
2302.39
2319.89
2470.07
2315.39
2481.28
2636.38
2576.23
2511.89
2487.81
2534.01
2355.32
2327.87
2572.12
2758.9
2543.19
2703.4
2649.32
2754
2797.32
2542.06
2412.74
2437.05
2503.41
2425.19
2324.51
2483.47
2552.9
2433.92
2446.94
2327.4
2186.09
2287.31
2397.9
2453.36
2582.22
2621.69
2583.59
2577.37
2614.49
2649.12
2603.58
2719.85
2619.84
2715.38
2680.53
2609.43
2548.62
2557.27
2515.05
2649.56
2584.8
2676.08
2679.83
2602.88
2612.54
2529.87
2573.32
2662.16
2813.99
2744.87
2752.62
2715.99
2628.34
2763.1
2745.94
2739.02
2555.96
2568.31
2664.63
2574.64
2679.98
2630.22
2776.45
2881.97
2745.47
2793.9
2733.8
2932.03
2987.14
2986.8
2834.03
2725.84
2695.83
2678.25
2730.72
2697.79
2727.72
2652.6
2759.79
2808.95
2687.01
2753.85
2746.33
2853.66
3043.67
3014.39
2884.98
2746.85
2623.05
2602.01
2593.38
2607.17
2515.27
2547.06
2511.26
2723.75
2560.37
2604.2
2612.19
2505.09
2478.09
2473.36
2461.07
2464.04
2641.29
2520.34
2635.12
2624.69
2725.02
2656.97
2696.4
2736.94
2594.48
2559.93
2482.77
2407.28
2343.46
2263
2295.71
2070.69
2158.26
2201.32
2246.24
2208.29
2286.17
2352.68
2244.39
2233.44
2158.51
2093.83
2233.04
2175
2162.16
2294.63
2385.08
2424.66
2562.03
2387.91
2336.11
2214.46
2180.71
2326.53
2445.21
2407.99
2491.53
2396.52
2356.48
2442.07
2399.98
2444.7
2533.73
2356.59
2234.63
2347.38
2311.06
2426.13
2298.26
2131.58
2264.09
2379.71
2273.74
2315.8
2354.68
2321.38
2402.35
2298.83
2353.96
2302.72
2207.8
2546.19
2396.58
2286.28
2373.49
2291.69
2480.52
2413.74
2424.32
2334.06
2393.93
2363.98
2363.11
2405.9
2575.29
2574.51
2505.93
2453.09
2237.91
2144
2217.27
2287.76
2329.59
2299.78
2336.69
2252.1
2256.71
2387.1
2443.59
2470.83
2530.92
2684.85
2555.35
2556.52
2702.19
2605
2508.47
2300.29
2409.44
2421.66
2490.02
2510.95
2638.2
2600.33
2775.51
2639.57
2676.5
2675.72
2573.95
2598.4
2575.83
2669.96
2617.92
2580.46
2583.46
2585.62
2535.54
2362.04
2298.34
2449.01
2470.16
2494.17
2517.81
2593.07
2571.09
2653.34
2507.89
2478.2
2418.72
2474.71
2381.66
2214.66
2258.52
2425.58
2426.09
2487.13
2462.93
2406.93
2503.26
2391.56
2399.44
2425.91
2453.49
2330.26
2278.78
2270.68
2383.05
2242.73
2369.28
2465.6
2336.17
2366.18
2249.93
2312.04
2270.73
2343.95
2319.02
2487.19
2490.2
2400.46
2453.32
2365.5
2270.64
2497.61
2467.81
2529.14
2401.15
2379.28
2334.94
2513.87
2511.75
2526.17
2343.72
2183.1
2155.85
2177.55
2147.79
2175.26
2126.56
2228.26
2190.3
2173.41
2185.49
2173.12
2264.31
2312.97
2315.26
2160.95
2159.55
2273.99
2276.65
2363.15
2418.62
2388.18
2590.21
2561.34
2451.12
2407.87
2390.51
2439.42
2271.48
2200.51
2363.8
2396.16
2321.51
2419.91
2357.47
2369.08
2379.69
2487.09
2552.52
2396.29
2298.77
2287.38
2258.01
2307.45
2353.41
2336.57
2330.21
2320.79
2258.75
2255.98
2220.05
2314.96
2339.35
2284.73
2212
2254.73
2387.94
2442.73
2259.13
2251.43
2250.71
2212.29
2116.97
2118.06
2206.42
2299.94
2360.72
2303.84
2184.92
2357.57
2129.63
2074.17
2141.93
2178.57
2245.09
2165.16
2125.52
2205.47
2376.66
2405.84
2339.84
2297.45
2311.3
2357.42
2403.12
2275.57
2266.5
2125.94
2035.15
2046.59
2098.1
2157
2085.79
2231.2
2194.4
2186.45
2108.47
2101.31
2096.31
2175.13
2240.74
2117.46
2089.11
2269.98
2234.02
2287.24
2204.96
2159.54
2207.5
2232.65
2260.11
2217.39
2169.39
2109
2206.93
2204.61
2266.87
2263.88
2272.31
2101.03
2134.09
2087.66
2139.48
2110.22
2208.58
2050.3
2107.42
2160.61
2185.01
2190.86
2118.89
2052.68
2054.56
2014.48
2016.44
2107.01
2048.92
2003.42
2042.07
2160.34
2055.35
2058.04
2045.98
2031.23
2056.68
2005.57
1940.4
1954.75
2041.2
2020.15
2082.83
2010.34
2081.87
2021.1
2017.58
1968.4
2066.72
2056.98
2071.32
2036.38
2176.41
2099.62
2081.52
2055.44
2144.87
1993.67
2054.24
1959.51
2087.92
2189.11
2180.37
2125.36
2117.76
2135
2068.55
2104.63
2135.24
2044.77
2122.23
2132.4
1984.97
2047.17
2096.54
2064.73
2230.22
2165.3
2154.67
2030.36
1814.14
1853.18
1875.03
1884.26
1887.45
1843.91
1933.31
2110.17
2029.75
2140.09
2192.98
2043.96
2134.54
2100.76
2149.69
2075.3
2077.67
2053.28
2150.45
2180.04
2189.09
2129.29
2144.37
2113.99
2170.2
2190.05
2087.13
2059.08
2098.52
2087.85
2061.51
2094.78
2097.81
2123.64
2119.26
2156.3
2102.25
2040.66
2072.17
2070.23
2044.23
2148.19
2030.2
2011.95
2036.58
1957.16
1980.12
2037.52
2062.12
2085.76
1951.05
2068.67
1987.26
1859.43
1972.96
1880.74
1860.98
1782.64
1773.97
1831.74
1922.39
1802.76
1700.2
1811.01
1721.97
1696.06
1747.59
1685.91
1659.41
1688.03
1602.09
1542.59
1601.81
1675.77
1735.03
1667.02
1631.63
1622.08
1604.64
1628.66
1567.31
1580.56
1674.87
1702.2
1764.69
1802.46
1814.85
1760.56
1718.09
1704.27
1687.25
1626.09
1660.58
1676.98
1695.36
1894.08
1908.83
1873.8
1845.67
1832.91
1867.8
1888.83
1925.99
1815.03
1843.82
1780.67
1829.08
1757.65
1712.45
1664.67
1645.31
1727.85
1692
1637.31
1660.5
1729.5
1670.47
1729.73
1731.39
1705.38
1719.71
1664.47
1661.29
1583.29
1572.96
1556.27
1686.62
1873.38
1907.03
1862.12
1802
1889.43
1908.9
1736.98
1741.77
1594.23
1584.58
1559.85
1546.1
1739.63
1704.5
1639.63
1661.32
1603.6
1619.71
1494.02
1593.92
1614.12
1605.66
1800.42
1800.3
1903.48
1896.05
1836.29
1765.95
1892.26
1954.3
1938.81
1870.73
1838.97
1797.93
1740.61
1784.38
1763.03
1777.27
1786.24
1818.19
1728.92
1650.11
1721.66
1729.16
1727.99
1775.5
1794.23
1810.92
1902.39
1783.18
1866.27
1953.59
1803.14
1829.4
1677.78
1757.27
1770.7
1795.02
1829.96
1791.41
1778.26
1787.78
1713.71
1745.07
1821.95
1840.59
1823.53
1865.5
1771.6
1754.51
1850.01
1804.23
1855.14
1787.08
1831.6
1911.2
1967.95
1939.33
1842.48
1897.01
1924.47
1961.1
2034.67
2093.76
2108.78
2144.61
2128.78
2132.67
2140.29
2069.29
2105.44
2060.38
2035.06
2049.25
2035.54
2044.8
2031.05
2123.04
2086.08
2102.91
2122.65
2085.96
2065.9
2094.89
2171.09
2018.25
2091.66
2007.82
2004.99
2025.11
1979.49
1952.56
1865.03
1835.27
1739.73
1718.57
1865.82
1947.99
2022.22
1843.19
1908.87
1844.84
1888.06
1864.96
1898.49
1945.6
2011.93
1960.16
1990.87
1978.7
2053.15
1943.52
1844.03
1924.43
1977.61
1889.84
1971.2
1974.72
1937.33
1904.57
1955.54
1963.12
1803.62
1768.78
1725.67
1703.29
1703.74
1725.61
1806.59
1796.76
1807.46
1813.49
1880.47
1882.22
1863.31
1919.81
1868.56
1778.7
1782.58
1791.67
1793.9
1732.18
1751.53
1734.43
1627.36
1620.53
1620.86
1661.83
1670.64
1588.05
1592.83
1575.38
1595.66
1659.8
1739.24
1738.69
1696.07
1756.99
1707.31
1806.63
1699.79
1705.39
1613.86
1587.26
1656.29
1745.64
1733.79
1816.84
1808.15
1869.68
1841.32
1842.36
1802.24
1699.78
1680.74
1702.67
1704.38
1667.35
1675.03
1562.88
1528.15
1511.59
1517.08
1484.6
1562.63
1630.67
1531.71
1489.08
1509.33
1464.35
1413.13
1456.82
1424.37
1453.07
1433.76
1653.67
1602.22
1572.74
1650.53
1596.6
1599.24
1609.46
1535.1
1522.28
1489.65
1470.18
1529.68
1477.85
1504.29
1528.92
1577.59
1547.51
1541.31
1566.77
1588.56
1570.22
1599.11
1613.82
1572.96
1571.05
1638.93
1573.54
1563.67
1608.86
1673.07
1695.03
1700.1
1646.37
1668.93
1579.97
1601.64
1661.79
1770.57
1748.58
1710.92
1795.46
1643.89
1640.07
1650.75
1645.73
1700.42
1734.78
1747.11
1761.01
1647.3
1683.47
1603.59
1603.64
1644.39
1631.43
1672.74
1692.16
1722.96
1786.61
1783.95
1734.58
1692.23
1644.43
1643.25
1620.53
1620.39
1565.13
1490.44
1510.64
1536.94
1599.94
1638.96
1555.47
1579.72
1561.64
1604.07
1560.31
1597.6
1554.75
1594.92
1528.02
1589.21
1548.38
1649.27
1576.01
1575.2
1570.33
1594.23
1647.27
1497.99
1492.94
1452.5
1444.3
1402.97
1449.48
1482.89
1537.84
1541.88
1571.29
1535.7
1575.73
1506.08
1543.97
1528.12
1516.09
1497.16
1518.29
1472.98
1456.34
1494.1
1460.28
1451.33
1535.16
1538.19
1538.2
1494.05
1496.35
1466.11
1506.16
1472.28
1409.33
1423.3
1366.74
1407.5
1433.86
1364.42
1415
1372.9
1481.56
1468.82
1433.64
1457.51
1476.4
1398.11
1403.59
1448.45
1460.09
1486.18
1516.62
1563.33
1568.72
1539.61
1508.23
1444.71
1429.91
1456.24
1496.19
1457.2
1446.58
1431.39
1386.17
1397.49
1424.88
1402.51
1427.54
1440.26
1416.57
1445.05
1391.14
1352.52
1380.7
1392.23
1396.34
1378.89
1399.33
1499.77
1440
1494.04
1543.24
1397.72
1465.78
1507.67
1486.93
1441.92
1477.99
1451.81
1402.99
1438.86
1406.16
1407.12
1389.98
1412.82
1428.95
1463.39
1465.96
1508.23
1451.43
1440.94
1408.87
1363.8
1287.14
1351.52
1323.21
1334.1
1318.54
1307.59
1346.07
1337.39
1315.57
1369.01
1449.72
1418.7
1510.56
1481.71
1578.67
1551.85
1450.8
1449.77
1594
1510.8
1517.28
1517.94
1482.29
1454.75
1382.74
1356.57
1385.51
1330.59
1244.33
1245.55
1292.86
1244.01
1230.37
1333.3
1341.13
1352.8
1300.59
1218.7
1248.8
1254.55
1307.95
1287.25
1353.29
1271.12
1207.18
1209.95
1273.55
1285.3
1290.81
1293.68
1242.23
1260.46
1259.27
1274.1
1270.74
1311.56
1282.85
1307.24
1446.73
1506.24
1389.34
1429.57
1446.76
1451.89
1390.49
1410.16
1353.69
1389.23
1379.35
1394.78
1432.82
1547.89
1478.06
1438.28
1461.96
1483.71
1507.62
1448.83
1395.86
1407.91
1444.81
1408.86
1401.64
1407.34
1403.4
1400.32
1360.11
1323.37
1271.15
1353.85
1293.95
1299.88
1276.42
1287.86
1252.01
1278.81
1245.49
1251.31
1379.84
1414.81
1404.79
1404.67
1353.9
1437.14
1367.06
1370.65
1367.06
1411.58
1380.2
1367.83
1440.42
1386.79
1335.47
1338.38
1377.91
1370.26
1366.29
1304.59
1327.84
1309.21
1292.09
1316.19
1417.29
1368.14
1294.47
1277.12
1292.21
1343.01
1338.32
1308.52
1329.61
1281.43
1257.83
1243.65
1323.07
1373.09
1332.38
1351.96
1375.71
1423.54
1406.83
1477.61
1393.41
1354.73
1391.11
1376.77
1315.26
1348.48
1315.95
1334.01
1295.91
1333.11
1307
1272.5
1256.12
1241.99
1219.5
1258.17
1261.23
1238.19
1264.38
1272.63
1325.51
1333.41
1287.16
1260.99
1339.98
1313.95
1341.57
1323.84
1237.02
1216.22
1214.7
1215.09
1248.18
1277.19
1222.34
1214.87
1224.28
1224.3
1256.97
1232.96
1225.63
1182.93
1168.59
1192.06
1224.42
1179.78
1183.4
1258.76
1247.87
1307.35
1293.32
1311.06
1296.48
1246.4
1271.72
1258.3
1277.73
1295.09
1305.47
1283.8
1341.77
1300.9
1319.5
1323.07
1324.73
1284.08
1229.32
1229.33
1271.8
1268.74
1266.03
1267.62
1242.62
1240.82
1187.64
1194.23
1187.71
1101.11
1092.04
1087.86
1085.32
1145.4
1142.65
1194.15
1117.57
1095.32
1105.14
1116.04
1144.01
1137.74
1137.29
1160.22
1189.08
1179.15
1133.45
1214.38
1192.72
1147.74
1202.56
1202.32
1117.5
1108.81
1077.8
1101.93
1125.87
1113.28
1125.45
1119.19
1140.78
1152.26
1170.12
1237.33
1207.87
1211.1
1191.79
1230.14
1245.22
1300.53
1261.96
1276.22
1218.64
1224.41
1238.04
1224.75
1238.43
1199.59
1215.68
1276
1218.11
1174.56
1181.81
1207.26
1163.53
1188.84
1136.27
1194.32
1153.27
1180.71
1156.38
1214.44
1179.01
1172.49
1152.74
1211.59
1264.63
1190.49
1196.19
1221.69
1199.6
1172.89
1144.06
1187.98
1135.22
1202.1
1249.55
1209.87
1222.56
1263.17
1308.15
1321.25
1314.04
1279.67
1244.61
1226.45
1242.7
1225.93
1210.91
1230.03
1222.92
1216.63
1213.03
1247.32
1269.6
1239.24
1266.06
1275.77
1288.47
1296.06
1236.69
1173.31
1192.77
1168.87
1178.6
1220.19
1249.37
1261.01
1249.63
1233.97
1184.12
1223.74
1198.17
1234.97
1218.48
1219.98
1164.93
1175.65
1131.13
1188.84
1122.99
1158.63
1190.4
1162.92
1175.18
1206.55
1185.15
1109.57
1131.14
1158.87
1209.57
1225.27
1278.97
1266
1240.82
1211.34
1210.76
1216.83
1206.18
1218.62
1241.22
1191.1
1218.66
1289.81
1277.6
1283.11
1203.59
1218.99
1244.84
1276.66
1304.76
1296.49
1299.14
1262.99
1215.09
1292.56
1207.83
1189.22
1177.91
1194.51
1231.39
1192.81
1202.88
1221.43
1194.92
1152.87
1181.4
1192.84
1135.92
1149.14
1181.22
1135.53
1115.19
1119.57
1127.1
1124.6
1131.04
1087.02
1064.43
1034.55
998.013
1019.95
1019.14
1034.94
1039.42
1075.51
1099.37
1079.98
1054.47
1066.79
1087.39
1093.53
1102.64
1119.67
1111.96
1111.2
1089.24
1121.06
1128.14
1103.46
1130.86
1139.34
1136.39
1079.89
1108.02
1124.8
1138.97
1149.57
1175.16
1177.85
1156.04
1146.63
1079.78
1091.52
1093.34
1100.53
1103.07
1158.82
1112.08
1109.42
1124.61
1105.12
1103.32
1101.26
1097.22
1092.64
1087.66
1019.55
1039.6
1021.93
997.606
1036.37
1003.26
1020.67
983.796
986.602
971.731
974.566
991.215
995.893
1053.44
1046.04
997.515
1029.24
1069.37
1100.7
1134.93
1115.62
1032.8
1058.07
1059.18
968.101
982.721
987.184
1024.83
984.598
1003.71
994.989
1003.65
983.925
1002.11
960.424
986.345
1021.41
1038
1066.44
1042.56
1024.73
999.992
1010.77
1016.32
1027.64
1054.77
1033.06
1064.48
1073.39
1059.75
1041.65
1024.27
1031.75
1141.54
1115.38
1111.65
1144.21
1128.53
1111.79
1087.95
1077.18
1099.8
1054.31
1034.2
1061.14
1061
1053.3
1085.41
1085.77
1144.47
1096.79
1077.85
1113.89
1063.95
1079.28
1094.55
1087.38
1124.2
1127.41
1077.72
1018.61
970.259
1002.68
1067.21
1035.28
1051.81
1070.03
1023.15
1029.5
1053.95
1032.9
1022.16
1009.39
992.132
998.599
990.083
972.338
1027.47
971.698
985.413
972.98
1021.4
1036.57
997.345
1018.64
986.436
1069.18
1078.61
1063.9
1035.97
1039.01
1087.05
1091.05
1043.18
1054.19
1057.95
1086.29
1018.69
1020.91
1007.02
1022.17
972.773
1017.3
1004.78
1022.96
1011.85
1026.09
1041.22
1053.9
1099.42
1086.02
1070.56
1116.11
1069.8
1104.9
1103.49
1102.35
1104.7
1063.99
984.945
985.29
984.613
996.082
970.31
939.507
919.245
912.577
921.009
895.696
893.856
896.558
892.526
953.893
1000.91
955.087
977.202
970.545
964.62
968.021
938.718
919.036
987.354
958.602
972.356
977.724
982.848
976.708
942.905
983.469
983.207
1024.1
1041.06
1001.54
1069.9
1037.85
1011.98
1031.3
1001.04
1012.27
1031.23
999.992
960.027
951.677
957.031
947.582
928.564
898.563
858.018
907.872
904.859
911.055
904.974
921.045
915.094
935.152
1027.69
1004.03
976.775
968.516
955.257
942.808
977.827
965.333
980.92
1012.63
1032.97
1053.11
1030.31
1030.46
1002.73
1008.4
970.402
1007.37
1046.03
1020.64
1010.43
998.171
995.261
1005.14
1042.09
1055.48
1049.88
1069.13
1024.11
1013.17
976.34
980.426
970.538
995.929
1005.04
998.65
1006.11
1034.95
1013.61
1010.73
988.948
1005.65
1009.28
1003.6
995.732
982.588
951.156
956.237
960.299
959.341
950.273
909.826
931.429
942.721
941.044
929.035
965.316
993.147
991.644
1007.31
1035.7
1042.74
1042.21
989.725
995.562
983.6
941.762
936.688
907.234
915.846
966.467
996.017
963.426
943.604
965.781
933.627
948.022
956.142
966.123
958.923
940.96
902.887
910.862
943.394
948.207
933.421
938.428
940.32
912.146
941.524
939.332
948.467
958.622
1000.36
1012.71
1005.36
992.171
978.457
982.617
1012.29
1000.62
1023.37
1031.07
990.031
945.034
946.96
957.949
930.086
938.691
956.168
934.626
917.312
907.532
913.656
915.445
903.511
945.328
910.515
904.955
916.232
881.728
906.073
879.258
905.611
947.29
967.34
936.577
909.793
946.076
947.119
944.587
968.221
971.943
959.075
971.289
956.882
935.021
916.757
937
882.243
913.415
917.93
908.431
925.647
918.942
962.216
950.458
937.283
940.484
909.789
869.178
868.297
892.008
894.264
865.516
842.951
880.465
897.01
897.817
913.419
903.663
942.117
907.3
895.896
870.334
870.176
859.169
864.999
864.211
828.542
851.903
863.213
871.054
866.541
888.366
916.041
901.737
875.809
845.552
864.694
897.058
903.985
900.729
910.865
930.5
859.897
885.681
887.396
876.649
861.737
861.21
882.602
875.384
879.716
854.67
843.126
838.056
839.576
811.566
835.053
862.234
866.22
884.248
874.294
880.278
880.75
896.939
854.274
844.558
823.817
837.048
822.473
830.114
779.383
812.464
811.341
814.169
811.244
801.587
795.941
810.893
827.949
808.397
807.909
808.954
818.498
806.92
817.952
823.613
857.158
863.883
862.451
903.308
874.301
852.754
834.661
828.131
859.922
858.291
826.778
845.965
847.408
835.14
834.479
841.17
856.201
865.757
840.27
839.347
820.228
856.263
882.728
904.068
866.987
868.854
866.629
883.478
870.88
874.959
850.273
816.975
824.851
831.423
827.808
829.262
815.461
806.139
827.378
825.358
837.064
845.297
872.974
892.314
895.596
878.133
887.924
903.647
903.074
859.311
880.805
873.701
878.522
883.581
890.369
868.49
827.282
815.143
817.024
777.745
797.167
787.654
809.265
812.37
817.336
828.561
836.731
852.881
863.474
854.585
850.012
837.253
867.623
884.531
846.991
854.217
881.088
869.58
902.166
873.8
839.906
828.454
840.779
823.762
868.066
890.147
872.238
844.264
841.775
851.651
846.438
815.343
839.675
843.017
834.204
829.342
851.206
860.576
866.933
847.365
868.875
917.12
884.316
862.388
846.444
849.525
859.304
869.54
909.486
873.631
865.858
881.97
849.689
839.214
835.02
866.351
887.818
873.427
856.73
830.332
874.15
843.121
852.903
858.96
852.429
860.258
833.037
839.898
847.511
860.462
878.671
851.73
842.77
840.773
870.237
864.634
864.125
878.261
844.122
870.327
887.09
882.072
858.403
821.562
846.134
864.725
884.759
878.094
848.006
860.808
852.839
879.525
875.002
883.203
862.251
885.766
851.102
835.432
824.567
830.957
828.106
832.225
809.417
829.144
829.173
811.186
816.21
834.536
819.28
855.006
881.628
839.75
832.973
830.283
860.04
886.833
887.164
838.217
809.237
822.104
826.797
791.554
805.296
798.648
829.311
823.059
784.202
788.204
795.874
808.065
818.242
848.241
838.328
857.99
870.715
853.449
826.35
860.298
817.595
809.307
844.518
820.92
799.99
781.751
762.314
788.238
815.538
792.475
823.957
835.376
843.752
850.475
835.799
837.204
852.091
844.075
848.102
839.938
839.877
838.957
849.029
872.97
877.243
883.422
872.669
879.811
842.016
823.051
820.492
839.998
856.167
825.542
847.897
848.283
800.962
790.998
782.756
807.231
796.421
819.406
814.8
809.066
815.163
794.561
799.97
802.271
785.051
796.874
803.475
788.079
801.828
808.325
817.308
817.71
796.068
771.998
791.121
755.301
764.944
784.013
775.808
779.758
782.317
775.569
773.154
782.615
781.294
781.492
784.86
758.549
768.393
776.965
767.704
760.441
769.351
795.319
800.155
797.277
799.235
785.276
795.789
818.105
831.63
810.959
835.943
815.017
815.4
781.74
784.657
790.735
811.349
804.39
800.263
832.703
794.845
766.48
809.81
842.943
789.684
790.024
790.035
779.29
768.167
762.956
784.671
780.23
771.495
785.321
783.784
784.289
747.139
749.579
765.936
777.199
773.632
759.147
778.549
786.789
742.228
760.461
745.013
736.073
741.828
757.595
774.449
765.706
802.462
769.57
766.019
788.563
796.441
791.025
800.07
804.643
754.565
765.577
763.011
745.661
749.219
764.049
759.162
743.788
724.145
740.726
749.877
748.186
757.147
779.774
776.266
798.733
765.675
757.443
765.593
761.924
773.606
770.572
762.242
803.447
794.552
813.089
813.559
835.65
830.69
820.703
797.992
790.849
783.389
776.273
762.3
771.572
760.99
755.764
764.778
748.742
753.836
747.879
746.745
740.614
737.468
742.643
751.974
751.973
781.042
778.382
759.404
768.725
750.826
744.148
743.576
739.708
710.962
735.938
751.006
758.076
731.447
708.048
687.189
687.701
684.732
682.085
681.855
706.167
716.943
719.406
688.945
689.592
723.886
716.722
688.204
660.636
669.716
665.051
668.604
675.514
698.668
700.376
706.028
724.632
741.083
758.416
724.509
731.016
715.169
734.036
737.475
730.829
726.949
701.528
713.799
730.553
739.08
761.021
767.343
768.506
764.573
756.392
744.434
737.295
744.18
759.535
724.474
770.313
735.247
737.218
744.903
757.469
757.04
726.467
726.228
717.859
716.573
708.28
710.268
723.375
724.99
739.278
726.973
720.987
733.268
724.14
721.81
714.179
714.525
720.391
723.806
714.463
693.697
694.885
696.757
688.043
676.415
675.063
671.273
656.723
667.249
675.987
683.329
674.375
669.721
680.984
683.101
660.148
665.777
647.831
642.64
655.491
676.978
666.332
657.196
666.688
695.895
704.194
678.373
681.219
692.467
694.604
672.168
670.138
690.284
716.021
704.275
701.271
664.667
663.282
673.635
684.312
685.319
668.751
653.112
662.537
658.104
646.512
656.195
644.45
641.311
665.323
673.18
674.419
698.674
674.571
676.584
681.447
665.342
659.773
661.301
656.709
652.413
657.555
686.041
657.033
656.684
637.423
621.668
636.811
628.079
634.141
656.935
656.699
640.716
628.219
631.802
618.003
631.321
638.001
650.036
631.919
628.742
624.631
623.362
630.774
648.92
642.631
642.345
636.998
643.191
638.065
644.847
672.798
669.275
661.213
665.248
643.089
653.706
640.715
650.34
643.566
640.599
625.675
633.335
632.536
630.246
660.592
645.801
644.25
639.111
651.721
661.68
669.352
656.012
644.784
638.073
626.409
630.134
642.854
638.422
620.984
634.099
618.273
624.185
620.842
619.794
631.599
642.644
636.254
640.657
654.035
659.632
659.393
657.767
673.226
644.902
627.829
625.096
620.485
622.944
627.057
636.771
650.335
653.646
651.26
644.244
646.632
656.094
650.596
639.496
631.964
630.82
647.811
639.942
652.466
635.369
643.18
656.313
642.218
658.984
644.117
641.994
632.461
620.822
640.895
630.952
613.018
609.482
615.336
621.433
607.438
603.247
627.502
621.85
633.925
662.694
638.782
620.964
647.439
646.123
646.442
647.581
632.387
638.208
637.197
631.991
629.641
629.037
615.597
624.378
615.423
623.882
626.554
627.295
618.521
622.055
615.13
607.693
596.477
600.794
598.578
613.987
629.019
647.313
651.818
653.562
660.7
652.893
649.963
630.921
638.497
614.871
625.895
630.304
626.495
631.43
624.276
594.575
605.268
585.553
587.364
589.769
587.128
591.019
603.99
596.404
612.341
605.555
632.793
633.149
631.694
645.785
626.967
608.804
611.492
607.32
603.233
604.546
588.201
581.142
597.889
592.674
595.816
584.331
578.788
590.383
604.162
611.135
608.161
587.83
595.244
578.192
578.461
588.8
589.122
589.065
596.179
590.279
597.169
599.732
578.423
582.138
567.061
563.094
570.368
574.667
564.716
582.989
583.171
572.741
574.209
604.629
577.248
583.224
587.708
587.934
592.582
590.505
586.634
589.377
591.605
586.154
572.877
577.597
571.736
566.754
567.651
567.054
573.508
576
563.947
572.614
571.123
572.078
567.79
570.06
591.753
582.231
575.027
564.588
557.153
580.805
560.124
562.201
570.279
576.173
568.871
571.394
569.353
568.391
556.726
567.329
558.83
550.404
546.862
560.398
576.565
580.721
568.592
570.745
573.916
573.036
583.957
590.59
585.149
603.618
584.186
588.199
578.137
575.882
569.434
569.056
559.745
559.085
571.267
578.456
575.34
585.409
578.699
586.305
601.004
562.277
564.431
565.56
563.955
557.948
545.702
550.732
537.219
537.466
530.2
527.115
532.122
541.405
544.716
548.32
550.367
532.438
525.811
534.251
553.527
550.413
552.29
556.343
556.458
566.554
555.599
569.265
568.22
566.174
578.347
584.201
577.321
579.395
574.975
573.535
578.468
569.137
578.425
566.348
595.783
588.88
567.75
573.916
576.542
563.694
572.623
558.351
559.95
555.494
572.427
565.201
573.254
571.699
584.541
586.735
594.346
587.923
594.086
569.822
572.987
569.308
554.849
561.274
552.744
569.073
568.92
571.994
569.527
569.177
551.928
558.881
556.211
545.047
555.809
560.504
564.9
581.7
580.255
577.19
570.881
547.117
549.84
547.787
549.074
556.679
537.6
547.264
568.399
561.355
562.658
550.756
563.288
563.924
563.349
561.318
558.413
548.379
557.425
557.707
571.027
560.319
569.155
577.802
552.814
543.658
544.687
557.334
553.96
546.5
555.195
548.674
545.399
555.419
543.251
550.792
546.291
567.16
557.359
546.439
552.106
547.558
539.831
526.67
526.691
537.28
526.145
528.466
526.125
531.792
532.923
557.788
548.629
549.393
561.268
547.574
554.803
553.06
545.868
551.726
544.811
559.214
535.882
532.646
540.957
535.295
556.654
536.466
539.616
536.33
531.5
540.054
544.004
541.887
529.39
530.892
517.43
510.524
512.084
507.608
512.162
515.562
512.549
496.959
507.796
503.827
500.311
497.193
508.452
515.534
496.035
510.962
518.503
516.721
514.395
497.148
491.337
482.944
489.168
493.016
497.884
506.371
509.011
508.901
533.464
517.947
522.907
511.092
538.501
547.591
551.035
533.449
537.889
545.004
534.589
534.126
528.489
542.476
554.931
559.211
561.195
559.237
563.236
568.545
590.053
584.631
576.34
566.954
540.417
527.945
551.926
546.57
547.856
525.178
522.087
516.138
512.424
514.838
531.95
544.134
538.991
516.88
511.185
518.32
528.486
534.003
529.823
519.355
519.451
531.728
522.715
502.784
498.273
510.426
503.208
495.457
499.957
510.284
508.135
505.953
523.341
519.094
543.951
526.398
524.818
533.759
522.821
519.81
512.061
515.122
504.416
503.834
501.129
509.849
501.397
503.399
501.482
504.482
512.87
508.209
509.868
502.294
512.545
510.08
507.302
518.238
520.422
517.473
524.575
511.618
503.96
514.52
507.693
494.688
498.133
502.642
508.309
520.466
518.999
513.885
510.018
513.543
506.642
515.387
518.658
515.295
519.994
519.398
532.098
528.588
526.643
527.311
548.565
519.009
528.572
528.808
511.964
517.896
516.065
523.268
533.399
517.935
515.533
503.034
512.482
508.201
524.483
517.886
516.048
515.533
508.834
516.653
513.34
507.753
505.221
497.625
502.888
518.039
513.632
518.451
508.606
513.009
514.314
522.192
521.488
521.705
515.33
523.166
523.537
519.874
512.684
514.373
523.421
519.43
513.278
512.138
510.751
504.697
510.256
522.941
516.625
506.225
505.523
508.379
498.973
495.399
505.204
499.473
499.706
503.12
507.123
505.915
507.568
507.547
506.188
514.913
530.988
527.674
505.637
510.189
521.423
511.202
508.049
503.489
505.803
499.106
500.474
514.64
505.419
504.034
511.13
500.697
497.446
486.365
490.579
484.252
487.181
481.505
494.89
492.125
493.347
492.184
493.596
498.669
492.77
490.183
491.902
498.479
498.757
509.236
507.766
509.812
500.706
504.053
497.061
502.523
496.98
500.766
506.513
505.466
509.204
514.581
512.223
505.574
501.537
499.6
493.919
495.211
502.169
507.466
512.998
508.883
512.932
506.393
502.784
514.829
520.489
515.3
511.478
504.193
503.389
506.694
499.075
502.667
509.251
501.235
498.88
500.869
497.768
493.684
489.934
490.783
493.545
491.04
485.669
486.214
486.964
492.797
499.51
511.946
505.569
516.047
512.813
527.82
517.989
510.664
501.66
502.623
505.155
506.574
502.201
508.996
506.461
498.556
492.396
488.212
487.511
484.017
478.316
480.248
477.191
478.625
491.179
498.311
494.928
493.46
492.271
499.87
502.344
501.266
513.413
504.838
498.479
500.327
511.218
510.956
513.188
518.424
519.804
518.857
524.482
521.831
516.085
512.324
507.746
508.808
502.388
493.988
489.172
503.762
498.031
503.518
502.868
505.81
503.726
493.626
496.696
487.97
484.961
498.094
491.741
495.662
495.173
508.793
502.216
503.586
506.512
494.109
489.935
490.13
490.831
485.156
478.755
481.081
492.22
494.772
483.901
483.668
484.443
490.042
500.78
502.107
497.769
502.344
512.56
503.025
503
495.947
490.13
484.209
491.534
501.726
492.108
497.32
481.796
477
478.568
481.924
488.88
478.413
476.576
488.047
488.704
478.576
474.628
474.711
479.902
479.971
480.209
484.311
498.314
501.36
487.585
489.78
491.276
494.801
494.463
485.847
495.786
491.932
487.97
486.521
481.892
485.153
487.602
474.4
478.186
477.511
486.83
487.999
486.052
495.729
488.191
498.403
488.058
489.752
493.003
485.565
483.143
476.713
483.836
480.32
483.867
477.434
480.361
467.365
467.479
467.811
469.237
474.233
472.201
471.699
480.941
483.98
481.873
488.343
478.075
478.271
472.433
470.267
468.768
471.882
481.199
468.974
469.132
463.133
467.82
465.104
471.283
476.613
470.199
471.693
462.681
464.704
471.129
476.684
469.721
470.65
466.897
467.536
466.087
472.863
462.598
463.981
464.283
477.806
473.374
475.787
485.045
480.574
475.912
478.51
473.12
473.823
470.945
460.636
466.02
467.493
474.181
473.417
475.712
474.721
474.198
477.836
473.11
474.641
475.51
478.6
478.607
474.854
459.26
463.045
462.463
468.038
467.448
465.385
466.286
461.833
471.721
477.193
472.987
485.747
486.631
478.878
474.849
477.91
477.174
479.129
473.123
466.879
469.736
467.637
466.574
466.091
463.29
459.04
456.554
457.983
461.722
464.169
464.123
461.871
457.954
459.074
460.387
462.183
462.809
459.426
472.251
483.155
487.662
490.173
486.122
488.772
476.892
462.396
466.014
462.737
456.856
469.432
467.46
470.418
474.603
473.593
479.318
479.228
479.475
480.307
469.795
466.805
464.943
461.852
464.984
465.151
466.802
460.468
468.904
467.123
467.099
468.454
468.807
465.711
468.484
467.795
463.848
462.561
472.048
475.492
469.018
471.052
473.679
470.962
466.283
458.926
466.058
466.975
468.238
462.282
458.634
468.494
468.205
466.594
455.95
457.846
455.127
457.809
448.992
449.281
442.367
445.603
455.049
449.514
446.363
446.058
450.322
455.779
457.829
452.619
455.579
463.726
462.734
459.382
456.445
454.574
446.622
448.949
449.641
452.374
452.943
447.105
443.49
448.756
449.1
445.338
446.205
451.064
442.223
444.659
443.294
435.901
438.003
445.326
437.132
432.831
435.339
438.952
442.519
446.012
445.906
434.721
444.907
448.641
447.963
452.424
453.501
443.519
442.358
453.669
443.939
442.996
439.726
440.167
439.791
433.861
434.856
435.471
445.584
449.559
438.786
440.54
433.029
436.504
444.373
435.261
435.186
441.582
439.533
438.025
442.579
434.772
424.669
424.18
426.911
436.672
433.861
432.225
428.843
426.45
423.781
423.204
422.404
431.536
429.476
426.324
423.49
426.172
424.857
425.491
418.98
426.793
424.616
423.825
423.085
423.828
419.429
421.184
423.786
433.796
436.539
435.607
428.237
431.582
436.045
437.27
432.948
434.911
433.04
433.9
435.185
437.284
426.753
423.824
424.656
427.602
422.143
428.944
432.499
428.443
429.464
423.696
421.423
421.218
421.099
423.072
415.286
415.04
416.687
409.144
413.486
416.925
411.897
412.604
414.073
406.054
411.619
404.687
406.633
407.114
409.351
406.99
411.762
412.196
409.644
405.704
409.033
408.45
409.693
411.331
411.311
416.814
420.893
432.086
430.5
423.96
418.393
426.851
417.959
412.929
416.416
427.842
419.565
423.031
420.757
426.237
425.736
423.796
428.851
431.586
425.227
428.803
423.9
424.354
423.453
422.227
429.353
432.218
429.208
428.73
429.524
427.529
428.04
425.963
420.018
424.169
429.398
417.353
431.848
431.264
431.92
428.05
425.028
435.164
428.341
427.23
427.478
425.787
419.435
425.456
420.644
424.334
428.394
429.814
421.324
427.565
428.585
421.983
421.305
413.098
419.261
423.322
416.739
415.045
413.976
422.208
419.534
416.811
412.912
413.694
411.541
411.643
415.369
413.266
415.931
412.049
408.221
407.032
407.378
407.033
409.764
407.397
409.777
405.844
409.063
400.548
396.934
394.851
402.394
406.109
404.514
402.083
400.326
402.711
401.777
408.001
405.681
405.518
410.293
412.522
415.742
416.202
414.738
413.66
417.839
416.439
414.743
419.005
419.394
417.665
418.924
417.629
411.831
415.827
423.945
416.23
413.263
423.126
430.298
424.416
424.727
419.142
419.784
423.455
423.685
426.859
424.133
419.152
423.602
420.154
421.261
419.442
415.012
409.486
408.529
412.277
405.989
404.154
406.758
407.857
408.341
408.241
407.141
403.022
398.058
402.2
400.491
403.264
405.259
409.769
403.01
408.565
410.122
406.823
405.001
403.953
410.674
407.266
405.132
407.425
408.524
406.985
408.361
407.792
410.328
405.149
398.164
400.462
401.007
401.659
403.342
400.37
399.475
400.453
404.294
409.281
408.728
407.729
404.092
405.539
406.141
400.126
402.287
406.785
403.668
409.231
409.834
409.102
414.879
412.662
418.586
421.289
418.248
416.045
407.838
415.979
416.286
416.602
412.42
409.722
412.149
408.686
413.127
413.731
414.527
420.039
420.978
419.549
420.82
420.506
423.392
418.316
414.381
418.306
410.562
416.618
416.648
415.392
425.065
416.472
415.978
417.155
424.798
421.492
418.046
418.431
416.693
419.108
418.467
420.821
426.515
424.93
417.882
426.449
419.038
415.799
410.864
402.05
403.101
403.843
404.55
408.644
410.634
409.014
407.133
407.497
411.17
409.943
407.563
412.292
410.081
404.364
403.183
404.065
405.452
403.719
405.416
402.564
403.484
403.577
399.891
398.229
398.606
395.373
397.464
401.008
406.835
407.856
415.085
409.982
407.069
412.396
410.453
411.943
409.439
401.043
400.889
401.79
398.82
404.033
400.687
402.349
400.174
407.077
401.296
396.958
400.09
401.037
400.283
399.152
399.067
401.227
401.94
399.299
395.971
395.044
395.191
399.248
403.66
403.487
406.836
405.698
403.118
399.18
395.583
396.701
395.603
395.86
399.288
396.792
397.491
396.487
389.966
394.684
394.093
396.068
397.153
398.999
399.611
400.228
405.302
403.174
401.201
403.085
398.964
392.886
401.364
400.059
402.947
399.895
398.66
398.882
400.464
400.954
397.466
394.988
397.741
393.654
393.735
394.531
396.171
396.663
395.089
394.188
393.356
391.016
390.526
392.218
387.647
385.499
385.51
383.093
385.427
387.234
384.81
389.613
389.868
391.045
393.052
394.33
394.765
396.496
398.44
389.312
390.474
389.289
391.409
392.012
393.224
391.13
392.208
394.714
396.401
392.667
391.291
390.943
385.958
389.077
390.188
383.279
382.705
382.551
384.684
384.789
386.721
390.395
392.372
390.103
387.22
386.035
385.418
388.48
387.958
380.002
382.833
385.992
388.54
392.183
387.603
387.232
378.782
382.123
379.741
386.002
385.801
378.493
377.735
381.598
381.845
384.59
381.79
380.229
381.906
379.801
378.705
379.07
382.109
388.669
378.645
376.058
373.94
373.968
374.761
376.481
374.97
376.861
378.459
379.851
378.456
383.099
384.339
380.839
382.263
380.437
379.836
378.818
374.809
375.589
377.971
378.765
381.303
380.715
383.327
378.718
377.924
382.782
384.99
385.01
382.407
384.116
380.57
380.604
383.197
390.252
393.257
393.901
391.441
392.917
390.886
387.255
390.475
386.896
383.965
381.682
381.685
381.614
379.788
381.482
379.054
383.666
380.98
382.64
383.703
383.082
383.032
381.379
379.935
377.247
379.6
378.393
379.407
380.79
382.213
384.645
381.718
383.794
381.403
380.266
378.107
378.334
376.204
377.681
381.651
378.89
379.181
377.93
379.668
374.817
371.827
372.487
370.44
372.776
374.71
373.856
369.34
367.924
366.253
361.128
361.515
366.434
368.399
365.547
369.301
371.131
370.816
377.818
381.572
377.64
377.236
375.901
373.517
370.872
372.823
369.714
366.929
367.741
370.802
371.567
374.948
374.051
376.928
379.014
377.416
381.762
381.025
380.413
380.515
379.448
371.409
371.824
371.061
372.651
371.444
367.955
365.891
363.872
368.134
365.745
364.501
367.096
366.889
363.309
359.928
360.853
359.747
361.806
360.331
365.715
364.838
365.675
367.963
366.392
365.004
362.628
363.681
362.585
362.366
365.774
366.555
365.978
367.902
363.742
366.746
368.465
366.209
364.86
360.257
360.621
363.211
363.429
363.269
361.786
365.455
361.988
360.582
362.388
359.891
362.547
364.03
362.525
364.059
364.104
365.724
364.238
364.898
367.637
367.305
364.302
363.122
366.346
365.549
365.019
365.396
367.075
365.679
365.504
362.293
361.338
362.714
360.103
361.216
358.726
362.424
367.048
362.12
361.009
363.366
364.672
364.566
368.018
371.695
369.961
367.822
369.784
374.423
369.53
366.992
367.385
364.127
366.453
367.219
363.327
363.434
363.341
360.676
358.61
360.596
356.571
358.255
359.329
357.852
360.205
362.428
365.614
363.407
361.807
362.695
360.623
359.809
360.864
360.585
359.622
362.053
362.667
364.054
366.253
363.633
363.515
359.667
358.391
354.937
355.018
359.22
359.146
357.836
356.412
361.238
361.772
360.6
359.823
360.198
364.683
366.566
368.412
366.489
362.853
362.616
360.027
361.869
360.699
359.839
359.157
361.045
360.189
360.396
364.362
363.582
363
363.068
362.009
360.981
362.677
359.109
360.557
358.915
358.939
360.886
360.855
359.737
357.976
356.272
356.102
356.318
359.141
358.673
359.939
360.392
365.111
362.274
360.328
357.619
359.517
360.115
362.608
360.261
355.674
355.648
354.264
355.9
358.657
360.539
361.712
356.969
356.178
357.814
360.403
356.771
354.92
355.549
354.911
352.563
356.4
355.68
356.135
358.427
358.275
360.383
360.716
363.222
360.534
359.987
360.951
365.098
362.046
357.378
357.939
357.547
358.177
356.252
358.389
359.105
358.387
359.29
357.147
353.882
352.123
352.412
351.003
349.609
349.593
350.006
351.396
353.564
356.954
354.839
353.435
354.868
356.752
358.165
355.387
353.87
355.111
352.728
353.684
354.086
353.602
354.049
352.605
351.54
350.259
350.578
350.078
354.355
356.585
355.311
353.132
354.236
352.144
350.324
352.528
353.467
354.665
355.371
355.726
354.847
353.93
353.603
350.995
348.161
348.805
349.11
350.391
350.626
351.304
352.517
351.434
349.268
347.815
347.376
346.678
346.842
346.769
347.131
344.984
343.799
343.53
342.652
342.987
343.983
341.066
342.277
339.736
339.729
340.923
339.941
338.408
340.186
339.15
337.437
336.401
337.192
338.78
339.696
338.401
337.233
337.164
337.301
337.779
338.058
338.247
337.343
336.087
337.15
336.132
335.135
335.055
335.467
336.526
336.963
336.9
335.132
336.236
334.822
335.018
337.141
337.109
341.471
340.358
338.971
340.148
339.813
340.67
339.512
336.052
337.641
335.205
333.933
332.743
335.026
335.574
334.045
332.332
330.893
331.391
333.015
331.697
332.594
329.477
330.273
329.802
328.772
330.027
328.167
328.987
331.329
331.302
331.135
329.804
329.909
330.689
330.358
328.262
331.444
331.643
332.786
335.074
330.22
334.247
334.459
333.666
329.807
330.797
329.765
330.649
330.044
328.442
328.349
328.077
327.905
326.038
325.298
325.748
326.069
324.447
325.379
326.521
326.259
323.438
324.62
327.687
327.734
328.162
325.712
326.286
329.649
327.912
326.125
325.341
325.489
326.873
326.2
325.999
327.218
329.13
329.111
329.177
329.167
330.046
331.794
326.358
327.636
328.538
330.914
329.791
334.171
333.21
331.271
332.159
333.507
336.457
336.201
337.73
338.128
335.172
333.92
335.578
335.816
332.662
331.07
330.95
330.604
329.353
330.571
329.129
330.702
330.411
331.47
327.446
329.76
327.933
326.87
328.131
330.992
331.65
327.596
328.361
327.015
327.672
327.315
326.649
326.111
323.627
325.824
324.065
324.969
325.939
326.044
327.491
327.048
327.282
332.741
331.637
333.58
334.615
333.715
332.393
331.486
329.185
329.968
327.561
328.235
327.034
327.596
329.242
327.427
329.053
330.188
329.573
331.428
331.125
332.306
330.72
330.214
329.424
332.293
333.262
334.378
332.092
333.594
328.943
325.633
324.671
323.016
324.344
325.17
326.115
324.745
324.126
322.667
320.52
321.811
323.555
321.802
321.915
321.624
321.847
320.147
321.683
322.595
323.495
326.075
326.367
326.957
326.244
324.343
327.899
328.821
325.427
326.091
325.424
326.194
325.726
324.997
323.653
325.407
324.48
324.638
324.672
323.824
322.759
324.132
323.458
321.364
320.299
321.616
317.743
317.482
317.515
316.966
317.982
318.442
318.805
317.928
318.603
320.996
318.363
321.493
321.989
322.007
322.212
322.063
320.496
320.984
320.194
320.343
320.226
319.908
321.474
321.07
322.972
322.478
320.65
321.286
320.969
322.851
324.311
326.759
326.577
327.133
326.302
327.802
327.875
327.887
326.764
327.82
325.14
321.29
319.634
320.01
321.693
323.363
324.26
323.833
324.853
324.902
324.012
322.062
321.823
323.794
323.787
322.403
321.363
320.063
321.243
321.788
321.043
321.406
323.082
324.219
321.225
322.852
323.768
325.31
324.567
323.784
320.976
323.778
322.859
320.995
321.533
321.51
319.815
319.843
320.259
320.616
322.035
321.373
321.721
321.663
323.584
325.735
323.529
325.545
323.881
323.471
320.123
320.25
319.865
320.282
320.903
322.024
321.683
320.957
320.404
318.044
316.832
316.411
318.891
319.458
321.917
323.602
319.459
321.553
321.851
324.362
321.087
319.808
321.084
319.811
321.285
320.884
322.091
321.629
321.674
323.664
324.117
325.166
325.747
323.265
324.062
324.842
321.272
320.523
320.962
321.3
320.911
320.427
320.8
320.547
322.376
321.218
324.56
323.414
322.189
321.921
322.871
320.936
319.875
322.108
323.334
321.109
320.958
321.443
322.144
321.463
319.812
321.488
323.117
319.502
319.475
319.256
321.183
319.912
318.982
321.404
320.938
320.706
321.245
320.579
320.01
319.476
320.783
322.031
321.405
322.789
322.536
323.411
321.582
321.416
323.725
324.773
323.822
322.048
324.854
325.892
326.224
327.52
326.932
326.897
328.476
328.37
326.652
326.319
325.964
326.747
326.171
326.876
328.164
326.758
326.488
329.788
326.928
325.902
325.258
323.855
322.146
323.145
324.138
323.929
324.781
324.249
323.897
323.826
326.242
322.735
323.323
324.816
323.086
323.338
323.18
322.403
323.326
323.584
323.051
324.548
324.033
324.263
323.933
324.893
324.439
324.769
323.167
324.949
324.405
324.77
323.159
323.218
322.879
322.245
321.522
322.943
324.323
324.491
324.551
322.307
320.133
319.937
319.758
319.996
318.254
318.664
317.955
318.768
318.033
317.29
320.214
317.731
316.27
315.002
313.478
311.936
315.275
314.642
313.891
313.137
313.318
312.853
313.415
315.831
316.542
316.551
316.454
316.634
316.11
317.342
317.56
316.454
317.531
316.826
316.994
315.923
315.086
314.984
315.099
314.183
313.429
313.478
314.414
312.516
312.707
313.52
313.542
314.717
313.845
313.625
312.288
312.04
312.827
314.282
314.261
312.683
313.832
315.011
315.093
313.832
315.919
316.056
315.878
317.199
316.238
316.385
315.478
316.692
316.493
315.569
315.086
313.716
313.342
314.024
314.162
314.144
313.535
313.439
314.644
316.775
318.118
315.446
315.843
313.723
314.07
313.873
311.892
311.751
313.839
312.968
315.042
314.808
315.196
313.633
313.941
315.537
312.241
310.828
311.975
312.397
312.895
311.89
311.558
312.291
312.397
313.192
313.767
315.053
314.688
314.333
313.678
312.262
311.277
309.943
311.092
312.383
311.916
312.694
314.22
314.598
315.067
314.619
315.025
313.758
312.111
312.398
313.294
313.749
312.035
313.445
311.328
312.476
312.363
314.553
316.563
317.575
318.252
317.754
316.38
316.539
318.758
318.252
318.104
317.896
319.225
317.504
316.53
316.052
315.13
314.461
313.44
312.771
313.464
313.141
314.113
314.643
315.952
314.606
313.649
314.295
313.887
314.469
313.68
313.084
313.017
310.408
310.592
310.57
310.154
310.119
311.229
312.323
313.167
311.561
312.544
313.173
311.094
313.33
312.666
313.831
313.408
313.353
311.604
310.379
309.993
309.727
308.7
309.431
308.637
308.32
307.424
307.589
306.563
308.222
306.512
306.577
306.661
307.703
307.53
308.236
307.328
307.961
307.084
307.456
307.205
308.41
308.7
308.79
309.206
309.396
309.242
309.403
309.241
307.227
307.956
309.873
311.03
310.793
309.745
309.534
309.108
308.847
309.184
309.456
308.786
308.685
310.904
311.268
310.933
310.706
310.049
309.604
309.787
309.424
310.887
308.742
308.334
306.972
305.697
304.757
306.115
305.894
305.896
307.153
305.539
305.369
305.088
303.787
304.783
305.214
303.799
304.787
304.021
304.213
304.352
303.779
301.932
303.336
304.027
304.601
304.6
306.3
305.058
304.814
304.326
304.279
304.159
304.853
304.604
305.24
305.042
303.788
303.392
303.601
303.226
303.195
303.671
305.275
306.105
306.072
307.65
307.021
307.783
306.786
305.577
306.042
305.308
304.457
303.369
303.539
302.851
300.61
301.463
300.435
300.45
299.98
300.176
300.865
300.493
299.775
300.92
300.717
300.089
299.849
299.869
300.382
300.741
300.229
299.783
300.964
301.116
302.349
302.072
303.217
302.547
302.821
303.483
303.584
303.838
304.429
305.65
305.438
303.361
302.99
302.146
300.922
300.082
299.62
299.25
299.864
299.939
300.19
299.8
300.673
300.227
300.8
300.665
300.691
299.995
299.365
300.154
299.872
300.263
301.001
301.873
300.81
301.369
301.638
301.405
303.077
301.72
300.724
300.026
299.903
299.335
299.715
299.341
300.03
301.202
300.382
301.228
300.744
300.438
300.007
299.464
298.998
298.848
300.129
300.019
300.574
299.646
298.49
298.539
299.846
299.687
299.547
299.762
300.357
299.624
299.726
300.283
300.28
300.316
299.185
299.308
299.043
299.981
299.134
298.198
297.559
297.439
297.249
298.571
298.56
298.05
297.57
296.9
296.602
296.582
296.365
296.323
296.463
296.554
296.273
296.541
297.462
297.94
298.345
297.819
298.578
298.334
299.425
298.648
298.172
295.944
296.008
297.034
297.126
295.192
295.078
295.538
295.735
296.579
295.915
295.643
294.75
294.179
294.409
294.475
293.956
292.865
293.532
293.086
293.464
293.49
294.27
293.824
293.161
294.279
293.771
294.044
293.521
293.662
293.522
292.848
293.55
295.057
295.334
295.971
296.074
296.402
298.128
297.834
298.18
298.336
298.704
299.569
299.428
299.303
299.022
298.876
298.421
298.691
298.271
298.827
298.079
297.884
297.438
297.456
298.071
297.501
298.216
296.655
295.612
296.576
296.935
296.979
296.176
297.279
297.415
297.991
297.869
297.648
297.991
297.241
296.432
296.659
296.708
296.518
297.502
297.41
297.127
296.995
296.739
295.759
296.573
296.17
296.02
296.763
297.582
296.602
296.531
297.22
296.776
296.476
295.222
295.69
295.951
296.305
296.523
297.732
297.605
296.922
296.553
295.446
294.983
294.776
295.158
295.687
295.892
295.475
293.951
294.169
294.812
294.513
293.988
295.979
295.463
295.859
295.231
295.418
295.697
295.909
296.208
296.712
296.154
296.03
295.555
295.302
295.063
294.702
295.598
294.651
295.471
296.412
296.772
296.861
295.858
295.162
294.936
294.955
295.23
293.968
293.7
294.377
293.829
294.337
294.89
293.943
294.521
294.078
294.342
293.785
293.601
292.046
291.708
292.094
292.309
293.439
293.18
293.904
294
294.326
294.903
294.797
294.473
294.333
293.293
295.064
295.756
295.277
294.816
294.174
294.902
295.3
294.93
295.25
295.694
295.35
295.566
295.182
295.981
295.553
294.281
294.278
294.676
294.766
295.533
295.158
293.993
292.981
293.643
293.367
293.367
292.738
292.616
292.049
291.633
291.047
291.017
291.381
291.535
291.388
291.589
290.692
291.47
292.314
293.299
293.933
294.714
294.776
295.017
294.45
294.32
293.128
293.175
292.131
292.32
292.901
291.915
292.027
291.271
291.281
291.895
291.33
290.706
292.598
293.352
292.754
292.166
292.499
293.014
294.416
293.285
292.928
292.517
291.442
290.979
291.101
291.016
291.199
291.86
291.869
291.364
292.193
291.72
291.555
291.067
291.217
290.901
290.756
291.472
290.733
290.132
291.246
291.472
291.292
291.972
291.909
290.721
290.804
291.456
291.276
290.849
291.11
290.444
290.325
289.738
288.944
288.021
289.538
289.752
289.374
289.293
290.174
290.654
290.026
291.029
291.297
291.121
291.62
290.619
290.653
290.854
290.466
290.598
291.437
291
291.802
290.536
290.049
290.379
289.831
290.527
290.293
290.869
289.786
288.872
288.525
288.06
287.566
287.808
287.389
288.322
288.217
287.691
287.447
287.588
287.897
286.922
286.839
287.07
287.01
288.071
286.837
286.841
287.17
287.048
286.851
286.441
286.164
285.872
286.376
286.827
286.814
287.233
286.982
286.633
287.247
287.469
287.325
286.425
286.487
286.288
286.901
286.577
286.044
285.951
285.679
286.076
286.264
286.826
286.25
285.409
285.75
286.353
285.509
285.345
284.927
285.959
285.563
285.466
285.314
285.645
286.097
286.348
285.315
285.6
286.159
285.968
286.809
286.6
287.501
287.371
287.72
287.319
288.066
288.031
288.249
288.488
288.049
288.648
288.385
288.067
288.564
287.723
288.235
288.485
288.469
288.495
288.38
288.118
287.817
287.595
287.896
287.773
287.973
287.439
288.158
288.11
287.659
287.677
288.524
287.704
287.36
286.824
287.203
287.416
287.265
286.286
286.47
286.058
285.943
286.566
286.402
286.108
286.63
287.619
288.177
288.394
288.494
288.445
286.957
286.659
286.203
285.94
286.143
286.602
285.951
286.795
286.961
286.95
