Mut_X Mut_Y Mut_Size Mut_Rot Mut_R Mut_G Mut_B Mut_Type Time_Sec
70983 68425 82575 73260 82136 82101 82022 66569 2310.46
0 0 0 0 0 0 0 0 2310.46
--- Historial MSE por cambio de temperatura ---
27648.9
27591
26944.4
27401.6
26610.1
26640
26291
26757.6
26865.7
26932.6
26786.5
26740.9
26478.2
26752.5
26456.7
26890
26597.5
26992
26719.1
26522.5
26399.8
26417.5
26636.6
26752
26483.6
26131.5
26276
26275.4
26082.7
25748.1
25959
25798.6
26001.8
26083.9
25896.8
25188.1
25583
25785.1
25885.9
25981.7
25335.6
25490.2
25604.4
26110
25929.6
25508.6
26301
25326.2
25948.9
25940.3
25170.1
24847
26088.9
26829.6
25994.3
26162.2
25763
25368.2
25012.8
25404.8
25572.1
25274.3
25410
25694.4
25701.2
25688.6
24373.7
24912.3
24730.5
25209.4
25139.3
25743.1
25011.9
25072.8
25392.3
25105.9
25276.1
25513.5
25581
25513.8
25397.6
25470.1
25253.9
26087.7
25836.7
26317.7
26621.7
26916.3
25898.2
26344.6
26220.8
26783.7
26844.9
26529.4
25386.8
24870.7
25352.1
25475.8
25362.9
24418
24557.6
24809.5
24500.1
24392.1
24415.8
24285.5
24062
24380.5
24675.4
24714.5
24698.2
23930.6
23487.2
23699
23415.6
24195.7
23443.2
23490.8
23394.9
23473.7
22849.8
23085.6
22559
23259
22559.9
23411.2
23228.5
23170.6
23629.3
23498.7
23480.4
23505.4
23165.9
23046.3
22490.7
23697
24119.4
23771.2
24057.7
24089.1
25411.7
24725.6
24799.1
24429.8
25024.4
24401.1
24501.2
24306.2
24267.1
25132.6
24469.4
24328.4
24695.7
24295.8
25383.9
24890.2
24743
25165.3
25027.1
24805.3
24842.3
23595.1
23519.7
23704.1
23695.5
24275.5
23972.6
24278.7
24641.5
24583.7
23531.1
24205.4
23541.6
23492.5
23799.3
23953.8
23740.5
23872.1
23948.8
24317.7
24376
24745.6
24602.9
25086
23684.4
24060.6
24091.4
24405.9
24178
24551.2
24184
23837.6
24306.2
24574.9
24056
24903.8
24912.1
24384.9
25142.8
25017.6
24818.1
25079.5
24106.3
24510
24448.4
24943.4
24682.1
25530.2
25235
25697.7
25389.2
25057.9
24767.5
24608.2
24348.7
25003.6
25330.2
24624
24848.5
24677
25355.3
25371.6
24808.4
24827.1
24974
24708
24194.6
24243.1
24788.6
24538.2
24868.4
24535
24821.4
24340.1
25110.4
24606
24502.5
24306.7
24262.8
24226.1
24263
24299.4
24316.1
24582.1
23498.4
23222.3
22437.6
22592.9
23248.9
23083.7
23294.2
23713.2
23126.6
22532.8
22401.9
22514.9
21916.4
22028.1
22193.3
23109.1
23442.8
22783.9
22376.5
21834.1
22465.4
23152.6
22090.3
22534.7
22704.6
22671.6
22529.8
22626.8
22994.8
23256.5
23023.8
23142.7
22886.7
22979
23189.8
23674.3
23538.5
23487.6
23127.2
23532.7
23391.7
22810
22692.1
23108
23437.4
22727
23110.6
23285.8
23134
23549
23634.3
23952.2
23925.1
23862
22086.9
22318.1
22406.8
22199
22396.4
22427.8
22960.6
22495.2
23231.1
22248.8
22798.9
22923.2
23040.4
22978.2
23197.8
22923.8
23017.9
22843.1
22912.2
22910.6
23394.8
23127.9
22956.2
23804.1
23538.5
23417.6
24204.3
23776.7
23451.9
23124
23367.2
23312.5
23650.5
24261
23472.3
22006
22703.7
22282.5
22494.8
21985.6
22580.1
22772.3
23013.6
22119.9
22207.2
21978.5
21754
21416.3
21846.5
22616.6
22721.7
22501.1
21959.7
22778.5
22335.6
22343.1
22282.8
22681.4
22759.8
23138
23103.2
23151
22065
22505.8
22748.9
22428.5
22545.3
22802.3
22785.7
22787.2
21700.4
22133.8
22048.6
21928.7
21871.5
22343.1
22382
22078.6
21545.8
21519.3
21184.7
21380.4
22108.8
22123.4
21359.6
21530.8
22006.5
21147
21396
21496.4
21419.1
22394.1
21612.9
22169.9
20988.7
20454.3
21213.1
21684
21616.8
21054.7
20971.6
20992.9
21321.5
21883.4
22394
22626.2
22062.8
22123.5
23026.5
22302.3
22057.8
21987.1
22000
22086
21588.8
21244.8
21560.5
21945.3
21291.5
20805.2
20596.5
19925.1
20156
19550
20078.4
20458.4
20879.9
21676.5
21213.2
21608.6
21047
21079.5
20774.9
20737.4
21009.9
22003.5
21902.1
21905.1
22779.6
21972.7
21373.2
21432.1
21846.3
21032
21594.6
20789.2
21686
22167.2
21948.6
20959.6
21001.7
21208.9
21088.5
20971.4
20687
20007.9
19931.6
20119.8
19567.2
19705.4
20050.4
21502.5
21162.9
21951.9
20918.8
20083.6
20382.6
21411.6
21435.5
21587.3
21988.9
21621.7
20924.8
20918.8
21411.7
20776.6
21038.9
21216.6
21657.3
21559.2
22339.2
22318.2
20966.6
20550
20836.8
22309.7
22521.9
22175.4
22064.2
22313.6
22489
22445.7
22165
22423.2
22283.1
22569.6
23613.6
23434.4
22288.3
22433.9
22271.1
21077.1
20611.4
19386.3
20089.4
20290.6
20121.7
20304.8
20328.1
20563.5
20521.8
19874
21140.3
21927.1
20792.7
21108.2
20500.5
20076.6
20303.2
20638.6
20838
20799.3
21094.8
21065.4
20873.5
21041.6
20764.7
20279.3
19848.5
20244.1
20694.5
20616.3
20703.6
20197.5
19674
19495.1
19649.2
20134.8
20378.5
20835.4
20430.1
19460.7
19987
20442.2
20052.8
20451.9
20991.7
21609.9
21765.2
21418
21375
20734.3
20854.2
20622.2
20684.3
19930.2
20061
19878.6
19397.1
20706.4
19204.5
20489.8
20351.8
20733.4
20367.2
21187.3
21265.8
20068.2
20135.2
20064.1
20479
20931.2
20377.3
19992.8
19749.9
19176.1
19749
19944.3
19818.5
20982
20555.3
20363.5
19320.6
20007.1
19412.9
19722.9
19327.9
19506.8
19070.3
19871.5
20268.8
20220.6
20244.5
19439.8
19745.5
20015.9
19512.9
19763.5
19222.9
19696.1
20051.2
20154.5
19501.7
19875.3
19610.2
18670.9
18449.3
18539
19385.6
19247.9
17755.4
18155.6
18320.3
18346
18306.2
18822.8
19305.8
18577.2
19422.8
19686.4
19600.5
19003.4
19207.7
19166.2
19433.9
19333
19004.6
18258.4
17691.4
18267.2
18274.1
19152.7
18513.3
18567.8
18994
18959.4
18774.2
19139.8
19561.1
19759.9
19122.8
19158.9
19610.2
19499.8
19439
20037.4
20019.9
19415.9
19006.3
18718.1
18299.4
17823.7
18206.5
17642.4
17320.9
18348.9
18290.7
17882.4
18435.1
18720.3
18097.2
18835
18407.2
19139
18823.2
19473.9
19507.9
19707.8
19945.7
18349.9
18758.3
18795.3
18263.2
18645.4
18187.8
17942.9
18093.9
18767
18959
19655.4
19438.5
20026.1
19891.7
19511.9
19111.3
18786.1
19122.2
18769.2
18687.7
18412.3
18312.9
18554
18993.3
18784.7
18675.3
18438.3
19136.3
18640.1
18395.8
18522.1
18470.3
17990.8
17439.3
17479.3
17039.6
17531.2
17421.5
18207.5
18692.8
18606.2
19411.7
19213.9
19577.7
19294.5
19779.2
19469.7
21120.6
20259.7
20708.3
21080.7
20518.1
20060.5
20172.8
19889
20312.3
19393.4
19685.8
19662.8
19524.8
19275.5
19851.6
19633.5
18991.1
19333
18988.2
19370.7
18344.5
18481.1
18420.7
18264.1
18154.3
18451.7
18489.7
18011.8
18360.3
17573.8
18047.7
16934
17093.6
16027.2
15365.2
14860.6
16045.2
16210.6
15850.7
15802.2
15550.1
15028.4
15317
15319.1
15566.8
15693
16506.5
16378.7
16789.1
16526.8
17033.8
16743.9
16381.9
17272
16793.1
16584
16930.4
16894.8
16830.5
16238.5
16494.9
16508.9
16785.5
16630.7
16373.7
16248
16470.6
16193.5
16292.7
15599.9
15977.3
15628.5
15173.2
14754.3
15017.6
14806.5
15449.7
16181.1
15744
15622.5
16137.7
16789.5
16385.4
15845.7
17108.1
16375.2
16314.3
16271
15738.9
15144.3
15791.4
16298.8
16696.4
15983.5
15725.1
16253.5
16255
16646.3
15869.1
15091.3
15205.1
15507.6
15900.1
15790.5
15934.6
15344.2
15477.6
15436.6
15206.3
15844.1
15765.2
15621.5
15926.1
15897.2
15994.6
15976.7
16860.1
17138
16081.9
16122.2
14902.3
15120.1
15992.8
15782.4
15709.1
16111.1
15713.8
15732.4
15618.3
16226.3
16351.9
15913.5
16579.2
16889.2
16935.4
17001.3
16847.7
17025.8
16564.2
16665.3
16408.9
16774.8
16263
16982.2
17048.3
16835.8
16642.1
16163.6
15921.9
15961.7
16068
16290.2
15882.7
16562.9
16850.1
16573.1
16286.6
16560.2
16334.6
16391.3
16151.7
16146.9
15685.4
15416.3
15897.1
16146.6
16917.7
16603.5
16512.3
16274.9
15979.3
15740.4
15608.7
15845.1
16131.6
15539.2
15236
16167.8
15599.3
16070.3
15599.6
15634.6
15123.5
15177.3
15595.1
14900.3
14772
15053.8
15154.4
15145.7
14928.3
13788.5
14136.2
14591.8
13756.7
14658.5
14591.2
14785.7
14436.6
14103.6
14300.6
13844.7
13996.9
13448.1
13284.2
13466.5
13238.4
13796.5
13876.3
14370.1
13982.7
13747.9
14518.6
13939.8
13773.3
13523.5
13830.3
13622.9
14081.3
14558.4
14511.1
13935.5
14700.7
14539.5
14183.7
14681.9
13754.9
13339.3
14502
13923
13491.6
13708.6
13309.7
13511.5
13546.5
13671
13416
13419.2
14620.8
14286.3
14424.5
14468.8
14119.9
14776.3
14174.6
13787.8
14138.5
12997.2
13191.8
13450.6
12780.2
12779.3
12937.9
12432
13102.3
12582.9
12283.5
11880.7
11857.6
12209.7
12599.6
12132.1
12277.2
11871.4
11909.6
11798.1
11496.4
11543.9
12021.3
11826
12517.5
12573.6
13105.3
13326.8
13078.2
12873.2
13061.6
13008.3
13321.3
12584
12368.8
12752.5
12392.1
12055.8
11619
11925.8
12134.7
11634.7
11128.8
11129.9
10905
11370.3
11362.8
11429.3
11366.5
11178.3
11638
11698.3
12541.7
12516.8
12421.9
12049.1
11692.6
11658.8
11697.4
11630.9
11060.8
11359.6
11470.9
11559.8
11242.8
11569.3
10938.7
11297.3
10836.6
10457.4
10152.6
9565.78
9253.03
9375.74
9909.89
10459.1
10286.2
10630
10478.1
10135.5
9743.07
10330.1
10954.7
10244.3
10136.9
10079.6
10271.2
10611.9
9523.88
9754.41
10589.6
10965.1
11132
10326.7
10281.6
9882.45
10557.7
10692.7
10566.2
10661.7
10678.6
10684.3
10489.4
10399.7
10685.6
10851.6
11219.6
11408.1
11516.9
11144.8
11092.2
10998.6
10777.4
11017.3
11049.2
10856.6
10667.4
10162.8
9962.21
10011.2
10002.2
9873.12
10699.8
10566.4
10512
10337.8
10402.7
10865.7
10428.2
10445.1
10593.6
10534.1
10599.9
10214.1
10035
10118.9
9940.86
8958.9
8721.24
8593.63
8541.79
8633.55
8796.76
8619.12
8605.48
8913.61
8503.35
8684.32
9022.44
8893.01
9587.2
8978
9209.24
8542.67
8714.21
8836.48
9312.08
9383.54
9025.3
9480.86
9321.15
9514.05
9192.86
9032.67
9040.6
8751.82
8451.16
7972.85
8408.15
8565.56
8231.12
9127.51
8982.72
8967.27
8852
8829.13
8569.94
8531.8
8324.91
8555.38
8480.81
8054.71
7681.51
8640.26
8298.04
9119.68
8658.72
8486.94
8446.17
8165.44
8099.83
7626.17
7620.64
7580.91
6916.92
7547.71
7369.72
6845.13
6633.33
6745.73
6441.31
6362.07
7041.93
7257.41
7096.8
6957.44
6618.87
6453.22
6804.4
6899.09
6721.15
6226.32
6309.25
6760.34
6719.18
6420.98
6497.71
6358.56
6725.82
7002.02
6535.62
6524.51
6603.67
6315.72
6075.25
6350.56
6314.85
6035.22
6188.93
5858.27
5948.81
6042.99
5812.75
5857.12
5776.51
5425.05
5623.45
5789.15
5479.46
5233.21
5569.92
5298.36
5594.66
5870.41
6091.2
5769.73
5527.41
5630.97
5787.25
5987.11
6420.26
6181.59
5871.98
5820.15
5433.8
5373.2
5795.22
5453.29
5394.32
5317.04
5513.99
5272.14
5352.95
5364.66
5343.69
5437.99
5735.61
6156.85
6141.74
6182.84
6006.15
5377.94
5911.42
6238.09
5733.6
5496.02
5336.72
5539.98
5506.71
5620.91
5116.24
5573.71
5699.06
5592.28
5273.88
5886.32
5520.14
5424.68
5467.52
4867.16
5215.59
5509.19
5092.22
5231
4702.3
4893.3
5138.63
4968.81
5285.19
5660.03
5413.22
4917.24
4943.23
4725.95
4813
4943.98
4636.97
4420.96
4465.36
4275.24
4265.09
4427.57
4498.56
4631.4
4860.28
4364.53
4560.43
4634.43
4663.29
4408.72
4642.24
4751.12
4680.08
4496.79
4379.56
4110.89
4347.19
4429.05
4141.12
4098.45
4172.15
4116.56
4026.39
3998.44
3969
3853.83
4033.76
4118.96
4199.45
4198.43
3846.02
3944.39
4041.53
3889.17
4037.47
3911.5
3948.77
3927.51
3872.47
4096.25
3839.72
4032.42
3627
3967.06
3865.92
3780.06
3759.43
3814.67
4002.48
3681.47
3691.59
3627.2
3640.28
3536.98
3453.47
3575.77
3574.7
3436.36
3379.28
3316.6
3274.37
3375.67
3508.85
3763.58
3658.91
3627.52
3561.43
3605.92
3465.57
3498.24
3471.87
3552
3393.19
3496.52
3538.63
3720.05
3636.07
3625.88
3793.32
3679.36
3945.02
3808.13
3553.18
3573.54
3787.12
3792.23
3805.54
3582.19
3588.9
3392.35
3161.31
3240.93
3186.51
3423.86
3209.76
3222.1
3164.23
3116.29
3087.26
3085.6
2828.91
2966.09
2924.58
2884.05
2891.59
2889.57
2867.08
2985.83
3014.32
3318.36
3269.95
3402.38
3059.98
3166.75
3074.32
3021.43
3022.58
2901.05
3054.57
3031.28
2985.19
3016.72
2901.58
2685.33
2709.48
2785.78
2751.62
2856.17
2843.83
2923.92
2933.59
2958
2898
2987.72
3132.54
3282.01
3254.45
3336.73
3100.37
3129.23
3070.42
2986.92
3006.78
3127.08
2869.5
2921.46
2884.33
3118.67
3038.3
3027.69
3059.56
3207.33
3007.72
2963.84
2835.51
2757.99
2792.79
2954.71
2797.38
2787.32
2706.52
2695.73
2715.53
2842.99
2970.07
2888.3
2616.47
2720.98
2784.58
2810.42
2714.62
2726.36
2863.71
2730.28
2595.4
2625.09
2621.07
2611.76
2682.47
2660.16
2652.13
2946.2
2896.19
2861.36
2795.46
2710.33
2636
2681.66
2817.28
2936.51
2996.98
2866.48
2803.06
2667.97
2693.97
2513.89
2484.23
2535.86
2636.83
2555.18
2475.15
2591.29
2564.65
2483.16
2555.04
2522.09
2472.83
2527.77
2386.03
2371.46
2454.72
2580.79
2536.6
2580.9
2506.07
2528.79
2286.93
2317.79
2260.51
2334.4
2137.81
2336.77
2447.69
2546.98
2353.25
2446.04
2460.98
2375.74
2253.89
2322.75
2442.64
2482.28
2494.15
2520.97
2354.54
2251.56
2311.72
2266.64
2361.89
2372.28
2298.31
2391.38
2348.05
2364.89
2378.74
2548
2440.88
2620.26
2442.86
2415.62
2403.52
2289.59
2321.04
2270.98
2222.71
2232.6
2187.52
2175.68
2196.17
2089.51
2173.49
2222.7
2135.93
2100.27
2188.2
2071.31
1997.99
2003.7
1951.04
2087.17
2075.82
2187.28
2000.92
1988.36
2055.82
2035.5
2035.8
2032.37
2040.14
1997.08
2036.83
2001.92
2056.93
2001.63
1869.34
1979.73
1948.82
1845.16
1965.36
1897.46
1924.67
1933.88
1919.27
1894.87
1893.88
1843.97
1867.92
1823.23
1836.02
1855.49
1755.96
1683.61
1689.91
1643.55
1689.29
1658.78
1763.73
1743.89
1721.92
1709.84
1819.3
1791.39
1878.48
1789.64
1819.62
1804.41
1778.81
1890.67
1877.78
1759.11
1719.48
1774.77
1837.92
1769.78
1695.39
1637.82
1649.26
1557.47
1539.31
1547.11
1585.52
1617.97
1704.65
1722.21
1702
1709.57
1724.88
1695.81
1614.39
1640.15
1670.99
1657.47
1604.36
1647.82
1655.86
1675.79
1787.58
1710.44
1631.21
1568.03
1633.97
1720.77
1578.78
1560.98
1559.58
1502.22
1480.59
1503.51
1550.99
1585.87
1584.58
1725.76
1761.58
1546.76
1563.28
1611.68
1544.91
1570.32
1522.27
1561.43
1583.84
1505.2
1702.83
1650.73
1605.61
1550.16
1545.49
1528.98
1520.52
1529.81
1475.38
1511.12
1427.88
1429.9
1440.91
1400.52
1436.33
1399.02
1452.53
1496.9
1526.39
1586.95
1581.92
1587.42
1575.77
1534.34
1485.99
1535.07
1509.74
1471.82
1503.17
1417.91
1520.59
1474.4
1458.83
1447.49
1536.54
1435.28
1409.16
1400.6
1333.73
1347.41
1403.92
1418.08
1409.11
1508.02
1368.1
1363.33
1380.43
1356.47
1387.3
1413.12
1380.34
1381.28
1336.52
1322.24
1354.45
1367.56
1355.24
1400.32
1467.7
1458.31
1447.18
1470.74
1402.66
1396.16
1468.16
1490.91
1420.67
1392.43
1362.75
1420.03
1359.41
1359.03
1356.01
1325.11
1322.3
1347.45
1394.92
1420.5
1352.92
1384.25
1416.65
1398.25
1422.57
1412.06
1372.14
1349.56
1350.56
1360.55
1387.16
1398.49
1425.58
1386.77
1323.71
1340.6
1298.73
1294.9
1265.2
1259.67
1286.85
1294.98
1157.7
1190.79
1242.83
1211.94
1205.3
1192.9
1197.49
1251.91
1304.84
1243.56
1191.73
1278.73
1247.82
1242.35
1279.7
1244.83
1251.16
1223.73
1232.8
1245.94
1219.25
1248.99
1268.97
1252.53
1221.01
1273.77
1257.45
1176.65
1160.92
1119.12
1149.07
1156.22
1221.63
1249.13
1239
1228.18
1240.94
1169.74
1160.95
1191.4
1168.58
1143.37
1178.66
1211.94
1164.83
1149.92
1149.75
1172.46
1144.17
1166.22
1212.96
1258.47
1265.94
1209.44
1201.43
1141.24
1170.16
1138.33
1162.74
1251.8
1198.82
1165.37
1188.7
1189.92
1192.71
1197.44
1174.85
1141.47
1083.51
1086.01
1138.45
1119.07
1117.56
1083.06
1156.28
1104.24
1066.52
1077.62
1074.5
1052.67
1065.59
1137.17
1069.57
1060.39
1067.21
1050.96
1050.63
1011.53
1017.76
1056.55
991.954
1004.75
1041.67
1054.42
1084.84
1053.27
1076.03
1131.35
1117.74
1088.64
1101.2
1003.76
1033.35
1001.76
980.721
985.476
975.424
980.204
1003.98
1019.44
1037.44
1040.16
1069.92
1047.83
1061.62
1005.91
979.861
973.762
1000.49
998.94
1017.75
1038.38
1010.69
1002.14
1022.01
1007.89
978.423
1012.95
1032.09
1024.16
982.889
965.738
966.933
1014.6
1015.09
988.283
980.84
962.653
970.768
960.293
949.623
945.644
958.379
958.059
953.649
944.272
945.242
938.991
977.378
944.837
949.448
921.252
924.381
958.378
973.367
946.817
936.255
946.85
979.232
954.135
943.841
958.496
945.136
950.027
940.802
929.557
931.974
928.51
904.234
916.396
893.035
924.478
941.787
909.128
915.914
895.116
862.054
879.256
893.038
894.744
854.442
870.042
844.056
830.563
844.583
835.383
848.068
873.387
850.955
854.235
893.902
861.134
869.179
862.513
878.867
871.805
880.969
847.253
866.39
877.701
875.353
862.214
869.94
867.059
885.408
872.157
829.946
852.192
837.564
836.174
868.739
890.914
882.036
874.588
887.696
912.693
869.347
856.137
859.227
861.944
828.717
850.914
873.095
862.712
848.286
851.701
873.953
869.592
895.229
883.794
847.329
866.834
833.734
814.558
820.68
815.989
792.232
811.728
803.834
825.99
811.469
813.372
804.789
795.084
775.949
788.665
777.04
794.189
804.182
856.252
886.012
841.736
826.065
799.419
813.646
815.922
835.419
822.968
813.924
828.891
796.958
801.887
802.48
803.745
773.922
781.461
770.386
736.511
755.479
738.852
735.055
734.101
740.204
754.296
750.617
744.307
733.93
774.748
793.598
792.998
799.416
813.134
796.928
801.609
809.377
764.211
774.692
786.017
780.683
778.823
789.83
767.271
764.202
751.815
748.405
752.436
752.136
739.242
763.799
773.607
754.962
767.84
735.453
732.322
707.923
708.183
730.557
699.262
682.243
677.264
681.464
688.828
659.628
675.098
677.309
691.859
671.359
676.567
683.353
682.23
686.177
688.881
684.862
669.333
687.771
678.759
653.34
653.16
676.531
671.015
680.434
708.239
700.207
692.448
687.323
706.894
694.063
707.643
721.86
705.203
709.651
726.898
722.277
713.906
725.505
732.488
719.775
727.71
730.517
719.77
722.733
717.343
693.493
686.112
684.916
680.87
682.869
688.956
713.933
691.849
688.136
687.723
713.443
726.025
737.587
727.482
712.894
714.248
706.074
694.129
696.903
710.157
713.05
732.548
727.065
735.473
730.007
715.962
713.402
698.835
691.255
689.828
656.637
653.909
659.604
648.408
652.985
657.959
662.638
664.665
655.147
662.174
660.476
660.105
662.271
652.191
627.345
633.219
634.064
624.465
638.42
641.298
639.029
639.435
624.777
629.427
637.811
640.04
646.021
632.423
643.46
633.447
642.944
627.833
632.271
625.802
630.37
613.583
639.752
620.908
623.93
623.022
629.658
615.457
604.083
611.214
599.723
603.915
605.824
605.473
591.799
583.469
578.349
577.696
590.789
574.218
574.259
570.193
567.441
561.818
570.673
583.238
598.575
596.87
597.33
591.904
590.859
596.807
600.221
600.107
604.762
592.334
599.807
606.107
605.239
609.199
607.665
597.554
604.961
606.068
600.892
596.46
602.789
601.878
615.114
614.291
617.7
601.242
600.828
608.032
611.875
618.124
620.201
608.199
621.801
616.661
601.805
602.727
603.143
590.953
579.634
593.824
588.825
584.892
575.022
566.942
578.876
578.347
575.882
576.127
566.338
567.849
574.852
577.125
563.687
572.754
578.024
562.212
559.486
554.434
553.622
561.522
560.952
557.019
551.459
548.689
553.166
556.295
564.246
554.316
541.585
541.924
536.939
531.135
522.411
524.171
520.353
524.33
530.567
532.987
541.719
542.694
535.397
533.953
529.106
530.734
528.962
533.587
527.27
531.543
535.651
530.574
518.98
507.209
509.958
511.314
512.229
519.527
506.808
504.038
515.995
518.872
521.263
518.743
513.329
517.096
525.027
520.488
523.64
522.338
528.399
536.155
553.414
539.962
528.081
524.706
526.352
532.488
530.405
523.794
527.36
526.698
517.998
520.18
520.972
514.192
508.218
500.66
494.17
495.294
497.724
507.048
505.318
502.92
505.056
504.29
507.321
502.221
501.64
497.34
500.03
504.568
499.35
495.762
504.568
511.466
513.356
513.444
516.018
509.71
521.859
519.007
522.211
521.493
519.746
520.829
509.747
503.64
505.055
510.275
520.175
517.407
513.174
494.559
498.508
500.72
501.611
497.464
498.645
502.779
509.016
503.005
503.992
507.913
496.733
495.639
486.658
490.222
485.972
487.98
489.553
491.08
487.91
479.794
479.011
480.445
477.401
475.126
480.686
482.141
482.069
484.312
481.578
476.97
479.068
478.393
477.709
472.193
470.359
468.597
468.038
462.602
467.669
474.292
479.619
484.355
482.504
480.977
476.187
475.974
473.202
472.702
474.735
471.036
467.811
467.971
462.396
465.625
454.398
450.376
450.943
451.34
448.858
448.472
445.466
439.378
438.132
436.824
431.433
429.702
430.476
433.288
433.706
434.296
434.408
430.085
425.257
429.032
430.317
436.825
435.627
437.939
437.484
435.044
436.876
431.338
429.279
429.612
429.799
432.732
435.369
431.531
433.37
436.162
436.27
434.432
432.268
431.378
429.748
430.452
430.994
433.574
427.72
427.08
424.322
423.778
423.892
421.903
418.236
420.834
422.628
417.595
415.134
416.241
418.862
417.327
415.45
408.423
408.685
411.507
416.724
424.406
420.101
422.235
419.429
416.84
411.291
412.07
414.855
422.046
416.377
413.269
413.286
411.161
412.037
419.38
412.102
410.638
413.479
411.035
406.979
403.316
404.955
401.442
400.187
399.811
397.642
397.457
402.887
401.512
393.908
398.197
393.276
396.566
393.816
393.345
396.798
394.302
393.247
395.363
395.625
392.832
388.987
392.808
394.935
395.559
396.9
401.45
401.746
399.815
397.773
399.928
398.721
400.242
399.091
392.885
397.109
391.985
391.807
393.309
387.432
387.009
385.209
382.964
382.945
384.169
380.674
382.131
383.662
379.463
380.47
385.575
384.757
382.184
377.834
379.817
377.931
376.994
375.855
375.653
373.851
372.559
374.671
374.406
375.056
377.601
377.398
374.78
377.554
377.668
376.899
375.73
379.477
379.139
379.689
377.725
376.72
376.729
380.244
380.229
377.81
378.097
379.66
376.684
375.551
374.478
375.006
373.301
370.978
371.399
369.726
369.589
367.535
367.072
367.036
365.724
364.357
366.938
365.973
364.016
368.406
365.636
365.806
364.492
365.437
366.585
364.409
365.922
362.979
359.04
357.355
360.009
361.113
359.751
360.5
362.732
364.035
362.983
360.863
362.026
359.617
357.964
355.402
354.084
352.793
353.047
354.294
354.947
354.245
355.556
355.906
353.149
355.935
355.193
354.813
356.734
358.047
358.455
358.684
359.428
359.405
357.159
354.781
356.35
355.376
353.102
354.247
354.835
353.632
353.142
351.139
350.348
350.28
352.35
352.676
351.467
350.498
350.165
351.368
349.126
348.685
349.375
349.187
351.399
352.851
355.13
356.142
353.86
353.457
352.648
351.119
351.81
351.862
349.835
351.459
352.887
353.746
353.036
351.419
350.826
351.321
351.053
350.28
350.708
351.124
349.165
349.813
348.781
346.997
344.699
346.263
346.033
344.543
347.332
346.888
347.95
346.506
349.52
349.181
348.873
348.042
348.031
347.476
347.725
349.048
350.446
350.226
348.483
348.599
346.331
346.119
346.793
345.946
345.617
344.937
345.202
345.09
343.765
343.525
343.289
343.752
344.17
343.355
343.326
343.479
344.109
343.54
342.422
344.714
345.757
347.052
345.744
345.702
345.521
345.112
344.195
342.154
342.311
341.675
342.458
342.801
343.668
342.047
341.537
340.45
340.023
339.729
336.766
337.192
337.313
337.124
339.541
339.81
338.573
338.998
339.361
340.625
341.28
341.176
342.374
342.472
342.854
341.3
340.318
340.96
340.946
340.148
339.282
339.537
338.826
339.801
340.099
339.266
339.221
340.313
339.63
339.562
339.689
338.783
338.567
336.042
336.348
336.124
336.069
337.05
337.175
337.629
337.451
337.931
338.593
337.73
337.358
336.926
335.861
337.664
338.41
338.466
338.559
338.837
339.383
338.301
336.998
337.835
337.573
337.297
336.132
336.15
335.994
334.42
334.61
334.067
333.396
333.613
333.913
334.466
333.295
332.527
331.399
332.36
332.703
334.083
333.807
333.33
334.473
334.145
333.835
333.875
334.236
333.72
334.705
334.245
333.787
333.887
333.291
331.978
333.394
332.278
332.172
331.488
331.299
330.462
330.232
330.322
330.001
329.958
329.253
329.966
329.323
329.093
326.512
326.232
327.074
327.779
326.976
325.823
326.262
326.795
326.152
327.749
326.473
326.051
326.155
325.652
325.613
325.653
324.651
324.133
323.896
324.408
324.478
323.805
323.034
322.68
322.632
322.421
322.448
322.564
322.75
322.474
322.441
322.912
323.286
322.622
322.731
323.24
323.397
322.355
321.776
322.304
322.249
321.824
