Mut_X Mut_Y Mut_Size Mut_Rot Mut_R Mut_G Mut_B Mut_Type Time_Sec
134031 137889 161417 139505 164548 165007 165338 132396 1155.93
0 0 0 0 0 0 0 0 1155.93
--- Historial MSE por cambio de temperatura ---
21050
20817.1
21215.9
21038.2
20994.2
21086.4
21653.4
21612.3
20969.7
20731.9
20513.5
20990.9
20826.2
20501.2
20867.8
20466.2
20721.5
20819.6
20600.1
20276.3
20738.3
20970
20728.6
20093
20380.5
20386.9
20579
20683.8
20257.6
20253.1
20735.4
20545.4
20431.5
20476.2
20525
20374.4
20606.2
20394.1
20043.4
19830.8
20076.3
20432.2
20614.6
20281.9
20781.7
20647.7
20910.2
20899.4
21696.1
21706.6
20750.2
20518.5
20355.8
20460.9
20494
20306.7
20498.8
20465
20222.5
20071.2
20052.2
20095.7
19698.2
19841.5
20101.6
19949.4
20124
20012.2
20613.3
20473.6
21081.5
20971.2
20801.4
20893.9
20776.1
21015.3
20612.4
20552.6
20701.9
20580.5
20905.3
20648.1
20385
20341.8
20168.5
20188.8
20466.6
20150
19999.7
20176
19691.7
20095.4
20627.8
20004.6
20136.6
20558
20631.6
20614.7
20708
20278.3
19968.1
19921.2
20218.7
19996.8
19828.3
19960.9
19757.3
20287
20514.2
20332.9
20315.5
20103
19812.5
20017.2
19799.9
19598.5
20131.3
20204.2
20480.9
20856.3
20341.1
20031.9
19861.9
20057.7
19872.5
19768.8
19406
19058.1
18749.3
18571.8
18485.8
18616.3
18178.1
18202.9
19285.1
19833.1
19619.6
19042.4
19430.4
18910.3
19099.2
19675.6
18757
19086.8
19401.3
18872.3
19190.1
19427.7
20323.9
20080.1
19722.1
19459.2
19769.1
19720
19700.5
19563.5
19460
19568.8
19528
18996.6
19347.4
19006.4
18894.8
18582.8
18234.7
18951.9
19207.4
19002.1
18745.3
18533.3
18421.2
18195.1
18038.1
17940.2
17833.7
18378.1
18154.3
17843.5
18070.9
18703.6
18742.6
17984.6
18139.5
18259.9
18554.5
18597.4
18626.9
18007.5
18498.9
18478.6
17960.1
17743
17944.1
18317.3
18244.4
17888.5
17589.1
17559.6
17849.1
17810.3
17379
17894.4
17770.7
17708.8
17522.9
17705.3
17458.9
17489.9
17739.2
18031.7
18379.1
18567.1
18462.2
18589.4
18919.9
18785.9
18800.6
19473
19208.5
19414.9
19482.4
20258.4
20205.3
19298.3
18653.7
19353
18157.4
18411
18829.6
19587.5
19419.9
19185.8
19933.2
19911.2
19565.8
19815.9
20407.8
20533.7
19983.8
20683.4
20512.9
20295.9
20381.9
19392.2
20081.8
19971.7
20412
19735.1
19055.3
18876.9
18960.5
19014.6
19028.7
18945.2
19183.6
19101
19041.4
19273.1
18166.8
19034
19087.6
18910.3
19043.2
18934.5
18799.9
18766.6
19018.1
19130.4
19449.2
18977.2
18416.5
17861.2
17874
18217.4
17988.4
17820.9
17211.8
17272.9
18042.6
18026.9
17919.9
17738.3
18041.9
18222.9
18194.8
18141
17562.7
17328.7
17269.2
17576.7
17202.9
17568
17551.4
17244.7
17225.5
16811.1
15881.7
16340.3
16123.2
15894.2
15967.3
17034.7
16876.8
16468.7
16353.4
15227.9
15923.3
16372.4
16729
15670.5
15072.9
15002.5
14606.7
16300.4
15839.6
15961.8
16833.3
16399.8
16101.9
15649.7
15585.4
15920.3
15358.7
14550.1
14530
14847.5
15147.1
15128.1
15321.1
15232.1
16133.2
16078.7
16261.9
14640.9
14011.3
13969
14764.1
15253.9
15239
16254.2
16153.9
16584.6
17316.6
17397
17732.1
17209.4
17279
18283
17550.1
16710.1
16868.4
17710.9
17960.8
17941.1
17448.6
16924.3
17298.8
17391.9
17171.6
16621.3
16437.9
15795.9
14896.5
15140.5
15327.9
15019.4
14406.3
14798.7
15397.4
14907.3
15551.2
14997
15359.7
16379.4
16785.4
15810.8
15420.1
15414.6
15618
16683.7
15913.4
15788
16140.4
16853.5
16160.6
16195.1
15992
16286.9
16733.9
16681.9
15343.9
15402.9
15721.7
15543.4
15308.6
15527
16032.7
15249.8
15996.1
15053.5
14520.5
14346.9
15445.1
15819.5
15457.2
15526.5
16100.4
15436
15682.7
14470.8
14407.9
14125.6
14563.4
14334.2
14264.5
14081.9
13863.7
13781.7
13757.6
14404.8
13960.5
14139.8
13629.9
14014.3
13967
14313.1
14294.6
14336
13420.1
13734.9
14220.5
14636.1
15245.7
15158.6
15080.1
15963.5
15429.9
15730.3
15829.6
16358
17025.8
17753.3
17906.1
17839.8
17976.5
17998.1
17433.8
17101.3
17157
17447.7
17261.1
17334
17027.2
16629.6
16720.5
16570
16334.8
16737.3
16842.7
16941.1
16428
16452.4
16349.6
16410.1
15827.9
15934.7
16199.4
16073.8
16366.4
16098.3
16045.7
16033.9
15394.1
15246.9
14400.7
14898
15539.2
15511.7
15225.9
15242.8
15492.5
15526.4
15398.8
15182.7
15419
15613.5
15621.9
15251.7
14385.8
15187
15455.2
15944.9
15585.4
15140.1
14774.2
15246.6
15560.7
15702.9
15634.4
16065.9
16225.4
15790.3
15502.2
15380.4
15353.6
14994.9
15728.2
15676.8
15739.1
15014
15414
16071.8
15766.8
15292.5
15066.6
15333.6
16093.5
16455.8
16174.5
16066.7
16178.3
15957.7
15908.8
15804.5
15882.3
15792.5
16622.6
16269.1
15883
15936.4
15960.3
15372.6
15610.2
16417.9
16286.5
16753
16622.6
15976.6
16045.1
16604.2
16404
16542
16615.8
17419.3
16648.2
15685.1
15181.3
15379.3
15765.4
15678.1
15562.1
15605.7
15432.9
15163.8
15007.8
15092.9
15244.9
15087.5
15320.3
15301.1
16070.7
16208
16161.5
17106
16071.5
15974.7
15343
15408.5
16075
16657.4
16173.4
16056.8
15744.1
15421.4
15108
14917.3
14686.3
15236.3
15566.9
15181.4
15924.8
16019.9
15998.3
16039.4
16019.8
14996.7
14469.1
15080
15604.8
14143
15359.6
15652
15170.7
15186.5
15222.7
15845.8
15309.2
14712.4
14960.9
16012.2
16503.2
15982
15467.2
14999.3
15376.9
14953.3
15035.9
14781
14725.1
14936
14783.5
15134.3
14994.4
15768.5
15300.8
15189.2
15260.8
14512.8
14648.8
14707.4
14395
14403.9
15305.8
15714.6
14893.7
14264
13966.2
14484.3
14638.8
14088.2
14818.1
15154.7
14520.5
14336.5
13174.5
14062.6
13006
12807.6
13942.6
13690.7
14133.8
14178.9
14067.5
14968.7
14028
13959.4
15036.7
14372.6
14310.9
13874.8
13308.1
14514.6
13831.2
13923.3
13228.2
13465.7
13916.1
13476.3
13711.9
14791.5
15038.5
14854.1
13995.9
14216.1
14493.7
14084.3
14310.3
14372.4
13982.4
14024.2
14325.2
13880.2
13695.3
14073.9
13767.2
14165.6
13978.7
14371.2
13900.1
14029.1
14669.3
14976.8
15154.4
15013
15320.7
15361.6
15580.1
15654.8
15937.6
15556.8
15302.6
15272
15023.1
15217.8
15060.2
14839.7
14774.9
15025.8
14857.9
14591.3
14769.5
13940.7
14515.5
14061
14796.6
14671.8
13784.5
14645.3
14122.1
14414.8
14796.1
14947.9
14067.4
14208.1
14759.6
15476.4
13690.9
13173.6
13504
14009.9
14908.6
14209.4
13937.9
14094.6
13848.1
12969.5
13233.1
12785.1
13941.3
13142.7
13856.2
14361.6
13821.1
13659
13850.8
13715.9
14044.9
14669.9
14886.3
14863
14725.4
15261.2
14339.6
14254.2
14350.7
14465.5
14542.9
14374.6
14253.4
14722.9
14826.6
14740.5
15243.7
14842.6
15754.2
15849.6
15393.2
15574
15096.9
14392.8
14609.4
15122.6
14796.2
14484
14077.9
14168.4
13336.6
14029.8
13374.1
13863.7
13433.5
13755.3
13025.8
13740.5
13696.4
13484.4
14631.9
14120.4
14284
14240.7
13807.3
14162.8
14325.2
13744.1
13558.6
13635.2
12634.5
13089.8
13302.3
14333.9
14170.8
13799.9
13698.2
13566.1
14368.7
15050.1
15082.4
14238.9
14401.9
14148.2
13562
14910.5
13570.1
13485.9
13004.5
14115.9
13421.8
13781.9
14135.3
14429.5
13770.7
14574.7
13940.2
14002.9
13874.8
13509
14439.1
14444.2
13501.3
14259.8
13585.1
14057
15079
13628.8
13569.3
13664.1
13360.8
13317
12816.3
13055.6
13129
12627.3
12755.9
13376.5
13489.1
13476.6
13702.5
13640.3
13457.1
12797.2
12742.9
12568.8
12705.8
13557.9
13369.7
12953.2
13474
13361.4
13215.8
12687.5
12742
13516.8
14030.8
14039.7
14127.4
13232.2
13274.8
13300.1
13761
14327.6
14913.7
14776.5
14546.2
15325.4
15316.6
15673
15990.2
15145.9
15697.8
14676.7
15642.8
15257.4
14540.5
14561.7
14275.9
14049.9
13994
13829.5
14200
12525.2
12104.4
12897.4
13052.1
12697
12261.3
12315.2
12551.8
12690
13023.7
13117.7
12971.7
13687.2
13802.4
14077.8
13547.6
12883.9
13548.5
12539.6
13353.5
14175.5
13433.8
13413.5
13601.7
13094.1
13034.6
13159.1
13561.9
13355.5
12722
12877.6
13000.8
13372.3
14097.5
14071.2
13854.3
14411.7
14264.1
14327.8
13932.3
14003.6
14138.1
13910.1
14500.6
13639.4
12788.4
13753.4
15124.5
14467
14692.8
14851.1
14718.8
14147.7
13717.1
13583.5
14528.8
14176.9
14315.6
14197.4
14253.1
14441
14550
14161.4
14450.3
14724.5
14442.5
14761
14053
14911.1
15299
15425.4
15621.5
15153.8
15383.7
14605.4
15459.4
15291.6
14760.9
14611.5
14765.1
14306.2
13863.5
14230.6
14196.4
14030
14640
14992.8
14476
13484.5
14372.4
13789.6
14172.8
14036.2
14274.6
13510.1
13142.9
14484.4
14225.9
14486.5
14243.7
14457.2
14147.7
14345.9
14313.3
13484.2
14824.5
14245.8
14652.5
14439
14098.6
14708.3
15190
15061.6
15967.1
15752.9
15003
14227.9
14032.3
14722.6
15431.7
14270.7
14248.6
14211.4
13935.3
14086.2
14729.2
13452.9
13930.8
14513.5
14605.7
13670.9
14051.3
14014
14405.8
13884.6
14148.2
14478.5
14334.7
14121.2
14639.7
14488.9
14537.7
14480.3
14371
13809
13795.6
13816.7
13959.4
14328.7
14557.1
15459.9
14773.8
14599.6
14254.6
14640.7
14319
14584.3
14010.7
13743.3
14010.3
13590.3
13581.8
13601.5
13526.1
13104
13594.6
13762.1
13241.7
13077.5
13096.2
13289.6
13021.5
13955.4
13420.3
13777.4
14132.2
13534
12828.2
13109.1
13070.2
13398.4
12582
12385.1
12303.1
13029.4
12767.8
12821
12855.6
12856.2
13806.6
13964.1
13571.3
13338.7
13212.1
13359.8
13578.9
14087.7
14254
14312.6
13454.6
13988.5
14076.6
14321.4
13556.5
13559.9
14737.5
14849.7
14251.5
13837.8
13160.1
13202.6
13866.8
13087.8
13250
13892.8
13929.9
14282.5
14328.4
14376.5
14533.9
14324.6
13710.4
13238.6
14112.2
13871.1
14390.5
14057.4
13389.7
12880.3
13271.5
13354.6
13588.3
13220.1
13229.4
13298.7
13627.2
13502
12619.4
13303.4
12885.5
12723
12792.7
12773
13819.3
14028
14277.6
14667.8
14114.7
13975.3
13644.2
13550
12932.5
13512.4
13695.2
14198
14324
14482.8
15105.2
14138.1
15354.3
14779.5
14167.4
13824.2
14658
14319.5
14031.2
13804.7
13963.9
13762.6
14260.8
14593.3
13510.7
12917.9
13679
14013.5
14525.2
15489.6
15108.4
14513.8
13334.7
13579.8
13062.8
13720
13566.4
14577.9
14739.5
15217.1
15252.9
14290.9
13584.8
14166.2
13857.8
14166.4
12770.5
13899.2
14194.1
14088.1
13736.7
13818.6
13573
14372.5
13240.3
13074.5
13611.8
14148.4
13677.4
12891.2
11908.5
11840.5
11711.6
11795.7
12095.7
11915.9
11458
12086.1
12198.7
12762.3
12172.7
12449.8
12613.2
13103.3
12393.1
12246.6
12399.7
12718.1
12637.5
13037.8
13185.4
12945.4
12756.4
11608.3
12074.5
13031.2
12162.4
11660.2
11942.3
12019.4
11417.4
11819.3
11260.9
12086.8
12503.9
11781.7
12185.3
11972
12613.1
11683.7
11898.3
11956
11608.7
11378.6
11674.6
12279.3
13000
11928
12266.4
11973
11409.1
11454.3
11852.7
12251.6
12671
12787
12583
13397.4
13714.9
13421.3
13298.2
13419.4
13024.3
13074.4
12940.7
13237.5
13242.1
13164.6
13271.1
12829.8
11938
11763.4
11789.1
11736.1
12431.2
13057.4
12633.3
12634
13490.4
12760.5
12818.4
12121.5
13084.9
13192.8
13618.3
13889
13756.5
13323.6
13341.3
14289.7
14854.1
13976.2
14695.1
13775.7
13665.6
13616.3
13330.6
14216
14719.1
14676.3
13957.7
14482.5
14489.1
14844.9
14386.2
14043.4
13749.6
13773.6
14052.1
13877.4
14077.2
14378.2
13257.9
12737.8
12882.5
12274.4
12385.9
12928.2
12653.7
13030.4
13400.7
13806.4
13912.4
14270.1
14364.2
13397.1
13763
13343.7
14035.2
13314.3
12792.9
13768.2
13660.5
13616.1
13850.1
13620.9
14024.7
12714.7
13786.9
15197.8
14522.2
13801.9
14266.2
14107.9
13651.3
13511.1
12722.3
12490.3
12080.7
12547.4
12207.6
12708.1
13008.9
12783.6
12650.4
12862.6
12217.1
12333
12313.1
12623.9
13025.5
12607.7
12484.3
12967.4
12673
12859.2
13370.2
13512.7
13934.7
13117.7
13076.9
12780.2
13222
14388.2
13451.8
12573.5
12775.3
13168.5
13082.5
13509.9
13182
13381.8
13218.4
13102.4
13066
14420.8
14872.5
14176.7
13716.8
13628.6
14283.5
14689.5
15213.4
14474.9
14945.1
14507.3
15165.1
14358.7
13937.4
14429.9
14158.6
14696
14037.9
13556.4
12584.4
12101.5
12425.9
11855.5
11842.2
11763.2
11550.9
12331.3
12365
11758.2
11921.4
12202.4
11240.8
11312.2
11895.4
11591.9
12005.8
11519.3
11892.8
12111.5
11773.3
11238.1
11633.7
10858
12000.1
12338.7
11609.9
12935.6
12603.9
12319
11875.3
12394.2
12268.9
12002.9
13087.6
13006.8
13011.2
13416.8
11263.9
11537
11553.5
11964.8
11519.2
11919.7
11865
12154.2
12053
11709.8
11809.1
11502.2
11364.1
11707.7
11797.9
11005.3
11119.5
11523.5
11283.5
11134.2
11316.9
11175.5
11101.9
11134
11452
11135.2
11554.9
11307
11142.1
11500.1
11772.5
11438.5
11190.7
11247.8
11302.6
11296.2
9966.6
10512.6
10275.3
10865.6
10456.4
10945.8
11808
12281.6
11999.1
10954.3
10042.1
10292.9
10170.9
10693.7
10115.7
10362
9912.04
9212.22
8865.39
9079.73
10173
9879.93
9671.91
8903.37
9224.11
9030.63
9347.7
9533.55
9768.87
9784.99
9609.55
9822.43
9938.05
10257.1
10852.3
11349.4
11365.6
10944.5
11517.2
11474
11324.8
11661.3
11436.8
11171.9
10709
10868.7
11264.9
10782.1
10573.1
11031.8
10577
10197.4
9877.52
9884.99
9926.83
10298
10224.9
10332.5
10274.2
9674.64
9428.01
9950.26
9776.44
9251.52
9424.36
9713.87
9720.5
10344.4
9963.97
10190.4
10267.7
10193.6
10331.6
10038.8
10475.1
11321.7
11386.7
11422.4
11355.9
11022.3
10771.5
11172.7
10565.1
10210.2
10662.8
11575.4
11118.6
10559.5
10123.4
10284.1
10153.7
10204.9
10113
10448.1
11311.1
10864.4
11218.4
10385.7
9703.57
8783.56
9515.25
9636.03
9483.9
9674
9370.36
9126.08
9173.81
8570.29
8309.08
8104.81
7892.46
8509.1
8248.64
8349.01
8467.79
8216.75
8326.02
8511.12
8120.79
8491.5
8196.94
8490.49
8239.94
8703.2
8621.94
8524.21
8234.81
8301.84
8515.71
8732.27
8640.24
8135.48
8194.74
7961.84
8365.42
7429.97
8134.51
8760.96
9029.55
9378.64
9218.83
8418.25
8515.6
7991.72
7817.27
8305.98
8553.57
8201.5
8320.8
8216.41
8338.87
8676.21
8478.29
8620.01
8253.3
8231.66
8340.75
8243.83
8210.52
7845.91
8483.36
8362.25
8154.07
8344.05
8426.49
8160.58
8391.84
8786.81
9027.01
8649.26
8912.88
8588.66
8749.47
8962.97
9019.27
8829.44
8923.32
8405.33
9077.53
9381.53
9652.23
9455.96
9052.52
9858.24
9435.22
9363.73
9456.89
10214.6
10035.9
10471.2
9724.29
9495.27
9999.38
9689.23
10072
10217.2
10378.1
10055.7
10534.9
9750.37
9994.53
10436.5
10168.8
9536.75
8929.86
8963
9377.75
8657.82
8731.79
9404.88
9620.55
9311.27
10059.7
10296.9
10319.6
10671.3
11494.8
10463.3
10516.8
10009.7
10742.4
10357.6
10209.2
10797.2
10734.6
11045.1
10530.3
10150.6
9521.33
9038.26
9088.96
8976.32
9727.13
9844.86
10002.9
10311.8
10432.1
10185.7
10291.2
9914.64
10011.3
9771.84
9716.26
9538.24
8871.81
9710.93
9155
9255.69
8832.17
9576.75
9506.46
9081
9323.38
9060.74
9167.46
8549.05
9733.69
9340.38
9022.04
9021.95
9357.75
8841.86
9315.76
9013.42
9093.66
8924.71
8227.67
8260
7460.72
7846.25
8265.81
8141.05
8265.3
8074.48
8085.62
7860.9
8023.34
8661.37
8557.43
8529.55
8347.27
7845.11
7857.82
8015.1
7445.73
7220.71
7787.63
7719.52
8607.1
8579.9
8739.79
9262.37
9166.14
8899.92
8359.22
7663.88
7822.77
8197.27
8605.79
7867.89
8125.61
8443
8654.57
7965.71
7948.24
8549.5
8140.41
8050.77
7883.12
7957.92
7627.55
8495.46
7474.64
7433.75
7166.17
7126.54
7344.46
7216.4
7415.44
7886.02
7787.17
7285.75
7882.44
7666.62
7165.58
7835
8053.73
7774.11
7554.04
6946.59
6944.03
7340.16
7106.65
7689.82
7939.72
7813.34
7518.78
7344.36
7195.35
7231.34
7113.6
6764.73
6807.45
6665.62
6444.93
7040.01
7198.76
7303.35
7614.97
7070.32
7087.01
7178.92
7462.74
8233.11
8069.17
8350.73
8045.3
7598.82
7504.29
7672.18
7210.1
7054.97
7691.07
8131.27
7921.21
8283.04
8115.19
8137.37
7268.86
7696.44
7901.38
7393.54
8222.13
7685.93
7685.39
7496.26
8307.15
7674.54
7339.99
7540.01
8141.78
7838.78
6935.59
6686.55
6516.83
7813.47
7429.93
7806.79
7714.62
7513.4
8070.39
7613.92
7959.71
7797.38
7773.03
7933.81
7989.98
7960.49
8133.4
8166.2
8546.26
8419.58
7097.66
6964.69
7028.95
7331.47
7593.53
7058.73
7175.59
7214.41
7758.01
7162.69
7545.69
7119.02
7093.34
7335.19
7082.09
7033.89
6559.53
7177.65
7185.72
7355.87
7970.97
7965.33
8525.04
8203.01
7886.9
8209.77
8003.76
8430.1
8766.45
8726.57
8880.38
9025.06
8719
8959.19
8429.59
8216.25
8238.08
8050.67
7656.84
7523.24
7789.51
8032.72
8298.22
8275.51
8117.61
7678.54
7247.21
7630.82
7728.6
8318.55
7989.24
8048.23
8056.88
8052.2
8293.43
8416.55
8052.71
8075.63
8037.64
8438.22
8582.21
8395.38
9061.85
8588.98
8441.69
8179.3
8381.75
8655.98
9220.05
9075.43
8626.54
7881.86
7761.53
8106.77
7890.28
7948
7900.47
8024.72
8014.36
8331.95
8374.65
7487.52
6765.6
7200.44
7676.1
7800.48
7865.64
7888.66
7886.87
7617.37
7851.29
7896.85
7281.38
6969.86
7247.5
7053.82
6962.2
6505.85
6397.46
6659.69
6888.4
7364.58
7054.86
7408.32
7717.63
8169.76
8064.15
7795.36
8043.41
7849.1
7640.49
7330.76
7517.66
7722.82
7934.83
7621.76
7648.09
7870.83
7496.46
7639.74
8344.93
8469.32
8246.24
8171.25
8068.09
7681.76
7833.34
8156.52
8231.15
8205.67
7355.36
7630.22
7411.88
7631.24
7551.11
7245.46
7622.94
7661.37
7885.11
7431.11
6858.7
7120.06
6893.56
6547.58
6069.32
5800.64
6159.45
6307.99
6434.43
6534.96
6356.48
6193.8
6819.41
6807.03
6348.18
6437.19
6140.31
6916.43
6234.92
6224.82
5969.83
6477.53
6665.36
6324.54
5903.81
5751.86
5619.9
6816.74
6770.93
6786.1
5961.93
5977.27
5902.81
6026.96
5609.04
5570.88
5799.56
5752.7
6280.16
5980.41
6316.47
6263.1
6064.61
5883.93
5793.31
5942.27
5451.25
5547.25
5863.01
5729.61
5873.8
5644.03
5951.44
6110
5820.46
5969.97
6101.28
6385.67
6492.35
6322.88
6633.31
6379.55
6562.38
6420.63
6592.22
6609.43
6570.7
6452.45
6598.53
6605.54
5988.79
5963.34
6046.88
6043.88
6050.98
6449.71
6328.23
6442.18
6219.44
6419.18
6424.54
6977.68
6619.67
6396.46
6329.41
6234.1
6130.39
6124.22
5806.69
5904.39
5528.08
5687.06
5340.27
5993.3
5780.93
5428.76
5678.4
5360.11
5278.84
5599.24
6030.06
5872.41
5977.9
5935.58
5783.1
5659.19
5337.36
5322.61
5654.21
5447.7
5524.02
5962.19
5522.04
5740.22
5765.35
5986.51
6007.62
5881.84
5749.38
5737.3
5903.77
6261.97
5979.06
5855.72
5855.81
5578.04
5771.71
5679.99
5506.63
5531.9
5618.82
5980.09
6028.11
5808.21
5626.29
5927.88
5876.12
5922.43
5847.04
5748.26
5742
6167.83
6145.09
6120.89
6112.37
6193.47
6396.54
5992.16
5486.1
5627.9
5433.62
5376.4
5108.26
5721.46
5801.94
5811.03
5500.7
5392.29
5416.9
5137.63
5184.77
5268.66
5563
5584.41
5834.62
5278.46
5399.56
5939.23
5569.98
5950.42
6140.23
6384.47
6125.99
6259.63
6216.35
5742.53
6268.46
5829.38
5834.23
5874.64
5780.12
6053.11
6082.55
6008.28
6342.43
6088.22
6068.14
6053.3
6079.44
6049.81
6514.56
6915.53
7085.56
7118.42
6595.74
6596.65
6100.07
5959.94
6063.47
6096.05
6494.07
6184.01
6016.87
6061.21
6000.05
6033.07
6119.24
5816.55
5890.91
6179.77
6491.3
6297.79
6299.48
6334.58
5746.05
5545.21
5968.93
5772.52
5686.33
5896.88
5700.85
5910.25
5816.8
5645.42
5933.64
5815.64
5634.58
5314.41
5467.94
5458.46
5556
5435.08
5702.67
6032.19
5478.38
5368.93
5162.62
4854.87
4917.39
5014.31
5459.95
6263.3
5991.51
5746.04
5454.02
5185.08
5228.75
5460.55
5319.3
5453.53
5720.76
5582.75
5656.25
5600.28
5925.88
6007.2
5672.26
5500.6
5507.14
5338.87
5064.96
4950.01
5029.57
4983.17
4904.73
4615.44
4907.42
4957.26
4923.24
4654.44
5041.68
5076.48
4849.75
5165.17
4809.43
4935.83
5225.69
5729.87
6093.69
5967.16
5826.08
5709.65
5702.54
6149.81
6061.26
5622.92
5715.88
5344.99
5260.45
5037.63
5314.43
5361.65
5520.17
5746.7
5494.15
5473.28
4985.93
5005.62
4999.03
5049.61
4633.96
4678.92
4801.47
4637.62
4707.33
4911.16
4518.57
4645.97
4789.33
4711.09
4777.93
4635.53
4561.23
4781.41
4717.63
4703.52
4744.38
4898.81
4775.28
4878.14
4944.72
4592.77
4954.87
5174.29
4876.26
4664.6
4616.36
4626.46
4764.03
4489.79
4434.42
4305.92
4255.6
4241.76
4417.84
4277.62
4330.28
4308.7
4570.92
4916.08
4977.18
5105.74
5471.48
4967.21
4909.38
4696.7
4620.62
4487.39
4542.08
4738.42
4711.86
4590.51
4569.49
4805.24
4786.25
5203.53
5099.15
5030.11
5081.21
4852.37
4571.58
4887.56
4739.81
4854.79
4605.07
4674.26
4857
4847.46
4956.95
5278.04
5135.93
5023.31
5109.22
5161.2
4997.16
5182.07
5195.64
4858.35
4858.29
4947.81
5132.75
5356.58
5366.24
4970.75
5117.2
5353.95
5573.83
5493.58
5634.07
5546.87
5198.68
5341.45
5576.86
5706.94
5783.75
5621.83
5715.59
5445.07
5729.87
5626.77
5626.1
5605.7
5452.1
5568.62
5417.28
5351.36
5544.74
5393.36
5388.25
5492.56
5423.48
5404.09
5535.93
5341.74
5159.61
5342.56
5441.09
5576.77
5618.54
5640.98
5193.79
5013.22
4991.24
5200.34
5354.04
5371.14
5459.5
5365.91
5907.78
5655.5
5661.77
5768.49
5991.11
5606
5709.9
5770.5
5317.68
5480.48
5269.22
5061.44
5084.84
5222.62
5230.01
5181.29
5139.13
5234.14
5344.03
5127.5
5343.49
5411.28
5440.14
5266.46
4934.24
4925.2
5196.47
5180.68
5547.39
5679.33
5560.46
5611.09
5247.34
5169.41
4958.56
4932.52
5184.76
5339.18
5257.23
5077.23
5153.76
5145.67
5086.89
5049.63
4813.64
4934.07
5099.61
4701.66
4774.81
4810.2
4985.06
4771.78
4714.5
4735.85
4933.9
5113.95
5202.36
4963.75
5031.37
4785.44
4840.26
4794.28
4845.83
5128.49
5125.91
4877.19
4791.96
4933.27
4806.68
4584.64
4498.49
4484.79
4480.24
4565.77
4541.25
4548.6
4444.9
4354.59
4293.37
4121.32
4158.59
4236.15
4280.77
4610.6
4522.56
4486.22
4546.95
4484.14
4325.02
4383.2
4276.31
4176.68
4854.72
5036.89
5203.26
5084.98
4814.07
4837.53
4671.39
4870.96
4892.71
4765.63
4797.22
4764.26
4768.97
4192.13
4360.59
4354.34
4292.21
4686.7
4763.25
4743
4761.51
4754.35
4551.26
4289.77
4453.2
4433.83
4458.36
4593.37
4709.26
4733.45
4500.7
4325.68
4459.94
4542.72
4932.4
4414.42
4548.8
4702.83
4603.22
4538.63
4361.42
4399.17
4304.54
4161.77
4390.64
4471.64
4279.55
4059.25
4152.17
3886.76
4079.1
4218.31
4102.01
4367.86
4447.93
4725.17
4581.42
4575.42
4553.72
4440.75
4571.25
4406.15
4150.57
3932.51
4024.78
4132.85
4212.17
4359.25
4483.99
4431.26
4372.06
4379.27
4275.44
4482.14
4462.48
4421.08
4259.86
4514.08
4481.62
4547.48
4481.83
4215.27
4220.92
4232
4416.52
4050.86
4086.31
3949.64
3924.6
4116.38
4318.39
4652.89
4326.61
4172.89
4175.33
4211.44
4156.28
3854.6
3856.41
3950.49
3961.98
3967.41
4133.25
4029.61
3923.22
4095.8
4146.73
4162.69
4092.92
4140.29
3826.61
3913.49
4062.58
4041.29
3989.77
4035.4
4048.61
4230.94
4049
3895.74
4018.54
4196
4328.35
4358.73
4415.91
4305.19
4267.98
4178.3
4002.93
3956.73
4060.09
3999.54
4014.75
4223.88
4247.88
4294.64
3963.07
3837.26
3866.03
3903.51
4125.91
4345.04
4012.18
4097.59
4292.16
4285.93
4333.37
4287.87
4356.14
4338.31
4277.2
4200.82
4046.39
4017.8
4369.9
4206.52
4307.2
4378.07
4234.03
4316.6
4366.08
4325.31
4281.3
4214.96
4185.67
4444.44
4418.21
4445.54
4278.91
4315.31
4236.92
4377.25
4530.93
4468.99
4374.49
4384.57
4381.26
4306.68
4463.16
4398.56
4268.6
4406.92
4200.63
4358.96
4228.81
4117.34
4100.72
4161.89
4152.76
4082.09
3977.21
4016.84
3798.53
4015.65
4256.52
3954.52
4014.42
4155.48
4210.07
3949.04
3960.48
3919.1
3923.25
3928.2
3849.78
3801.67
4082.21
4024.33
4180.82
4211
4386.07
4345.69
3880.92
3883.45
3765.44
3946.02
3789.25
3769.45
3689.95
3720.49
3791.5
3669.24
3618.98
3465.42
3585.82
3530.82
3709.08
3830.21
3758.31
3823.62
3874.38
3792.28
3888.59
3715.21
3583.12
3588.27
3600.24
3599.74
3392.21
3774.1
3829.68
3683.71
3696.7
3607.55
3780.37
3567.07
3453.96
3472.38
3351.69
3358.02
3380.61
3450.75
3435.72
3713.79
3625.17
3838.7
3643.66
3650.92
3652.11
3526.19
3480.76
3421.74
3531.92
3544.63
3646.1
3597.55
3509.23
3389.72
3390.25
3345.79
3570.27
3631.6
3467.46
3728.53
3706.75
3533.17
3366.28
3162.09
3388.83
3386.48
3281.36
3205.74
3215.75
3361.31
3386.46
3269.26
3163.83
3155.74
3242.93
3276.19
3347.46
3410.63
3149.64
3102.9
3076.05
3073.25
2978.63
2991.29
3067.6
3228.14
3394.19
3147.31
3096.62
3073.75
2966.69
3074.31
3064.7
2990.63
3110.12
3193.24
2889.84
2962.68
2941.37
2946.04
2923.56
3082
3240.17
3240.4
3291.42
3278.7
3140.59
3040.32
3068.05
2914.59
2994.97
2865.41
2945.05
3010.36
2971.91
3103.82
3070.33
3075.84
3156.54
3303.69
3115.67
3207.68
3147.24
3086.86
3154.38
3096.1
3224.47
3194.57
3310.65
3363.23
3387.28
3201.21
3201.17
3123.6
3118.92
3073.99
2990.05
3032.41
3009.47
2981.51
2972.27
2930.27
2940.19
2926.99
2871.01
3071.82
3000.89
2901.49
2887.8
2868.55
2914.53
2912.41
2843.76
2752.5
2750.78
2760
2746.4
2922.52
2866.13
2789.4
2737.11
2852.6
2921.46
2926.98
2927.89
2872.45
2887.45
2851.79
2812.95
2780.16
2813.38
2935.98
3073.02
2888.65
2918.4
2816.1
2842.79
3023.77
2932.27
2982.92
3068.43
3098.75
3087.17
2987.33
3026.99
3128.8
3169.06
3252.86
3243.63
3175.35
3141.77
3095.16
3025.9
3096.13
2970.91
2982.03
2971.24
3118.71
3143.89
3194.06
3128.92
3074.16
2974.09
2937.38
2929.85
3075.5
2972.2
2993.03
2981.11
3027.51
2981.21
3127.5
3118.19
3046.32
3073.55
3183.23
3082.97
3285.61
3133
3069.63
3224.14
3155.36
3087.74
3220.52
3217.32
3188.27
3166.72
3119.42
3113.38
3358.73
3296.84
3032.29
3107.52
2961.76
2972.38
3098.8
3138.14
3161.98
3081.58
3159.06
3197.29
3304.27
3276.91
3264.65
3208.3
3107.97
3051.3
3161.57
3074.73
3028.9
3043.34
3097.01
3089.57
3088.65
3232.88
3184.51
3234.23
3007.01
3051.75
2897.54
2987.45
2936.79
2981.89
3112.98
3106.56
2921.26
2975.46
2952
3013.61
3111.02
3104.04
3088.82
3049.78
3190.07
3030.39
3016.83
2952.55
3058.73
3071.27
3102.41
3154.26
3130.18
3114.44
3015.85
2893.03
2913.88
2947.63
3030.33
3004.51
2997.75
2960.51
2964.44
2962.1
3055.06
2958.48
3015.78
3081.1
3017.02
2931.99
2921.32
2870.98
2836.93
2879.25
2707.72
2631.52
2617.43
2684.16
2577.29
2693.72
2605.47
2620.36
2623.84
2545.18
2635.06
2697.51
2781.89
2790.58
2551.58
2604.42
2711.93
2689.95
2711.34
2689.99
2672.27
2639.69
2460.14
2381.2
2467.4
2503.04
2460.81
2558.04
2647.03
2617.29
2560.16
2553.83
2633.04
2683.5
2591.74
2594.2
2565.27
2590.35
2706.57
2713.5
2685.86
2726.29
2644.3
2711.16
2619.06
2639.39
2617.85
2577.75
2630.53
2554.38
2479.44
2465.52
2452.6
2540.51
2445.31
2468.39
2517.8
2612.1
2588.8
2642.86
2547.36
2643.52
2634.99
2625.42
2676.64
2644.99
2694.25
2680.87
2823.64
2758.61
2712.92
2713.16
2646.35
2553.01
2484.41
2514.93
2550.15
2611.44
2614.21
2604.01
2643.29
2683.52
2704.68
2536.83
2370.78
2468.64
2528.93
2525.54
2463.96
2488.66
2386.95
2419
2603.69
2425.23
2481.83
2504.26
2653.54
2622.09
2598.88
2616.33
2575.75
2581.7
2628.8
2698.31
2599.86
2520.44
2572.96
2591.8
2700.18
2596.76
2558.83
2672.75
2590.56
2474.56
2497.65
2446.27
2511.2
2449.34
2450
2453.63
2525.73
2454.64
2402.3
2313.67
2436.98
2403.33
2353.22
2355.74
2378.86
2477.64
2467.23
2357.37
2387.86
2357.65
2326.7
2389.61
2314.44
2311.07
2210.6
2205.93
2160.85
2087.3
2137.4
2193.23
2240.6
2223.94
2180.92
2224.64
2156.35
2158.74
2133.78
2189.56
2139.25
2127.04
2146.24
2173.93
2220.8
2231.38
2218.76
2155.23
2175.97
2225.85
2262.16
2176.56
2247.83
2338.26
2356.72
2267.2
2183.05
2177.37
2148.23
2167.6
2141.13
2131.78
2126.57
2164.54
2192.31
2185.76
2157.27
2155.69
2165.34
2104
2204.91
2153.62
2094.18
2150.2
2241.38
2231.05
2084.44
2084.73
2185.2
2139.32
2181.49
2177.75
2158.34
2229.7
2241.31
2262.65
2236
2232.81
2259.5
2222.04
2245.14
2317.13
2346.41
2272.05
2212.41
2166.22
2158.66
2121.46
2150.66
2147.01
2187.06
2175.25
2165.68
2165.69
2132.3
2237.54
2166.61
2224.2
2237.01
2263.17
2210.03
2243.19
2223.42
2243.26
2187.17
2144.62
2239.9
2188.04
2131.05
2209.54
2213.64
2270.23
2233.84
2177.16
2166.1
2097.07
2198.44
2141.48
2208.28
2177.36
2145.35
2174.65
2179.54
2249.36
2231.33
2260.52
2242.52
2227.71
2328.1
2275.75
2382.12
2382.55
2337.31
2254
2228.55
2205.84
2211.92
2199.53
2164.31
2213.8
2225.27
2242.18
2364.42
2304.51
2360.44
2393.16
2333.93
2345.13
2295.66
2285.32
2259.27
2216.29
2209.31
2276.69
2256.29
2228.52
2109.36
2099.52
2175.93
2153.96
2136.05
2143.67
2137.62
2072.86
2058.9
2192.05
2193.68
2184.06
2229.69
2139.57
2153.01
2189.05
2169.11
2084.15
2062.66
2096.18
2082.18
2101.25
2124.91
2157.58
2088.63
2032.43
2068.97
1987.67
2071.14
2024.16
2136.06
2102.1
2160.3
2120.21
2149.29
2190.23
2040.88
2081.04
2072.43
2077.57
2153.23
2129.48
2154.78
2112.21
2158.57
2179.58
2082.6
1972.92
2069.25
2075.84
2067.27
2132.92
2045.79
2093.1
2063.98
2099.73
2094.17
2035.82
1988.45
2024.23
2041.35
2037.37
2007.88
1971.58
2053.19
2029.66
2095.97
2022.43
1993.89
2016.48
1977.57
1984.06
1955.77
2031.24
1929.02
1862.67
1919.49
1955.77
1945.23
1906.51
1904.16
1891.88
1907.05
1881.99
1858.79
1898.38
1823.07
1852.25
1855.9
1865.15
1858.37
1858.27
1878.93
1916.16
1908.63
1866.5
1890.59
1929.97
1888.82
1994.53
1927.46
1902.35
1879.08
1874.59
1842.41
1849.04
1923.41
1980.95
1982.75
2001.12
1979.23
1931.07
1890.37
2044.94
2034.7
2036.43
1948.18
1938.7
1887.05
1873.4
1901.95
1904.62
2026.5
1958.79
1921.32
1919.07
1920.18
1870.77
1933.37
1903.15
1878.19
1882.35
1840.36
1828.55
1836.61
1854.81
1838.57
1889.6
1916.29
1895.7
1915.23
1908.13
1793.85
1811.68
1863.75
1832.32
1796.26
1808.19
1783.99
1816.21
1783.78
1845.36
1795.74
1787.2
1762.19
1805.36
1794.63
1809.58
1816.57
1809.24
1809.7
1798.1
1805
1853.98
1755.44
1782.97
1835.56
1876.9
1814.21
1915.96
1910.05
1927.22
1905.58
1875.55
1803.75
1769.47
1839.77
1785.94
1755.74
1694.09
1736.98
1675.68
1681.63
1744.04
1837.19
1855.78
1832.64
1779.82
1792.1
1760.43
1832.64
1799.48
1827.87
1770.42
1779.63
1770.08
1756.59
1787.41
1712.22
1819.6
1787.7
1844.58
1834.3
1823.96
1858.85
1924.64
1898.48
1852
1879.46
1868.22
1871.49
1861.08
1821.74
1799.65
1892.4
1831.32
1738.9
1716.92
1791.36
1847.8
1805.38
1723.27
1760.17
1706.47
1676.79
1698.65
1687.51
1749.85
1658.32
1680.56
1743.17
1726.48
1693.79
1719.98
1801.95
1845.91
1800.65
1816.21
1754.16
1762.83
1719.99
1759.62
1764.75
1743.55
1790.94
1797.45
1805.14
1733.5
1770.76
1718.32
1712.09
1735.45
1792.29
1834.48
1741.9
1772.04
1783.04
1792.53
1810.63
1673.57
1662.39
1660.58
1644.22
1657.98
1701.35
1678.86
1652.64
1663.34
1660.42
1616.82
1668.8
1677.07
1687.06
1704.09
1686.67
1618
1697.15
1682.31
1669.65
1637.9
1617.7
1630.2
1634.47
1666.55
1706.15
1718.85
1751.8
1742.21
1738.91
1769.4
1750.05
1785.69
1806.28
1786.88
1774.91
1802.96
1763.45
1721.34
1734.41
1720.53
1795.32
1727.07
1718.09
1675.93
1669.42
1714.57
1698.2
1687.42
1650.38
1596.27
1613.28
1605.14
1597.61
1538.18
1538.5
1530.01
1544.37
1592.9
1560.66
1527.62
1565.46
1590.4
1587.04
1599.78
1531.89
1565.04
1538.5
1502.45
1530.76
1552.42
1551.94
1546.73
1555.32
1486.47
1567.6
1624.31
1548.49
1546.82
1563.26
1571.07
1608.51
1548.32
1564.57
1568.3
1594.43
1591.68
1547.96
1543.45
1545.94
1585.7
1590.19
1600.38
1627.85
1580.55
1519.78
1537.74
1608.11
1552.59
1576.77
1544.99
1530.84
1523.68
1542.47
1481.67
1488.69
1484.78
1472.06
1456.22
1477.96
1507.37
1493.86
1459.99
1467.6
1492.89
1483.3
1501.74
1490.5
1476.34
1534.15
1569.09
1583.08
1578.37
1558.71
1532.1
1546.31
1502.95
1530.45
1488.84
1466.95
1500.26
1511.45
1493.5
1524.16
1497.11
1474.52
1475.09
1467.09
1449.26
1493.35
1493.14
1507.41
1500.07
1452.93
1524.31
1505.39
1488.12
1482.99
1469.99
1494.02
1507.21
1514.3
1539.95
1509.59
1518.52
1532.77
1516.43
1472.2
1460.03
1458.85
1438.88
1476.67
1516.96
1524.12
1537.78
1535.07
1526.59
1518.07
1518.13
1540.56
1525.22
1487.79
1524
1508.33
1537.3
1536.4
1546.37
1564.67
1581.59
1577.56
1560.85
1552.43
1525.58
1506.6
1513.3
1521.87
1517.33
1527.62
1544.21
1542.6
1546.49
1526.99
1569.71
1561.43
1539.99
1540.51
1524.28
1526.02
1505.47
1503.54
1521.86
1534.8
1534.75
1577.25
1566.89
1518.51
1498.57
1491.28
1514.78
1507.92
1493.89
1500
1508.05
1484.65
1488.1
1466
1469.81
1474.62
1496.41
1489.21
1504.62
1492.64
1471.13
1459.91
1510.49
1522.29
1475.24
1469.89
1424.66
1431.35
1404.89
1442.49
1443.4
1429.68
1397.53
1387.74
1399.73
1410.3
1428.56
1406.43
1409.9
1422.35
1432.12
1423.58
1402.69
1440.86
1431.17
1444.07
1442.95
1412.08
1414.5
1395.43
1373.68
1360.38
1374.87
1372.66
1361.82
1406.22
1401.49
1399.45
1407.67
1372.57
1384.3
1388.85
1396.84
1407.14
1349.81
1339.47
1357.77
1342.67
1372.35
1359.51
1348.48
1365.88
1376.28
1355.43
1355.58
1325.61
1330.02
1357.06
1382.14
1382.49
1416.79
1402.57
1389.44
1374.54
1351.92
1347.48
1329.08
1337.41
1339.34
1356.38
1346.92
1329.66
1342.63
1329.42
1331.67
1353.61
1367.7
1347.22
1353.46
1355.73
1353.85
1341.64
1353.13
1340.95
1311.14
1318.27
1346.36
1384.6
1365.15
1339.63
1336.1
1347.52
1336.76
1338.24
1365.17
1372.37
1354.05
1360.73
1337.92
1375.47
1378.05
1417.42
1416.98
1423.17
1411.07
1418.36
1408.99
1408.37
1395.21
1403.23
1394.29
1411.77
1434.72
1450.63
1443.97
1452.55
1452.35
1436.46
1411.63
1415.95
1415.1
1447.22
1463.84
1467.89
1458.3
1453.6
1460.83
1430.62
1422.96
1405.57
1409.48
1424.64
1419.03
1417.39
1421.46
1433.64
1429.69
1453.44
1421.87
1399.72
1409.73
1422
1421.17
1411.73
1397.31
1388.67
1374.36
1409.89
1401.12
1436.47
1458.13
1442.49
1395.6
1397
1441.49
1426
1432.61
1431.26
1432.63
1424.02
1422.42
1420.73
1412.88
1417.1
1399.28
1422.01
1426.07
1425.04
1406.92
1445.28
1433.44
1383.4
1390.34
1366.53
1414.26
1389.6
1399.98
1397.13
1390.04
1367.15
1382.58
1351.27
1375.14
1358.25
1323.22
1316.98
1320.26
1320.19
1321.32
1317.33
1340.99
1368.88
1344.49
1340.76
1339.8
1339.46
1355.21
1354.99
1321.35
1323.92
1314.17
1337.35
1323.31
1320.86
1331.11
1348.05
1340.01
1325.48
1306.74
1308.33
1310.53
1294.42
1299.07
1307.16
1325.4
1334.46
1313.84
1308.27
1301.71
1303.2
1307.04
1301.61
1295.21
1295.51
1309.4
1310.13
1314.63
1322.37
1322.52
1324.47
1329.48
1320.04
1338.13
1336.04
1323.21
1324.91
1298.71
1320.74
1282.58
1277.33
1283.51
1298.67
1302.69
1304.92
1294.85
1274.21
1266.34
1238.96
1246.52
1257.56
1274.13
1260.43
1261.1
1267.07
1243.1
1246.46
1246.54
1224.44
1236.81
1241.1
1246.92
1244.37
1253.62
1270.84
1265.46
1250.9
1282.26
1295.83
1309.37
1292.78
1293.87
1312.37
1297.69
1290.67
1269.8
1264.13
1280.96
1289.41
1275.66
1265.4
1285.16
1253.78
1258.03
1254.49
1274.31
1269.51
1271.28
1284.22
1291.09
1294.17
1288.32
1296.98
1292.24
1289.24
1285.63
1271.63
1287.58
1258.17
1271.54
1253.46
1255.51
1253.08
1253.62
1240.2
1222.09
1216.41
1235.4
1250
1227.25
1265.21
1258.42
1257.08
1240.49
1224.55
1233.56
1242.51
1241.43
1221.67
1215.83
1231.46
1235.11
1228.09
1254.05
1257.23
1246.48
1231.85
1224.02
1242.08
1235.64
1218.28
1208.2
1213.8
1211.98
1227.97
1228.61
1234.98
1238.62
1236.74
1251.95
1252.14
1255.8
1254.23
1267.29
1280.36
1278.85
1250.71
1269.54
1259.7
1250.98
1241.26
1261.19
1268.68
1268.79
1261.12
1267.7
1258.85
1265.95
1243.26
1244.86
1230.88
1230.66
1254.01
1245
1279.65
1277.74
1267.24
1283.38
1278.2
1273.83
1271.73
1272.9
1267.07
1272.89
1258.95
1259.1
1248.53
1247.04
1245.58
1261.08
1273.86
1270.53
1262.45
1231.47
1235.98
1230.05
1224.18
1236.48
1221.54
1205.52
1231.82
1212.16
1203.16
1223.1
1237.69
1233.56
1221.51
1226.43
1205.79
1193.97
1204.4
1216.25
1206.21
1228.81
1241.52
1239.42
1236.15
1231.11
1228.33
1226.02
1233.67
1234.07
1225.98
1211.99
1223.85
1230
1229.15
1246.97
1236.23
1221.03
1218.28
1208.56
1218.4
1221.45
1226.47
1229.21
1227.28
1249.54
1235.15
1234.28
1261.61
1232.83
1206.03
1213.38
1216.38
1212.05
1196.09
1201.12
1187.13
1175.17
1186.14
1196.1
1193.7
1186.49
1185.12
1177.12
1190.6
1195.78
1195.46
1232.83
1219.38
1200.48
1181.19
1189.34
1176.63
1196.18
1191.79
1184.72
1207.09
1202.39
1199.51
1193.76
1198.28
1206.66
1198.42
1223.4
1245.58
1231.58
1227.01
1228.83
1235.63
1231.55
1233.21
1228.3
1211.9
1225.18
1216.24
1218.88
1220.39
1207.76
1225.82
1216.23
1226.11
1195.04
1202.87
1197.88
1190.75
1205.01
1193.26
1190.49
1199.09
1208.45
1210.36
1213.76
1196.95
1185.65
1194.48
1191.23
1184.85
1176.05
1168.69
1185.18
1180.31
1167.42
1165.01
1183.57
1181.9
1180.46
1171.08
1172.61
1173.49
1175.63
1174.72
1163.05
1165.44
1167.36
1167.95
1168.24
1162.16
1154.86
1170.33
1159.97
1164.78
1169.83
1166.94
1170.34
1162.49
1166.71
1182.04
1176.52
1178.04
1193.58
1195.36
1192
1185.44
1188.46
1183.02
1173.88
1175.94
1181.55
1175.59
1178.51
1201.4
1188.48
1192.84
1187.82
1186.48
1172.08
1175.36
1171.21
1166.82
1164.17
1149.52
1162.79
1161.28
1153.57
1159.43
1165.01
1171.71
1167.31
1173.75
1169.85
1172.53
1182.04
1176.88
1177.74
1164.07
1158.19
1162.67
1170.14
1164.92
1161.99
1158.97
1150.52
1150.13
1140.78
1135.66
1135.35
1141.71
1128.95
1139.19
1133.48
1138.1
1129.54
1135.92
1134.09
1130.29
1144.62
1140.58
1151.6
1138.92
1144.72
1159.73
1156.14
1163.81
1162.16
1150.49
1145.18
1167.08
1163.48
1139.33
1146.24
1136.12
1137.58
1129.87
1126.14
1132.48
1129.14
1133.87
1148.09
1161.26
1153.02
1158.68
1158.75
1156.89
1169.99
1160.04
1157.43
1150.06
1154.3
1159.98
1161.44
1160.53
1157.42
1146.66
1138.24
1154.08
1149.09
1155.43
1162.22
1163.2
1183.45
1183.1
1184.14
1181.96
1171.88
1158.01
1171.06
1159.58
1147.92
1139.61
1140.36
1131.66
1134.36
1135.38
1141.41
1151.13
1151.81
1133.01
1116.42
1114.18
1128.08
1128.74
1115.18
1118.28
1115.23
1123.04
1127.05
1131.99
1124.1
1114.69
1112.66
1106.4
1106.26
1115.7
1107.4
1113.3
1108.66
1108.76
1107.47
1110.62
1112.67
1119.04
1122.89
1111.78
1118.21
1113.1
1107.4
1110.73
1110.82
1108.05
1112.08
1117.16
1114.52
1113.74
1111.99
1108.17
1099.63
1104.01
1108.08
1095.3
1112.13
1113.95
1127.5
1105.04
1103.09
1113.63
1122.7
1124.5
1116.29
1108.51
1108.82
1105.71
1107.47
1092.33
1087.32
1090.27
1087.81
1081.31
1090.56
1089.65
1082.59
1079.45
1081.19
1076.43
1073.01
1078.43
1075.04
1070.55
1076.28
1082.12
1099.55
1095.52
1091.56
1097.13
1099.33
1106.52
1097.49
1094.72
1089.64
1078.37
1079.9
1080.77
1078.43
1089.47
1086.05
1090.75
1080.47
1093.67
1090
1091.6
1084.78
1079.17
1079.38
1073.73
1064.47
1063.87
1058.19
1052.31
1052.74
1069.48
1076.6
1068.1
1066.35
1075.62
1078.88
1069.4
1070.43
1082.46
1078.12
1080.21
1071.62
1071.6
1061.99
1064.12
1074.88
1062.81
1066.17
1066.9
1058.69
1068.48
1072.06
1069.25
1060.51
1065.94
1072.68
1076.81
1069.84
1065.51
1071.39
1071.83
1072.64
1071.09
1069.57
1058.97
1054.48
1058.55
1061.32
1062.16
1063.06
1066.26
1064.35
1060.09
1055.4
1065.81
1065.09
1064.14
1071.86
1065.08
1074.05
1070.21
1078.76
1069.34
1076.09
1070.51
1072.81
1071.11
1058.31
1055.08
1059.19
1055.98
1050.62
1055.24
1055.15
1049.23
1052.8
1047.01
1044.75
1039.08
1035.99
1036.3
1037.34
1041.54
1044.93
1035.5
1034.41
1032.85
1035.24
1033.54
1031.39
1037.69
1042.23
1041.43
1049.37
1048.98
1032.63
1025.98
1021.14
1027.89
1027.17
1025.48
1025.66
1030.22
1027.42
1023.14
1024.22
1026.31
1023.87
1023.85
1030.42
1024.13
1019.23
1026.08
1020.48
1028.53
1023.48
1029.02
1019.89
1021.21
1029.92
1024.26
1020.09
1020.46
1015
1016.92
1012.81
1015.21
1011.28
1019.2
1021.97
1019.87
1021.37
1021.53
1019.18
1010.54
1009.03
1006.22
999.758
997.845
993.613
992.712
1002.19
1005.43
1000.34
994.264
990.392
986.579
984.635
982.461
983.947
987.057
989.44
989.31
987.635
988.48
990.877
992.27
988.806
990.671
979.129
976.767
978.971
979.668
981.096
977.813
978.477
981.038
979.588
979.313
981.893
979.971
979.328
981.745
980.679
984.323
984.794
986.555
989.087
989.443
989.523
993.994
991.281
994.558
992.846
999.069
1000.58
993.683
985.952
978.934
977.469
971.493
971.55
976.832
977.112
977.57
980.99
983.863
967.335
973.301
978.461
978.994
978.173
973.885
969.843
971.3
973.292
971.5
968.389
969.591
969.58
967.173
960.773
961.189
957.903
960.349
962.511
962.092
957.312
960.849
950.995
951.821
957.668
954.717
955.56
969.395
966.477
964.462
960.005
954.296
958.17
955.027
957.681
952.773
948.1
948.221
948.865
949.13
942.184
946.619
942.554
940.5
940.271
937.942
936.539
932.474
934.094
930.395
933.401
939.25
941.698
950.206
949.445
949.574
952.95
944.424
944.805
943.608
943.98
943.382
940.453
934.928
933.377
933.83
928.744
929.864
930.776
934.586
933.417
924.967
925.955
926.471
926.24
928.792
927.023
928.827
924.653
923.017
923.157
920.632
919.003
916.502
920.259
918.395
919.999
922.89
927.331
923.481
925.012
924.409
925.276
925.672
919.378
919.484
923.337
919.133
917.354
919.935
920.201
919.875
919.903
912.897
920.576
918.721
921.777
915.323
919.895
925.087
929.691
924.586
917.298
916.851
913.837
911.47
911.521
909.712
912.155
914.057
912.53
911.978
915.167
916.684
914.56
915.762
913.474
915.823
911.804
905.262
907.211
908.433
907.063
905.877
912.162
912.734
907.351
909.622
906.181
909.815
911.216
915.711
918.666
916.475
910.584
910.848
912.199
914.011
911.585
909.356
906.072
905.134
907.408
907.155
903.23
902.074
901.541
901.238
907.423
907.491
911.594
913.036
904.752
902.344
901.726
904.081
905.214
905.987
904.478
907.676
902.304
903.305
901.901
907.117
909.742
909.409
906.89
905.395
904.707
904.397
906.247
906.947
907.587
905.942
910.918
906.699
908.277
901.586
901.477
901.683
902.013
904.745
909.529
908.17
913.795
912.65
911.57
910.889
910.188
912.137
912.084
901.527
897.911
894.012
895.976
894.067
897.639
895.396
894.708
897.047
895.694
896.423
900.241
897.345
897.668
897.312
898.045
899.614
899.968
904.139
900.226
900.44
894.744
897.857
894.864
891.902
887.46
885.498
885.979
884.193
882.28
879.457
884.72
883.346
883.843
882.899
881.523
880.472
881.124
881.117
880.252
881.046
882.278
880.229
883.301
878.596
875.728
877.348
873.288
870.068
873.95
873.792
872.746
869.5
864.293
864.735
860.75
865.127
864.277
867.215
866.175
865.494
865.116
857.336
855.722
858.851
861.9
862.214
860.929
855.824
862.272
864.197
862.82
862.696
863.327
863.922
864.366
861.499
863.139
863.246
858.678
859.837
862.967
864.469
862.584
862.188
864.046
861.467
860.903
860.355
862.934
861.974
862.474
861.171
866.943
865.767
862.131
857.752
856.729
856.349
856.349
851.707
849.724
849.82
847.085
848.523
849.638
851.169
842.755
841.725
844.738
842.071
841.904
842.262
841.414
840.407
841.376
843.407
845.39
845.356
841.741
840.143
839.867
841.929
839.863
841.695
841.122
842.274
843.097
841.354
839.509
838.472
835.076
831.958
834.699
832.133
830.633
831.58
833.058
829.241
828.804
830.456
833.136
834.48
832.049
835.904
833.068
832.673
834.349
831.393
828.247
827.548
825.775
826.998
824.359
827.36
828.279
825.054
825.427
824.34
825.916
825.863
822.806
824.007
821.039
820.711
818.887
820.876
820.36
818.643
820.132
820.343
823.351
825.337
826.71
822.296
821.386
821.097
819.88
817.938
815.119
815.416
815.712
816.248
812.38
811.52
812.797
816.146
815.578
815.114
810.551
809.222
807.829
807.571
806.412
805.55
807.627
811.397
809.74
808.536
808.881
811.957
814.162
810.018
810.017
808.242
808.928
804.42
802.525
803.889
805.516
808.071
808.431
810.585
810.847
809.568
806.639
806.645
807.295
809.043
807.667
808.686
804.681
803.235
804.759
803.474
802.998
804.761
805.489
802.513
804.139
804.974
803.014
802.367
805.553
807.475
808.626
806.583
806.032
803.475
801.44
800.573
798.616
799.274
800.95
802.681
800.283
801.121
802.363
798.78
799.822
798.457
801.114
798.71
797.77
796.783
796.538
793.184
790.777
790.604
791.684
791.04
792.25
793.811
790.347
791.67
787.611
789.836
788.082
787.459
789.372
790.246
790.103
791.018
791.288
791.29
790.126
787.165
786.618
787.759
790.242
788.769
789.718
790.331
790.26
789.204
792.702
790.928
792.219
790.512
790.933
789.602
788.619
788.956
786.817
786.636
788.318
789.648
788.909
788.504
789.699
794.023
794.224
794.191
795.536
793.631
793.219
793.742
793.136
794.866
791.248
793.064
792.88
793.1
791.13
791.527
790.797
794.986
794.784
793.531
791.771
790.866
788.091
788.98
787.384
789.369
788.688
787.721
789.18
788.917
786.38
783.335
783.41
783.923
783.984
784.048
783.089
783.057
783.931
786.212
786.202
784.452
783.551
783.712
785.918
783.169
783.154
784.227
783.232
782.099
782.038
783.682
782.901
782.815
782.382
783.954
782.065
782.197
782.014
778.851
779.03
775.81
776.218
776.281
778.196
776.579
777.716
775.736
775.874
774.913
775.29
773.715
776.473
776.888
775.164
773.985
776.614
776.53
776.097
776.984
775.057
776.451
777.144
779.133
777.431
774.583
772.754
773.82
771.959
772.182
771.427
770.511
770.59
769.865
772.386
771.894
769.274
770.719
770.689
772.539
772.598
772.645
771.717
771.927
771.823
774.665
772.756
772.132
772.376
771.389
773.217
772.958
772.353
772.498
772.337
769.522
770.231
770.878
769.565
768.664
769.196
770.264
770.475
771.247
772.478
771.642
771.908
771.737
772.635
772.886
772.398
772.314
772.353
770.98
768.952
768.578
767.354
769.679
767.681
767.055
767.661
767.4
768.732
766.482
765.144
765.053
766.227
764.932
765.401
765.592
766.434
763.863
766.184
766.275
763.85
765.209
767.097
766.312
767.746
766.199
766.145
766.429
765.736
767.133
765.366
763.387
762.301
762.779
762.836
762.808
764.455
764.228
762.975
763.812
763.317
763.536
762.749
763.703
763.509
762.87
764.852
764.161
763.859
762.215
760.826
762.209
760.716
760.17
760.605
759.641
760.244
758.576
759.499
760.354
759.429
758.625
759.344
758.741
758.5
757.621
758.196
758.055
759.794
760.563
760.396
763.057
762.09
761.981
762.57
761.926
762.782
761.514
760.913
761.229
760.045
758.284
757.796
757.485
757.781
758.741
757.75
757.81
757.906
757.748
756.473
755.659
754.702
754.725
754.14
754.73
755.393
755.204
754.707
754.628
754.486
755.83
756.417
758.165
759.221
759.164
758.984
758.079
757.579
757.746
756.7
755.79
755.989
755.067
754.689
754.374
753.36
752.755
754.512
753.274
752.947
752.426
751.541
751.926
753.233
754.521
755.139
756.144
757.25
756.522
756.55
755.545
755.206
756.141
755.768
754.497
753.769
754.256
754.99
753.256
752.425
753.145
753.346
753.395
754.493
754.668
754.258
753.138
754.131
755.517
754.349
754.258
753.766
752.234
752.938
752.058
750.743
750.773
751.169
752.199
753.162
753.794
754.079
754.669
754.243
752.993
754.477
754.025
753.945
753.999
753.867
754.843
755.736
755.613
755.106
754.483
755.306
755.09
754.735
756.903
755.405
755.659
755.251
755.661
754.378
753.033
753.699
755.2
754.265
753.92
753.198
752.579
751.922
752.884
754.134
754.473
754.129
754.044
753.502
752.652
752.513
751.552
753.041
752.466
751.63
751.394
751.22
750.966
751.594
752.276
751.75
751.983
752.297
752.334
751.466
752.064
750.949
748.946
749.467
749.951
749.569
749.201
749.358
750.23
749.655
750.448
750.439
750.281
750.975
750.478
750.711
751.171
751.439
751.402
750.767
750.645
751.701
750.823
749.686
749.544
750.044
749.325
749.09
749.796
748.264
747.992
747.866
748.774
749.18
747.822
748.095
748.794
748.326
748.293
749.225
748.625
749.229
749.523
749.379
748.538
746.76
747.282
746.167
745.157
746.069
745.91
746.173
745.8
745.04
744.207
745.328
745.084
744.912
745.625
746.33
745.825
746.087
745.721
745.474
746.017
745.692
746.061
746.325
745.826
745.529
745.722
745.679
745.594
744.252
745.283
743.544
743.924
744.589
744.062
744.497
744.069
743.868
743.834
743.784
744.362
744.06
744.422
744.283
744.43
744.856
743.864
743.641
744.305
744.788
744.059
743.715
743.88
744.294
743.866
743.75
744.342
743.852
742.836
742.586
742.614
742.225
741.169
741.344
741.206
741.164
741.059
741.953
742.241
741.513
741.401
740.747
741.602
742.337
742.551
742.766
742.255
741.8
742.376
743.18
742.978
742.872
743.049
742.833
742.399
741.446
741.268
741.045
740.985
741.278
741.006
741.256
740.449
740.557
740.906
740.117
741.1
740.89
742.082
741.857
741.625
740.615
741.04
741.766
742.249
742.041
741.724
742.435
741.45
741.882
741.468
741.691
741.104
741.082
740.618
739.972
740.846
741.302
740.758
742.027
