Mut_X Mut_Y Mut_Size Mut_Rot Mut_R Mut_G Mut_B Mut_Type Time_Sec
129011 134528 159522 133819 163912 163455 163139 127910 1310.6
0 0 0 0 0 0 0 0 1310.6
--- Historial MSE por cambio de temperatura ---
15793.1
15725.1
15794.9
16359.1
15824.4
15481.8
15965.9
15873.5
15954.5
15845.3
15880.5
15514.8
15405.3
15372.8
15019.8
15431
15501
15753.2
15559
15620.6
15159.3
15014.1
15469.7
15433.9
15406.4
15196.7
15213.6
15565
15652.4
15768.8
15357.1
15195.5
14867.4
14979.3
14981.1
15167
15538.3
15076.3
15376.5
15559.4
15721.3
15468.8
15746.4
15972.7
15868
15489.4
15712.3
15713.4
15577.6
15829.6
15902.9
16432.3
15967.2
16211.1
15934.7
15867.5
16190.8
16107.4
16211.2
16519
16297.2
16098.3
16256
16308.5
16251.4
16356.6
16236.5
16349.3
16215.6
16511
16174.7
15721.6
15886.7
16073.7
16311.7
16156.7
15951.1
15713.4
15728.4
16015.9
15919.9
15717.5
15928.2
15744.3
15556.9
16159
15949.7
16147.3
15749.1
16060.4
16192
16202
16206.1
16455.3
16347.4
16116.5
16345.9
16068.4
16261
16125.1
15791.7
15771.8
15982.9
16033.2
16205.9
16157.5
15882.1
16152.4
15950.4
15631.1
15787
15782.2
15906.9
15717.1
15807.5
15994.8
15653.6
15293
15221.9
15537.6
15812.7
16023.5
16077
16188.6
16295.8
16282.2
16108
16232.6
15958.1
15908.8
15604.4
15748.2
15939.8
15948.9
16348.7
16188.1
15952.3
16067.5
16006.8
15820.5
15978.4
15815.8
15667.2
15854.8
15703.9
15515.4
15422.9
15816.7
15413.2
15287
15215.8
15487.8
15547.2
15418.6
15373.7
15216.6
15489.9
15672.3
16036
15458.8
15298.2
15761.2
15753.8
15117.5
15513.1
15413.7
15243.7
14734.7
14901.7
15213.5
15654.3
15250.4
14905.5
15167.8
14996.3
14429.8
14457.5
14154.3
14078.4
14689
14712.1
14695.7
14522.1
14460.8
15018
14777.9
14594.6
15057.6
14825.3
15443.7
15166
15578.3
15144.1
15424.3
14874.1
14825.9
14326.1
15083.9
14801.9
14327.3
14665.5
14353.7
14598.6
14625.4
14645.1
14798.7
15185
14955
14645.6
14579
14469.9
14656.2
14803.3
15187.6
15351
14730.8
14864.4
14687.6
15037.2
14631.8
14535
14876.4
15174.8
15405.4
15036.7
15133.1
15314.7
15125.4
14823
14895.1
14937.1
14797.4
14883.4
15002.2
15341.9
15037.5
14981.2
15127.6
15377.6
15697.2
15723.5
15245.5
15063.2
15255.7
15341.2
15304
15199.4
15604.8
15536.3
15694.4
15421.2
15345.5
15482
15573
15563.4
15673.6
15569.5
15509.1
15477.3
15525.8
15910.1
15908
15764.6
15595.6
15626.6
15854.1
15698.9
15377.9
15324.4
15875.3
15782
15648.5
16282.8
16272.9
16092
16119.9
16361.6
16592.1
16061.4
15792.1
15693.5
15632
15386.6
15700.3
15550.1
15125.4
15224.9
15370.1
15333.3
15927.6
15518.2
15482.4
15339.9
15306.1
15609.1
15678.7
15750.6
15910.7
15982.8
15787.6
15460.1
15471.2
15491.9
15174.2
15216
14969.9
14866.5
15091.6
15116.9
14955.6
14747.1
14441.6
14590.1
14809.5
14853.5
14570.5
14831.5
14716.4
14634.3
14059.4
14333.5
14497.5
14088
14490.6
14500.3
15049
14892.1
14502.8
14617.3
14991
14609.3
15158.3
14765.4
14910.1
14966.3
15155.4
14796.5
14251.7
14005.4
14343
13836.3
14036.8
14163
14265.4
14548.4
14642.1
14936
14648.3
14495.4
14548.3
14768.6
14723.5
14464.9
14548.3
14449.7
14480.8
14429.3
14588.4
14450.3
14208.5
14355.6
14500.5
14807.9
14688.8
14705
14895.1
14053.9
14245.1
13951.2
13359.4
13752.5
14341.1
13455.3
13714.7
13588.5
13946
13627.6
13671.9
13092
13676.7
13353.9
13275.5
13805.4
13555.3
13408.6
13204.3
13163.8
13753
13038.3
13183.3
13209.5
13030.1
13032.5
12531.2
13192.8
13428
13127.5
12785.1
13273.8
13287.4
13563.6
13106.5
13313.8
13661.5
12978.8
13192.6
13099.6
12625.1
12356.5
12559.8
13431
12756.4
12891.1
12892
12474.4
12304.2
11783.7
11503.8
11579.7
12326.9
12239.1
13196.1
13328.1
13168.4
12842
12747.4
12753.9
13014.9
13575.4
13412.3
13259
13021.2
12883.6
13127.5
13269.4
12795.6
12754.3
13061
12507.3
12414.8
12349.5
12149.9
11992.9
12056.5
12458.3
12353.2
12269.7
12551.2
12777.2
12360.1
12484.1
12076.4
12504.6
12783.4
13306.9
12497.2
12389.1
13248
13318.1
13247.7
13203.7
12533.5
12409.8
12084
12579
12567.8
13087
13226.2
13351.3
13049.6
13596.4
13563.4
13588.6
13145.3
13538.2
13484.7
13079.1
13413.5
12977.1
13353.5
12903.2
13394.3
13488.9
13693.3
13291.6
13041.3
13531.4
13217.8
12598.9
12577.2
12900.9
12897.5
12719.1
12941.1
13084.6
12728.4
13414.3
13139.7
13099.6
13066
13748.2
13421.2
13555.7
13416.4
13198.8
13069.2
13260.2
13346.8
13204.6
13204.6
13327.2
13420.7
13606.1
13103.1
13415
13473.5
13481.2
12757.5
12838.6
12858.1
13035.3
13562.1
13392.8
13150.5
13249.1
13214.2
12592.1
12752.7
13002.6
12509.2
12565.2
12807.2
13081.5
12845.7
12946
12306.1
12237.8
12670.2
12361.6
11846.4
12053.8
12738.8
12856.9
12822.2
12703.1
13003.3
13155.1
13557.5
13470.6
13374.4
13178.8
13485.4
12964
13220.5
13422.3
13375.4
13265.5
12960.4
13209.9
13363.1
13115.3
12992.2
12780.6
12609.6
12595.4
12925.1
12885
13002.7
12916.1
13092
13416.6
12978.5
13382.7
13190.8
13333
12711.9
12709.4
12626.8
12615.4
13385.5
13825.7
13724.8
13667.6
14013.4
14205.5
14053.2
13393.8
13426.7
13402.3
13238.6
13217.7
13273.1
13856.8
13534.8
13393.3
13469.2
12967.3
12966
13001.6
13024.1
12896.6
12821.7
12675.3
12516.8
12897.2
12803.1
12850.5
12461.9
12555.8
12539.6
12231.4
12642.2
13132.4
13004.1
12664.9
12656.1
12977.8
13007.7
12423.4
12421.7
12358.7
12685.6
12369.4
12912.8
12537.6
12225.6
12289.8
12456.7
12988.9
12592.6
11859.2
12191.7
12043.2
12023.4
12292.5
12257.7
12285.9
12341.2
12403
12295.4
11910.4
11772.8
11724.4
12019.5
12122.5
13209.5
13248
13267.4
12934.8
13106.7
13370.5
13208.2
12540.6
12843.5
12583.5
12546.8
12626.6
12806.4
12622.8
12700.2
12393
11888.5
11957.6
12195.8
12343.4
12217.8
11606.9
12127.2
11535.6
11768.8
11926.8
11780.7
12204.9
12060.6
12158.1
12075.7
12111.6
11937.7
11869.5
12362.1
12819.3
12793.4
12514.6
12684.3
12504.6
12599.9
12383.3
11763.2
11778.1
12149.6
12150.5
11975.8
12703.2
12432.2
12283.8
12273.8
12357.8
11936.6
11749.7
12184.3
12088.4
12290.3
12502.9
12213.3
11821.1
11921.9
12184.2
12409.5
11986
11677.4
11909.3
11512.3
11921
11688.7
11891.3
11814.2
11823.1
11809.8
11634.1
12139.5
12334.7
12397.2
12437.4
12380.2
12617.9
12749.6
12236.3
12460
12496.8
12291.9
11759.8
12287.3
12444.5
12452.4
13103.7
12993.1
12581.1
12486.2
12205
12671.7
12620.5
13210.6
13932.7
14060.4
13107.9
12710.1
12934.5
12796.8
12505.6
12189.2
12600.1
12229.4
11587.7
11616.4
11636
11179.5
11330.9
11587.5
11494.5
11744.1
11626.3
11141.5
11908.6
11740
12155.6
11809.3
11709.3
11497
11000.1
11364.2
11444.5
11707
11475.8
11167.4
11910.3
12360
12063
11393.9
11542.5
11548.5
11469.9
11810.3
11832
11979.4
12500.2
12314.9
11482.3
11767.5
12196.3
11921
12358
12087.2
11837.8
12116.3
12098.2
11905.5
11992.6
12060.4
11796
11659.1
12218.1
12097.3
12122.9
11559.8
11917.3
11824.2
11821.3
12011.5
12144.8
11338.3
11264.5
11500.1
11047.2
10909.1
10431.4
10593.4
10450.4
10292.4
10368.5
10087.1
10977.3
10903.7
10379.8
10306.7
10270.1
10249.2
10130.8
10461.8
9970.41
10238.6
10531.6
10353.1
11735.6
11371.3
10613.1
10623.7
10687.7
10517
10720.6
10833.2
10634.9
10541.4
11145.2
11480.7
11309.3
11453.8
11490.6
11726.3
11137.6
10922.3
11109.4
10981.4
10715.7
10503.8
10776.6
11027.8
10506.7
10527.5
10728
11014
11101.9
10990.9
10608.4
10939.1
11025.9
11021
11128.6
11415.4
11331.2
11245.6
11070.5
10957
10864.4
10947.1
11275.4
11118.3
11735.3
11481.5
10742.2
11048.3
10802.2
10683.9
10764.8
10830.8
10640
10597.7
11131.4
11191.4
11303.6
11176
11450.2
11778
11620.7
11787.9
11359.2
11759.7
11628.5
10998.6
11016.6
11734.9
11893.7
11738.4
12099.2
11717.6
11443.3
11317.8
11050
11486.3
11316.7
11389.9
11621.1
11215
11249.6
11246.3
11441.7
11514.6
11073.2
10944.8
10833.9
10664.2
11002.6
10799.2
10854.8
10607.5
10880
11185.1
11564.1
11400.6
11998.5
12088
11877
11227
11138.5
11208
11781.2
11519.9
11303.1
11330.9
11459
12019.4
11938.4
11327
10969.8
11105.8
11236.7
11097.5
10928.5
10941.5
10844.5
10896
10848.7
10954.9
10134.9
10425.3
10300.5
9885.31
10376.6
10398
10654.6
10089.3
10138.4
9667.8
9623.8
9669.56
9724.33
9775.54
9901.73
9437.66
10084.5
9897.26
9934.1
9851.38
10249.1
10018
9957.15
10168
10498.5
10569
10175.7
10292.3
10769.1
10038.3
10327.4
10362.1
10312.5
10397
9787.11
9753.99
9269.83
10044.2
9860.39
9296.89
9543.63
9994.72
9966.36
9783.92
10310.8
10561.3
9940.97
10292.5
10070.5
10155.9
10193.8
10485.8
10248.7
9878.61
10362.7
10834.2
10141.1
10037.2
10274.6
10880.9
11000.1
11071.1
10556.4
10311.3
10017.5
10399.2
10332.1
9827.27
10636.3
10987.4
11100.1
11022.2
11029.9
11095.3
10553.2
10487
10436.5
10628.4
10377.7
10481.3
10885.5
10655
11040.9
10741.6
10404.9
10823.6
10095.5
9898.61
9502.15
9792.25
10336.5
10422
9992.61
9968.3
10489.1
10630.9
10822.9
10645.9
10315.3
10472
10600.9
10898.1
10692.5
10706.3
11296.8
11042.8
10862.1
10375.6
9769.63
9843.14
9926.6
10261.4
10609.6
10639.6
10381.2
10604.6
10495
10733.4
10482.7
10556.2
10509.8
11050.1
10770.8
10193.7
10004.7
10139
10728.5
11018.2
10594.9
10281.6
9828.9
9841.58
10004.7
10930.9
11019
10690.7
10550.1
10554.5
10369.1
10366.2
9793.61
9753.08
9822.97
10080.1
10512.1
10065.4
10038.5
10261.7
10409
9625.98
9647.09
9957.27
9227.66
9745.83
9813.93
9769.52
9757.84
9613.31
9569.27
9672.53
9241.97
9760.1
9921.98
10009.3
10110.8
9988.98
10555.2
11118.5
10914
10716.5
10683
10562.8
10739.8
10447.3
10563.1
11002
11056.7
11468.6
11226.3
11364.3
11014.8
11679.9
11148.8
11306.6
11615.7
10711.4
10921
10927.7
11225.1
10990.9
10677.4
10550.3
10989.7
11308.5
11003.3
10862.2
11226.7
11108.3
11060.9
11073.7
10695.3
10784.1
10780.2
10780.6
11189.6
10990.6
10859.5
10502.1
10783.3
11107.1
10425.4
10454.8
10687.9
10633.9
10999.5
11060.6
11291.9
11551
11358.7
11094.2
11124.3
11244
11413.2
11046.8
10766.6
10638
10863.7
11008.5
10745.9
10630.1
10890.4
10926
10903.2
10683.4
10826
10660
10761.4
10749.3
11087.3
11227.5
11056.9
10921.6
11105.2
11458.5
11089.3
10798.1
10770.4
10872.9
10936
11201.9
10653.3
10392.6
11119.6
11280.4
11275
11018.1
10346.8
10605.1
10988.6
11492
10981.8
10854.9
11101.1
10756.2
10485
10504.3
10227.1
10601.6
10580.5
10523.1
10321.1
10365.9
10105.6
10030.5
10256.4
10654.9
10958.1
11205.1
10975.2
11403.6
11342.8
11627.6
12096.4
11819.5
11838.7
11454.5
11219.6
11499.7
11720.7
11951.6
12119.5
11781
11823.3
11492.4
11728.1
11352.6
11125.1
11043.4
11155.8
11321.8
11091.6
11764.1
12052.9
11903.5
11789.2
11512.8
11388.5
11296.9
11152.8
11283.5
11317.4
11239.2
11115.1
11014.6
11045.5
11541.4
11583.5
11976.7
11325.2
11326.9
11186.2
10951.6
10788.2
10733.4
10788.8
11373.7
11153.7
11028.1
11033.5
10833.9
10880.2
10889.6
11190.6
10854.6
11351.5
11515.5
10861.9
10897.8
10596.1
10644.3
10661.8
10673.5
10441.8
10942.9
10962.2
10638.5
10765.6
11197.3
10764.1
10617.9
10680.5
11184
10594
11197.4
11402.2
11167.9
10886.8
11199.4
11262.8
10508.5
10402
10051.4
10332.8
11055.2
11062.3
10844.5
11353
11608.1
10779.5
10856.6
11057.8
10466.7
10246
9996.56
10259.7
9990.32
10608.7
11062.6
10892.5
10610.4
10345.5
9938.44
10184.9
10416.8
10309.4
9888.03
9888.78
10413.1
10304.3
10520.6
10659.7
10117.6
10567.2
10608.5
10709.4
10217.4
10086.9
10090.6
10216.5
10532.1
10262.9
10409.9
10587.7
10181.9
10147.1
10590.9
11039.7
10621.8
10473
10806.2
10911.4
10648.8
10577.3
10536.3
10245.7
10487
10894.8
11359.9
10534.6
10556.9
10670.2
10101.7
10605.6
11407.4
11363.5
10882.1
10792.8
10427.3
9901.97
10345.6
10676.9
10273.7
10157.3
10253.5
10378.3
9820.54
10425.3
10342.7
9808.25
10232.7
10183.2
10255.4
9879.32
9883.18
9422.96
9872.29
9987.97
9967.8
10083.1
9609.54
9728.83
10085.8
9793.19
9820.75
10066.4
9272.25
9383.83
9547.33
9271.44
9861.44
9801.36
9730.54
9614.19
9079.42
9187.34
9407.13
9597.02
9399.68
9437.66
9152.6
9511.61
8987
8918.55
8625.64
9093.39
8853.93
8712.09
9279.29
9569.2
9987.42
9623.05
9766.23
9300.07
10039.2
9839.47
9858.21
9770.01
9554.33
9845.15
8867.61
8898.5
8962.59
9301.48
9507.46
9549.14
9653.52
9724.33
8706.77
9587.7
9849.47
9196.21
8969.04
9120
9254.8
9826.14
9525.05
9279.46
8615.56
8806.16
8647.74
8784.58
9108.01
8993.89
8944.14
9077.95
8945.22
8392.18
8778.48
8490.43
8809.15
8574.32
8394.95
8867.96
8825.44
8832.61
8405.44
8732.23
9143.73
8911.52
8809.92
8891.77
8107.17
8213.23
7955.79
8868.29
8621.82
9173.92
9017.13
9141.18
8812.51
9360
8893.55
9097.6
9625.49
9654.4
9568.92
9617.94
9558.23
10017.7
9281.44
9583.62
9731.52
9892.99
9607.8
9198.31
9379.52
9814.24
9665.63
9884.71
9304.27
8834.33
9114.17
9113.07
8959.16
9094.64
9760.62
9064.71
9483.61
9404.5
9932.55
9806.7
9801.41
9725.06
9515.54
9689.12
9581.85
9255.33
9574.34
9320.72
9371.9
9135.44
9592.47
9412.62
9114.67
9120.35
9386.95
9334.44
9540.98
9476.18
9399.42
9631.59
9882.61
9904.89
9436.69
9432.53
9188.45
9477.41
9804.95
9683.7
9689.01
9740.56
9948.63
9918.22
9419.4
10289
9906.76
9617.97
9213.93
9599.91
9514.25
9275.55
9543.18
9592.8
9585.36
9755.28
9650.95
10176.7
10208.8
9654.01
9828.93
10132.5
10047.9
10143.7
10023.5
10057.2
10393.1
10098.9
9855.61
10225.9
10055.8
9785.14
10012.8
9979.43
9957.95
9512.45
9117.63
9195.83
9266.48
9364.24
9505.32
9853.4
9469.41
9214.32
9250.86
9233.63
8639.61
8705.94
9598.38
9452.33
9311.06
9148.22
9037.83
8815.78
8851.63
8560.93
9215.7
9059
9060.03
8816.64
9285.26
8957.02
8735.01
9211.08
8832.96
8775.33
8496.05
8832.54
8710.94
8804.62
8908.33
9068.54
9180.49
9162.06
9013.52
9745
9654.46
9868.67
9590.65
9293.78
9383.55
9546.97
9489.16
8984.06
9450.46
9232.03
9345.23
9585.16
9880.62
10117.5
10164
9922.59
9930.33
10488.8
10262.3
9732.92
9902.75
10178
10016.8
9883.32
10137.2
9962.92
10002.7
9803.61
9514.71
9247.54
9299.19
9127.35
8899.71
8893.9
9062.18
9016.51
8866.18
8623.5
9342
9310.39
9885.51
9961.2
9143.5
9321.29
9249.45
9737.27
9834.58
9996.38
9881.78
9901.52
9411.2
9053.4
9458.27
9030.56
9378.04
9768.17
9828.83
9639.62
9646.92
10194.7
10106.9
10009.7
10267
10609.8
10303.9
10966.5
10687.8
10183.9
10192.8
10032.9
9696.13
9362.24
9473.65
9425.04
9703.11
9241.35
9594.47
9459.03
9718
9865.1
10078.1
9976.17
10463.7
10579.7
10168.4
10029.8
9524.51
9718.94
9639.69
9488.05
9392.12
9586.67
9494.07
9671.37
9971.4
9684.04
9774.13
9873.43
10349.7
10693.3
10279.3
10538
10009.5
10476.4
10364.4
10272.9
10143.8
10271.6
9881.78
10048.5
9906.11
9991.61
9869.02
9535.88
9734.77
9428.16
9594.2
9039.63
9059.8
9563.82
9672.06
9696.57
9383.23
9390.81
9547.87
9549.8
9763.48
9676.86
9603.75
9597.57
9274.38
9052.03
9001.34
9200.14
9170.15
9063.24
8806.33
8983.52
9413.43
9016.49
8629.38
8782.99
9045.46
9296.57
8604.12
8829.86
8833.86
9018.52
9351.86
9382.82
8792.76
8784.85
8777.83
8463.36
8524.92
8437.95
8234.89
9095.38
8676.82
8400.7
8420.19
8655.64
9104.24
9254.45
9176.26
9027.72
9183.65
9211.61
9690.13
9969.41
9651.18
9822.28
9508.07
9148.79
8980.23
8760.7
8688.77
8370.4
8594.27
8395.78
8758.38
8908.85
9440.56
9229.87
9045.54
9039.25
8458.05
8856.16
8789.84
8457.78
8555.54
8435.6
8613.16
8864.17
8868.26
8703.34
8318.54
8555.29
8460.42
8425.74
8448.27
8517.41
8465.57
8092.52
8706.23
8272.24
8517.11
8827.45
8672.68
8432.85
8306.09
9130.44
8960.48
8792.9
8312.49
8757.11
8212.01
8591.62
8720.85
8900.1
9028.13
8972.68
9167.54
8742.61
9383.12
9421.9
9104.98
9215.46
9211.95
8980.53
8331.75
8354.47
8449.38
8143.15
8327.48
8073.68
7988.3
8064.83
8057.29
7885.09
8173.83
8196.25
8154.82
7876.02
7963.94
7763.33
8138.55
8359.77
8092.06
8168.88
8285.21
8278.91
7932.93
8149.51
8601.79
8373.22
8598.24
8551.32
8754.04
8895.04
8580.93
8799.86
8467.61
8432.33
8072.79
7737.43
7781.05
7718.4
7556.53
7477.75
7440.27
7320.17
7622.8
7566.73
7554.31
7240.04
7095.21
7241.95
7533.14
7756.24
7929.88
7727.13
8215.67
7993.65
8654.4
8549.47
8374.33
8082.26
8253.37
8610.36
8523.03
8163.3
8528.52
8391.43
8142.85
8146.93
8130.36
8136.59
8102.39
7839.09
8342.24
8502.03
8422.45
8091.34
8289.56
8562.26
8176.71
8395.39
8367.06
9138.84
9103.65
9055.17
8811.48
8755.16
8887.04
8628.12
8683.1
8634.17
8242.92
8697.23
8527.12
8299.74
8333.62
8664.15
8406.93
8942.96
8553.67
8285.63
8035.5
8070.75
8210.34
8026.16
8223.55
8106.53
8141.86
7776.29
8095.22
8833.36
8132.17
8157.97
8072.02
8168.05
8155.32
7689.14
8011.29
7935.99
7767.32
7611.13
7843.88
7423.18
7772.33
7634.78
7876.73
7974.46
8474.88
8228.98
8133.45
7983.24
7620.74
7260.63
7878.75
7919.65
7987.69
7974.18
8028.54
7827.09
7876.19
8072.06
8007.29
8370.45
8111.92
7839.49
7781.98
7995.52
7762.45
8184.61
8035.99
7840.84
7597.17
7634.71
7728.29
7836.94
7921.64
7735.9
8076.24
7657.35
7324.33
7269.28
7232.23
7498.81
7254.55
7194.13
7385.77
7112.91
7586.03
7572.53
7673.66
7210.61
7180.89
7467.82
7199.42
7426.39
7744.32
7054.02
7096.7
6879.03
6872.09
6975.59
6845.81
6969.85
7255.37
7650.88
7483.46
7235.2
7905.78
7814.86
7621.13
7659.4
7473.42
7338.16
7434.45
7625.01
7735.81
7421.06
7311.03
7211.34
7447.45
7581.34
7029.59
7502.04
7179.07
7003.62
7026.08
7122.78
7047.51
7468.06
7224.55
7319.18
7238.78
6960.68
6879.27
6706.85
6803.83
7060.48
7306.31
7325.95
7322.15
7592.99
7703.7
7161.22
7047.65
7248.19
7086.91
6904.01
6947.38
7188.25
7354.71
7293.21
7197.68
7444.7
7576.75
7675.57
7469.68
7466.82
7637.38
7963.09
7775.65
7950.28
8173.26
8029.74
7505.52
7150.44
7381.79
7335.58
7320.73
7307.79
7244.94
7335.88
7220.96
7287.33
7283.87
7718.85
7839.73
8189.99
7780.89
8001.77
7752.31
7649.49
7596.54
7665.37
7577.18
7594.44
7937.31
7834.45
7671.6
7596.02
7543.54
7588.26
7502.48
7551.51
7601.11
7617.38
7517.9
7660.46
7944.51
7774.13
7807.33
7504.36
7612.68
8015.73
7856.12
7796.33
7550.93
7777.8
8055.66
8223.64
8069.5
8260.92
8029.82
7878.02
8018.23
8068.26
8092.2
7957.54
7644.64
7490.16
7747.27
7607.45
7774.36
7880.47
7600.18
7597.37
7582.79
7724.04
7774.13
7578.25
7757.64
7529.7
7325.8
7400.14
7481.53
7384.79
7927.52
8046.52
7934.08
8158.24
7994.37
7794.08
7955.54
7168.87
7259.32
7845.02
8031.41
7474.32
7854.84
7649.85
7962.99
8093.97
7849.34
7968.32
8160.17
7957.97
7884.12
7656.87
7734.04
7563.23
7660.24
7692.65
7530.73
7484.56
7699.84
7559.39
7548.4
7577.58
7494.63
7682.69
7941.69
7879.61
8112.81
7571.93
8182.04
8207.37
8154.79
7998.51
7976.7
7701.76
7556.7
7767.28
8090.65
8065.28
8400.1
8487.67
8564.91
8127.69
8117.89
8320.06
8232.72
8057.31
8054.76
8158.87
7904.44
8064.06
7861.29
7828.52
7440.84
7737.75
7495.54
7043.49
6976.67
7091.24
7027.66
6729.69
6644.99
6740.54
6705.01
7070.42
7102.48
6954.46
7118.23
7072.87
6961.53
7047.73
6955.92
7058.65
6960.7
7314.64
7515.42
7218.92
7078.53
6829.32
6901.92
6992.1
6955.74
7131.98
7166.78
7087.55
7128.81
6739.65
6854.41
6786.29
6700.52
6783.52
6805.45
6359.03
6486.04
6621.91
6713.58
6563.95
6529.77
6423.72
6330.49
6544.45
6553.96
6261.17
6226.97
6519.3
6336.81
6379.07
6631.66
6811.13
6719.49
6598.42
6439.92
6277.92
6283.49
6252.35
6361.68
6337.55
6327.45
6461.26
6343.27
6345.9
6041.11
6074.15
6155.19
6586.63
6531.86
6688.49
6585.38
6514.03
6328.39
6272.42
6398.79
6377.71
6176.94
6467.13
6269.69
6077.22
6381.23
6521.92
6381.86
6498.16
6449.59
6241.39
6286.65
6398.7
6628.27
6540.6
6223.36
6443.24
6041.76
5984.73
5945.48
5970.05
6027.38
6065.99
6184.93
6049.48
6177.24
6245.46
6360.86
6392.54
6379.53
6468.54
6342.92
6389.9
6210.4
6289.16
6323.31
6180.75
6309.77
6068.82
6067.71
5956.26
6036.87
5955.65
5989.16
6153.22
6357.28
6224.93
6202.73
6004.72
5988.71
5983.05
6217.85
6265.99
6169.71
6257.09
6053.55
6051.73
6358.26
6559.17
6209.43
6419.77
6139.58
6332.3
6369.26
6520.7
6328.13
6151.2
6175.23
6024.84
6019.68
5763.39
5686.93
5622.24
5694.91
5968.86
6173.37
6259.46
6519.31
5952.14
5945.83
6112.84
6006.47
5793.61
5731.07
5835.15
6127.24
6269.48
6169.84
6150.47
5991.98
6017.93
5904.04
5627.71
6128.5
6139.69
6189.83
6204.78
6363.99
6187.69
5799.02
5936.09
6191.07
6171.75
6144.85
6091.39
6412.54
6581.96
6379.29
6096
6334.1
6418.69
6563.57
6107.11
5908.45
6035.55
6164.46
6009.26
6258.87
6339.85
6148.22
6044.31
6012.15
6045.19
6002.69
6223.04
5949.28
6109.72
6346
6170.47
5994.82
5859.26
6098.14
5986.32
6065.61
6227.05
6238.53
6117.83
6322.03
6391.11
6176.98
6195.82
6602.08
6636.22
6396.75
6144.32
6484.93
6381.66
6216.78
5882.39
5763.71
5651.06
5760.83
5756.88
5659
5724.34
5665.73
5540.55
5841.38
5863.26
5669.94
5904.33
5934.57
6383.92
6193.34
6110
6136.52
5984.4
5937.51
6092.9
5746.44
5636.13
5488.99
5594.91
5460.82
5743.61
5844.14
6138.71
5891.3
5795.61
5742.17
5984.34
5923.21
5916.15
5933.01
5922.13
6014.69
6025.36
5840.6
5828.63
5871.78
6254.75
6241
6084.04
6209.18
6048.95
6163.08
6133.99
6216.11
6258.99
6083.88
5846.62
5784.88
5700.63
5830.39
5899.47
5857.7
5799.6
5814.41
5947.35
5777.99
5778.08
5757.5
5760.18
5700.29
5890.92
5749.16
5922.04
5812.77
5665.27
5662.54
5515.92
5704.97
5359.97
5441
5677.61
6080.27
6202.28
6195.43
6156.09
6189.53
5955.28
5985.82
5876.69
5851.16
5752.34
5859.85
5832.69
5917.84
5862.76
5877.11
5678.07
5663.86
5706.13
5733.4
5581.46
5292.78
5425.06
5365.41
5461.94
5408.6
5427.06
5323.63
5187.29
5220.06
5323.77
5355.14
5427.49
5469.01
5347.75
5441.6
5544.37
5589.98
5340.73
5346.04
5458.39
5622.71
5650.57
5601.35
5649.6
5655.75
5607.88
5685.55
5728.91
5691.22
5643.67
5683.8
5934.7
5791.98
5631.06
5547.9
5489.51
5584.43
5697.7
5622.7
5685.74
5554.57
5546.81
5593.65
5557.2
5820.58
5716.73
5699.48
5971.39
6110.51
6082.5
6030.26
5909.47
6011.56
6097.97
5687.41
5817.17
5907.63
5972.46
5826.35
6015.9
5855.41
6140.98
6147.24
6099.58
6176.03
5833.28
5642.1
5501.03
5466.48
5502.85
5390.75
5545.38
5698.48
5823.5
6108.41
6243.19
6081.26
5987.23
5652.45
5774.42
5813.76
5667.4
5996.36
5901.04
5839.61
5751.25
5702.33
5557.75
5588.03
5498.07
5571.78
5334.21
5492.77
5667.47
5494.39
5378.2
5518.43
5461.15
5428.39
5321.87
5523.48
5393.11
5523.08
5264.35
5160.35
5394.13
5258.33
5524
5621.33
5484.42
5380.53
5306.69
5479.01
5258.08
5289.01
5280.55
5191.68
5192.3
5010.81
5094.45
5173.98
5210.95
5264.17
5150.85
5152.79
5122.13
5276.85
5269.03
5284.14
5263.15
5252.44
5222.21
5183.89
5222.98
5246.48
5329.15
5491.32
5454.45
5538.5
5585.86
5621.42
5377.41
5471.93
5508.66
5309.01
5254.67
5349.45
5554.31
5308.94
5299.59
5080.52
5125.47
5180.79
5263.43
5369.8
5321.17
5118.93
5182.64
5097.24
5014.23
5188.33
5408.18
5400.52
5312.83
5353.4
5262.59
5355.63
5331.02
5194.44
5128.53
5293.57
5215.23
5050.78
5252.03
5264
5106.8
5075.9
5347.82
5383.17
5521.42
5601.72
5517.83
5735.94
5697.48
5636.44
5675.08
5647.57
5637.81
5685.67
5760.55
5592.85
5576.4
5571.48
5774.39
5879.79
5616.94
5578.44
5693.54
5473.77
5478.09
5582.18
5550.11
5351.87
5358.9
5364.06
5596.83
5425.22
5366.92
5553.58
5720.86
5656.3
5593.2
5414.9
5332.99
5333.26
5324.39
5415.21
5454.35
5347.73
5513.55
5717.1
5544.21
5251.41
5378.65
5366.29
5326.67
5275.47
5456.68
5355.62
5321.86
5572.6
5849
5779.54
5703.88
5780.62
5867.79
5795.26
5647.26
5703.55
5583.46
5397.1
5516.22
5330.32
5670.88
5747.09
5805.72
5653.78
5573.12
5426.5
5547.13
5458.13
5575.01
5409.02
5385.38
5327.59
5338.58
5435.72
5494.23
5379.81
5313.6
5386.49
5563.68
5424.9
5516.1
5350.38
5191.06
5103
5326.53
5384.19
5448.18
5349.47
5447.84
5571.11
5644.57
5730.05
5539.96
5407.67
5309.65
5359.52
5171.59
5254.51
5263.36
5319.11
5153.16
5010.32
5006.37
5078.92
5041.3
5150.32
5197.35
5147.38
5056.88
5189.31
5131.35
5180.92
5116.59
5035.28
5175.11
5276.09
5302.81
5341.8
5355.58
5452.07
5453.23
5299.65
5358.25
5246.71
5202.33
5316.32
5189.24
5342.86
5394.65
5346.66
5187.11
5095.5
5259.76
5249.42
5211.36
5317.88
5286.34
5420.1
5477.57
5427.34
5336.26
5270.6
5242.63
5321.14
5394.73
5362.73
5528.96
5251.99
5172.84
5287.39
5391.32
5367.96
5267.7
5344.97
5328
5416.56
5268.27
5103.56
5249.22
5276
5303.87
5238.31
5306.46
5320.76
5343.47
5426.98
5570.72
5549.29
5514.69
5326.5
5308.4
5269.3
5091.75
5110.66
5175.97
4891.08
4948.48
4859.1
4963.63
4949.61
4723.63
4692.88
4793.05
4963.76
4949.92
4959.31
4881.66
4977.86
5132.12
5200.95
5130.72
5064.96
5094.12
4948.82
4849
4858.04
4656.78
4650.89
4755.73
4740.09
4822.8
4786.66
4951.82
5089.42
5117.84
5047.88
4903.7
4898.67
4857.65
5001.73
4772.43
4818.85
4885.44
4960.37
5041.93
5092.17
5104.57
5111.94
5076.58
5035.83
4904.03
4842.07
4801.58
4753.65
4773.97
4776.6
4834.4
4834.96
4955.62
5031.07
5012.86
4932.62
4982.48
5020.9
4860.81
4975.99
4968.24
4781.87
4898.6
4841.62
4864.93
4666.15
4730.41
4886.17
4721.64
4726.51
4671.62
4708.18
4796.26
4814.02
4734.36
4754.54
4703.72
4673.37
4792.85
4796.6
4737.49
4710.72
4696.27
4676.16
4655.58
4722.87
4654.62
4527.23
4439.03
4490.74
4626.03
4594.56
4514.9
4553.48
4492.04
4459.62
4494.59
4456.17
4410.89
4532.36
4446.36
4546.24
4661.22
4620.09
4460.9
4490.36
4615.59
4693.08
4533.7
4602.06
4670.68
4537.88
4434.73
4458.53
4562.84
4495.81
4453.91
4425.9
4538.22
4430.64
4469.95
4360.25
4415.15
4482.65
4642.5
4596.78
4508.12
4513.46
4534.64
4484.14
4586.79
4583.77
4610.27
4677.99
4661.87
4592.28
4513.3
4619.93
4539.65
4471.88
4499.26
4510.88
4645.61
4725.15
4604.6
4638.11
4599.04
4584.79
4519.23
4504.4
4595.93
4530.54
4390.71
4381.68
4380.21
4370.16
4260.35
4358.5
4330.07
4435.87
4517.34
4506.81
4424.84
4452.19
4459.51
4443.08
4542.15
4679.67
4601.45
4604.26
4611.96
4488.31
4417.78
4507.34
4563.27
4682.47
4600.97
4567.55
4531.02
4415.3
4427.11
4429.44
4405.63
4440.13
4489.41
4554.49
4529.83
4504.66
4441.07
4482.14
4509.22
4502.12
4634.58
4641.48
4575.22
4520.39
4349.12
4323.72
4469.2
4437.87
4388.08
4449.84
4485.79
4361.26
4349.45
4429.19
4330.87
4332.95
4436.79
4446.05
4400.12
4416.78
4399.41
4359.45
4411.73
4375.45
4402.01
4366.82
4413.09
4429.06
4468.05
4385.85
4308.77
4366.8
4440.98
4408.54
4402.19
4470.82
4562.42
4518.24
4509.97
4406.78
4420.99
4327.32
4280.12
4363.63
4426.87
4369.91
4369.4
4362.38
4334.7
4392.4
4417.98
4378.1
4486.93
4553.63
4536.87
4527.42
4501.12
4478.51
4615.53
4601.46
4674.64
4577.63
4567.97
4536.15
4510.52
4512.37
4571.59
4675.52
4649.62
4744.56
4684.6
4685.83
4656.13
4566.34
4582.91
4663.43
4624.18
4616.82
4500.39
4464.38
4474.06
4457.76
4465.16
4439.96
4485.15
4517.09
4505.04
4436.09
4491.8
4566.16
4553.6
4547.32
4509.21
4530.76
4616
4463.11
4333.78
4363.44
4401.06
4423.96
4392.6
4386.12
4397.9
4388.52
4495.32
4379.97
4452.85
4519.99
4565.71
4500.96
4545.5
4520.01
4445.43
4422.1
4362.64
4393.67
4446.14
4403.59
4337.19
4416.84
4415.42
4438.43
4522.37
4390.05
4403.32
4276.75
4266.62
4251.79
4329
4245.47
4358.49
4352.73
4369.81
4369.09
4223.64
4349.57
4310.43
4264.21
4348.84
4375.17
4368.58
4330.1
4325.06
4202.69
4315.27
4303.46
4216.47
4319.6
4248.35
4343.84
4286.8
4337.03
4353.18
4334.38
4347.12
4285.1
4306.43
4363.94
4270.98
4289.76
4246.7
4282.79
4275.18
4339.83
4377.59
4294.84
4263.73
4268.32
4352.62
4364.01
4408.5
4375.47
4227.63
4277.7
4336.48
4379.47
4362.5
4430
4399.82
4332.73
4416.95
4430.59
4375.48
4313.22
4293.95
4310.01
4293.87
4312.05
4313.57
4280.26
4338.03
4248.45
4187.33
4195.72
4176.44
4183.31
4161.55
4156.32
4148.41
4237.93
4179.22
4169.07
4133.71
4184.26
4191.42
4202.28
4282.14
4235.48
4227.5
4244.48
4240.02
4248.82
4171.25
4185.44
4070.84
4169.05
4170.99
4195.52
4202.32
4130.38
4088.95
4135.35
4199.13
4213.46
4207.45
4165.94
4132.34
4158.49
4112.5
4068.1
4071.35
4072.3
4164.13
4186.32
4074.95
4097.51
4057.85
4048.44
4070.22
4019.51
4103.81
4097.16
4151.82
4156.33
4204.5
4231.01
4270.69
4255.05
4171.59
4181.62
4166.68
4217.98
4119.3
4053.14
4097.11
4086.2
3982.9
4119.26
4072.23
4090.98
4127.26
4143.41
4180.26
4204.73
4161.01
4184.52
4105.66
4058.99
4107.23
4064.05
4054.82
4125.03
4076.02
4109.32
4043.69
4103.41
3982.23
3951.18
3968.22
3955.91
4024.86
4020.65
3976.93
3984.07
3980.24
3997.41
3971.92
4016.85
4018.09
3932.83
3977.54
3905.06
3895.12
3883.57
3906.76
3949.51
3947.06
3887.99
3922.53
4006.01
3949.17
3927.04
3922.49
3976.96
4057.38
4073.67
4010.86
3954.03
4008.47
3985.35
3983.41
4026.03
4025.21
4043.47
4050.49
4050.95
4089.6
4116.1
4084.36
4035.01
4066.79
4094.77
4041.58
4013.68
3991.57
4001.77
3954.05
3953.46
3970
3974.28
4003.76
4001.91
4040.15
4021.18
4076.11
4067.92
4112.21
4101.93
4095.39
4100.76
4020.49
4042.24
4031.93
4054.76
3971.14
3963.81
3975.26
3947.83
3961.32
4010.32
3990.75
4022.61
4019.23
4013.61
3935.99
3925.82
3839.75
3884.28
3873.3
3854.89
3849.58
3857.99
3845.56
3873.53
3863.19
3865.9
3956.75
3988.7
3986.99
4013.28
4003.07
4029.35
4004.47
4018.31
4012.37
3970.22
3962.7
4045.1
4035.83
3995.21
3989.69
4007.91
4065
4081.35
4081.14
4146
4124.09
4107.29
4150.38
4196.51
4168.87
4145.8
4142.15
4192.85
4150.63
4157.45
4122.35
4151.3
4144.39
4062.82
4071.68
4081.74
3972.35
3971.63
4008.52
4054.37
4086.53
4109.12
4119.27
4082.41
4053.75
3988.97
3942.52
3929.31
3920.93
3946.63
3938.59
3908.55
3939.97
3996.61
3998.52
3938.57
3930.77
3933.32
4016.81
3967.29
3877.76
3874.18
3914.43
3978.54
3946.08
3927.49
3893.02
3954.38
3892.37
3887.93
3920.17
3947.96
3916.21
3885.86
3886.29
3904.45
3827.13
3807.33
3861.58
3877.84
3956.33
3922.18
3895.16
3914.53
3888.48
3937.38
3886.03
3834.06
3794.49
3793.87
3798.95
3769.38
3781.01
3764.77
3836.37
3870.6
3866.47
3828.1
3838.35
3786.8
3772.23
3802.93
3762.25
3749.15
3789.15
3816.09
3854.36
3844.16
3846.1
3839.46
3856.36
3842.02
3814.99
3837.65
3868.07
3873.74
3870.73
3864.54
3852.31
3844.21
3849.92
3860.2
3826.02
3828.92
3835.65
3831.64
3790.21
3811.2
3847.27
3870.63
3879.41
3847.03
3833.67
3828.11
3860.79
3868.49
3944.1
3936.16
3925.7
3941.43
3872.05
3875.3
3834.31
3845.11
3859.27
3814.9
3846.19
3791.61
3773.58
3757.27
3735.06
3727.98
3774.64
3828.17
3887.71
3755.07
3806.53
3767.37
3740.66
3748.65
3733.09
3704.29
3708.46
3735.7
3764.73
3790.8
3758.92
3757.41
3768.5
3743.08
3751.28
3752.12
3744.64
3776.25
3786.61
3794.7
3750.98
3763.24
3774.4
3725.15
3773.57
3755.61
3711.08
3734.09
3717.5
3712.79
3692.89
3710.91
3733.86
3669.88
3664.09
3679.31
3698.1
3716.43
3746.75
3705.36
3729.06
3738
3685.15
3675.76
3675.84
3638.48
3619.24
3634.33
3607.17
3620.6
3597.72
3663.89
3713.61
3714.68
3723.69
3712.8
3689.1
3711.07
3730.23
3680.93
3627.51
3681
3758.08
3727.49
3723.69
3705.39
3721.97
3737.64
3716.33
3706.75
3725.27
3765.65
3726.25
3696.61
3662.15
3648.31
3636.07
3698.86
3699.71
3680.7
3662.3
3669.71
3648.98
3668.38
3681.83
3590.37
3594.2
3621.97
3670.19
3655.92
3722.07
3648.63
3611.18
3627.87
3620.91
3641.35
3659.39
3615.83
3590.44
3626.53
3618.93
3636.81
3672.74
3665.41
3702.28
3699.46
3649.32
3617.42
3599.39
3631.54
3618.51
3614.31
3620.02
3626.49
3655.98
3669.33
3590.14
3595.33
3697.1
3627.03
3625.72
3618.25
3620.19
3633.79
3700.76
3667.4
3703.84
3618.95
3593.6
3609.39
3621.36
3660.14
3585.58
3634.47
3608.33
3568.61
3617.44
3616.26
3607.36
3633.33
3616.59
3600
3623.97
3601.41
3575.74
3558.86
3574.79
3592.04
3567.12
3563.99
3542.32
3538.12
3564.09
3554.89
3571.84
3570.22
3570.16
3604.65
3593.25
3573.33
3581.05
3601.34
3571.52
3581.19
3570.22
3614.47
3573.24
3599.32
3618.58
3607.05
3596.95
3601.74
3548.61
3545.93
3542.16
3524.4
3534.55
3565.97
3545.27
3533.22
3539.26
3520.32
3527.4
3534.83
3531.33
3556.71
3560.92
3590.76
3570.96
3579.7
3631.32
3656.12
3629.23
3611.1
3624.02
3634.13
3628.1
3651.86
3654.58
3618.82
3597.83
3574.59
3581.94
3605.88
3613.11
3610.36
3623.43
3634.21
3590.13
3626.74
3629.63
3612.32
3640.43
3646.45
3663.16
3651.56
3660.66
3622.51
3616.89
3567.22
3552.34
3558.45
3534.24
3591.58
3573.21
3586.65
3622.44
3644.8
3618.68
3635.6
3614.16
3597.95
3571.59
3587.2
3560.24
3556.47
3569.22
3566.02
3567.93
3572.91
3547.23
3529.47
3543.87
3620.97
3626.4
3654.06
3606.6
3599.95
3590.71
3556.25
3590.8
3582.68
3578.63
3555.7
3545.15
3518.76
3533.9
3515.6
3474.43
3503.05
3496.03
3481.26
3436.86
3445.93
3460.06
3474.02
3432.71
3422.19
3408.21
3430.61
3411.17
3431.94
3447.34
3473.55
3489.83
3483.1
3459.64
3448.33
3444.79
3479.72
3444
3420.51
3431.76
3451.84
3434.24
3408.23
3421.88
3390.67
3357.94
3375.93
3377.48
3353.21
3383.05
3426.36
3418.38
3384.27
3405.71
3382.51
3410.41
3386.27
3379.95
3375.2
3392.98
3397.34
3392.58
3382.15
3411.16
3414.72
3436.17
3394.09
3373.53
3418.53
3408.08
3412.39
3424.83
3432.34
3435.53
3410.81
3415.38
3400.5
3407.08
3396.29
3390.87
3384.48
3390.96
3408.56
3445.19
3451.63
3425.38
3434.43
3420.96
3416.18
3421.51
3415.61
3405.81
3375.1
3359.01
3347.95
3348.3
3341.69
3356.53
3327.94
3325.02
3317.7
3346.82
3324.6
3359.22
3335.58
3334.4
3341.28
3345.26
3360.64
3350.41
3373.23
3387.36
3401.97
3366.04
3377.29
3392.02
3382.61
3373.63
3357.98
3371.37
3421.71
3396.01
3382.34
3390.54
3341.03
3330.1
3347.98
3308.07
3290.21
3295.09
3312.59
3330.57
3322.05
3341.3
3352.27
3335.08
3342.36
3362.75
3365.3
3402.59
3393.47
3389.01
3365.61
3342.92
3347.43
3344.4
3349.27
3339.99
3338.69
3331.89
3330.87
3363.34
3347.49
3354.33
3352.71
3362.81
3368.79
3358.73
3341.75
3330.48
3313.51
3280.43
3281.79
3288.34
3296.68
3292.74
3305.81
3292.84
3267.87
3270.07
3281.05
3281.95
3295.66
3285.78
3268.99
3245.12
3250.82
3288.1
3265.48
3245.77
3237.05
3236.71
3239.73
3257.83
3249.95
3238.12
3253.77
3255.53
3264.28
3234.98
3219.75
3224.39
3227.96
3223.69
3240.34
3242.7
3238.35
3258.67
3271.47
3268.82
3252.9
3254.08
3262.21
3273.81
3292.45
3265.83
3249.71
3213.37
3215.46
3235.19
3220.8
3231.48
3213.06
3222.48
3221.35
3233.96
3238.3
3241.51
3273.54
3281.35
3260.07
3230
3221.01
3214.47
3234.82
3240.62
3267.53
3255.13
3261
3276.21
3261.01
3268.87
3294.11
3246.5
3215.32
3236.01
3236.87
3238.25
3218.59
3245.8
3257.86
3259.52
3248.28
3245.62
3246.04
3249.45
3248.62
3253.88
3274.38
3273.66
3247.16
3262.32
3272.9
3278.45
3273.68
3257.64
3256.21
3246.61
3252.67
3269.77
3287.13
3275.29
3249.49
3238.05
3234.22
3238.09
3235.19
3233.78
3243.33
3257.49
3230.21
3225.86
3211.2
3218.6
3208.75
3190.14
3193.48
3209.82
3192.08
3202.21
3200.09
3207.33
3220.61
3216.24
3234.41
3243.11
3212.8
3193.01
3170.4
3168.12
3192.2
3175.7
3166.05
3174.01
3151.78
3153.66
3154.08
3144.73
3140.66
3154.28
3156.95
3189.79
3195.05
3190.46
3185.17
3188.91
3186.17
3194.58
3172.67
3167.91
3172.73
3191.92
3177.71
3177.53
3188.65
3182.79
3176.76
3177.21
3175.81
3164.68
3160.76
3169.26
3164.07
3165.88
3158.03
3155.36
3149.96
3162.61
3148.73
3157.5
3165.17
3138.25
3150.28
3152.32
3134.79
3138.1
3136.78
3141.77
3165.17
3162.85
3177.64
3141
3142.83
3157.49
3143.36
3135.84
3151.18
3144.61
3153.34
3139.53
3120.84
3126.75
3120.17
3119.73
3127.59
3129.86
3141.83
3141.87
3128.3
3139.79
3127.88
3115.08
3097.83
3086.88
3096.08
3094.89
3110.79
3111.96
3099.87
3106.16
3096.87
3098.49
3097.64
3090.19
3108.13
3082.78
3094.56
3097.16
3072.92
3079.83
3100.47
3091.25
3089.15
3100.36
3097.03
3106.37
3120.93
3108.19
3115.03
3103.52
3089
3103.52
3103.64
3119.07
3110.81
3117.92
3111.68
3103.65
3109.35
3143.27
3137.88
3142.63
3152.17
3151.61
3139.76
3128.31
3124.9
3124.68
3122.96
3129.48
3118.7
3127.12
3117.8
3115.1
3121.75
3100.92
3091.66
3094.84
3097.76
3104.39
3091.01
3108.44
3106.98
3118.5
3104.96
3099.8
3095.27
3094.06
3099.68
3097.74
3071.51
3074.71
3085.42
3082.68
3095.57
3114.61
3128.7
3123.01
3125.29
3116.03
3103.1
3109.84
3123.38
3141.72
3137.35
3119.92
3122.84
3107.45
3110.64
3110.32
3109.02
3096.8
3089.53
3092.67
3104.76
3097.76
3089.83
3101.61
3097.56
3100.49
3112.9
3109.34
3098.83
3109.58
3097.93
3084.26
3088
3086.68
3092.59
3095.28
3086.95
3112.56
3103.88
3109.41
3101.51
3099.74
3098.18
3085.61
3081
3091.08
3077.39
3110.05
3097.67
3103.83
3109.06
3099.4
3095.15
3096.29
3085.4
3090.96
3087.47
3076.59
3076.42
3077.63
3068.66
3060.67
3067.38
3074.99
3066.21
3078.04
3081.13
3059.7
3048.53
3047.79
3052.83
3042.04
3058.12
3066.1
3058.72
3047.69
3059.77
3042.32
3040.76
3048.38
3071.13
3081.85
3089.19
3076.5
3074.64
3074.56
3068.21
3065.19
3072.65
3077.71
3088.17
3074.99
3070.74
3074.05
3064.32
3065.21
3067.54
3075.98
3068.36
3063.78
3069.88
3073.09
3052.13
3048.55
3044.34
3024.34
3034.58
3055.54
3054.51
3066.79
3065.01
3056.92
3056.28
3059.29
3050.42
3052.86
3041.24
3044.27
3042.55
3045.91
3045.26
3039.83
3038.08
3040.67
3032.31
3033.34
3046.6
3024.67
3036.04
3026.41
3032.43
3021.54
3023.04
3025.66
3023.9
3025.79
3016.9
3014.35
3023.66
3018.7
3017.93
3017.02
3018.32
3018.75
3011.18
3011.67
3004.31
3010.67
3017.1
3025.59
3015.24
3009.23
3011.68
3010.7
3005.87
3006.01
3008.97
3011.74
3015.27
3011.02
3018.2
3013.8
3002.94
3011.91
3014.77
3016.64
3012.12
3014.05
3023.17
3025.41
3017.76
3021.29
3022.41
3019.95
3025.87
3014.93
3006.81
3015.3
3012.68
3003.67
3001.17
3008.5
3001.99
2996.42
3001.99
3005.59
3004.39
3002.81
3012.57
3013.71
3009.56
3001.73
3002.04
3008.17
3008.57
3001.79
3001.29
3003.71
3008.56
3001.08
3010.47
3019.53
3024.77
3018.04
3015.97
3013.78
3013.8
3011.28
2997.58
3013.55
3012.62
3006.4
2982.37
2991.01
2985.46
2979.53
2975.99
2968.57
2966.58
2971.38
2971.93
2963.2
2969.17
2974.91
2985.25
2978.91
2978.22
2980.41
2984.83
2976.37
2967.26
2966.67
2965.9
2965.37
2964.42
2963.66
2960.15
2951.97
2951.53
2956.84
2944.84
2946.98
2958.69
2945.02
2945.63
2938.12
2946.88
2938.26
2929.92
2924.17
2923.65
2924.19
2917.28
2917.85
2923.23
2929.23
2930.88
2930.06
2929.66
2934.54
2935.65
2935.9
2938.59
2944.41
2950.29
2952.72
2944.67
2933.89
2931.73
2932.94
2936.58
2926.79
2924.53
2923.34
2922.29
2914.9
2921.31
2915.25
2911.43
2902.77
2911.49
2910.18
2908.01
2906.12
2907.97
2909.87
2902.98
2915.21
2909.94
2902.18
2903.9
2906.55
2901.01
2899.81
2902.99
2902.98
2907.87
2902.68
2913.19
2909.51
2902.67
2895.02
2888.8
2891.09
2901.67
2898.68
2900.1
2900.87
2898.84
2895.67
2906.2
2898.43
2892.7
2900.39
2897.25
2898.8
2893.43
2896.09
2888.18
2875.96
2888.76
2889.73
2893.82
2894.84
2901.86
2902.89
2895.67
2893.56
2891.16
2886.86
2886.83
2896.41
2894.37
2895.92
2898.75
2887.95
2883.07
2880.31
2880.86
2873.38
2875.17
2871.53
2864.3
2868.08
2867.31
2871.82
2870.84
2864.95
2867.5
2865.85
2864.21
2858.58
2853.61
2852.77
2854.68
2854.65
2862.66
2865.25
2864.31
2870.78
2875.47
2869.9
2858.91
2854.91
2861.3
2865.89
2862.33
2869.6
2868.75
2867.29
2865.54
2858.83
2856.45
2855.38
2850.39
2843.12
2849.52
2854.87
2847.28
2848.1
2850.83
2849.36
2846.57
2847.17
2849.2
2849.95
2846.52
2842.96
2843.39
2841.34
2842.73
2829.08
2837.78
2830.34
2828.53
2831.6
2831.85
2833.73
2832.91
2828.21
2832.78
2837.84
2834.36
2834.23
2847.83
2845.42
2832.03
2830.74
2833.64
2834.72
2834.71
2839.46
2841.56
2842.83
2832.14
2835.07
2833.13
2834.4
2829.89
2836.98
2840.44
2833.67
2834.84
2827.8
2828.67
2828.16
2830.03
2833.42
2832.1
2835.23
2838.15
2836.6
2838.08
2833.31
2832.31
2834.23
2831.75
2834.19
2839.38
2837.86
2837.26
2839.78
2828.76
2822.6
2828.53
2829.58
2830.19
2827.23
2827.67
2828.36
2825.48
2825.16
2824.01
2826.99
2826.51
2832.25
2826.45
2819.14
2821.58
2818.41
2815.83
2814.85
2817.25
2819.03
2819.87
2821.83
2820.97
2813.5
2817.07
2818.83
2820.36
2826.11
2823.31
2824.52
2828.57
2816.96
2812.95
2812.29
2814.58
2813.74
2809.11
2804.18
2807.4
2802
2796.32
2794.29
2799.39
2806.26
2799.23
2800.09
2801.96
2806.61
2802.19
2814.2
2806.95
2807.48
2804.04
2806.83
2807.97
2805.89
2801.66
2799.2
2791.1
2795.01
2799.95
2801.38
2800.92
2796.9
2792.66
2796.24
2793.76
2794.32
2796.15
2796.79
2802.35
2801
2795.74
2793.23
2787.34
2789.51
2784.5
2783.62
2777.65
2777.9
2770.12
2774.45
2775.52
2772.93
2770.22
2771
2770.75
2769.69
2764.7
2765.38
2768.93
2767.79
2772.12
2770.13
2771.14
2773.6
2775.32
2771.74
2771.56
2766.78
2765.2
2760.72
2763.15
2766.54
2767.04
2770.29
2770.2
2771.66
2774.29
2773.58
2771.76
2773.54
2779.04
2776.64
2768.27
2766.98
2764.71
2762.68
2764.71
2763.21
2768.91
2771.43
2769.24
2768.54
2764.92
2762.23
2763.79
2762.53
2765.16
2767.81
2770.33
2765.98
2759.31
2760.56
2760.92
2761.76
2756.41
2752.77
2753.25
2749.54
2753.68
2756.19
2759.1
2758.14
2757.01
2755.43
2753.15
2753.74
2752.58
2749.59
2744.9
2747.68
2752.64
2752.57
2754.68
2754.42
2753.76
2748.85
2750.2
2754.38
2755.61
2747.35
2744.51
2743.19
2742.81
2747.65
2746.65
2745.39
2742
2742.7
2742.14
2742.67
2742.36
2741.73
2744.38
2747.23
2740.4
2744.9
2742.96
2744.91
2740.63
2739.97
2738.09
2738.15
2740.2
2741.76
2740.24
2737.14
2737.87
2743
2743.5
2741.96
2738.61
2740.85
2738.16
2738.7
2735.78
2736.33
2736.16
2730.86
2729.47
2729.75
2734.1
2732.96
2733.9
2736.4
2733.41
2728.6
2729.74
2726.49
2724.72
2727.37
2726.42
2726.52
2724.14
2725.14
2724.95
2726.48
2724.66
2727.08
2727.76
2725.83
2722.54
2720.97
2719.1
2717.1
2719.58
2718.66
2722.25
2721.13
2719.02
2718.64
2714.42
2712.62
2712.99
2711.7
2715.93
2716.79
2719.44
2718.52
2718.57
2715.18
2711.01
2712.48
2711.61
2711.27
2713.81
2712.03
2710.7
2707.78
2711.18
2711.97
2711.44
2711.02
2709.54
2710.23
2710.83
2707.67
2705.44
2706.51
2704.64
2704.95
2707.23
2711.15
2706.57
2708.01
2707.16
2705.26
2708.99
2707.94
2710.09
2709.78
2705.2
2706.78
2705.19
2701.98
2703.85
2703.03
2705.25
2707.3
2705.62
2705.04
2706.33
2706.37
2705.5
2702.96
2700.6
2698.87
2694.74
2695.11
2693.4
2694.76
2694.99
2697.04
2698.29
2702.05
2700.34
2699.99
2698.92
2699.31
2700.41
2696.59
2697.07
2695.09
2693.76
2691.19
2690.25
2689.79
2688.28
2686.2
2687.3
2689.6
2689.13
2689.29
2690.91
2690.1
2689.49
2689.26
2688.16
2684.26
2686.9
2687.41
2688.75
2688.07
2686.81
2682.92
2682.73
2684.95
2684.03
2686.16
2687.98
2686.33
2689.48
2689.64
2690.05
2692.67
2692.89
2695.67
2694.5
2696.62
2691.87
2692.4
2692.13
2691.74
2696.86
2693.49
2694.86
2691.21
2690.82
2689.95
2687.81
2686.94
2684.73
2684.88
2687.44
2687.82
2688.41
2689.45
2690.33
2692.84
2693.42
2690.98
2687.79
2685.96
2683.15
2683.31
2683.18
2683.6
2686.2
2686.49
2685.6
2683.79
2688
2688.17
2686.28
2686.77
2689.45
2687.22
2688.44
2686.57
2686.89
2686.95
2686.65
2687.53
2686.72
2682.98
2683.37
2682.09
2681.3
2679.34
2677.98
2676.82
2680.18
2681.69
2682.08
2681.65
2683.73
2683.54
2682.73
2683.47
2676.84
2679.33
2678.34
2679.22
2679.06
2675.86
2674.13
2672.71
2671.82
2670.93
2667.28
2667.46
2669.23
2668.68
2666.13
2665.63
2666.93
2667.58
2664.34
2664.51
2668.54
2668.16
2668.1
2668.48
2667.52
2665.81
2664.29
2661.35
2661.02
2660.09
2663.44
2660.47
2661.42
2661.04
2662.66
2660.04
2663.15
2661.14
2661.09
2662.4
2662.85
2660.69
2661.36
2657.7
2659.77
2660.87
2662.56
2663.59
2664.14
2662.53
2661.3
2659.49
2659.33
2660.63
2658.97
2659.61
2660.05
2659.36
2659.04
2659.81
2659.66
2657.49
2656.7
2657.2
2654.1
2655.52
2653.01
2652.69
2653.75
2653.84
2657.55
2656.77
2659.95
2655.83
2654.56
2654.11
2656.1
2657.32
2656.75
2656.36
2656.99
2656.36
2655.67
2657.61
2660.11
2660.73
2659.74
2656.21
2657.7
2657.48
2655.59
2654.87
2654.32
2652.87
2653.5
2653.5
2656.45
2656.21
2657.32
2657.56
2655.26
2654.59
2653.43
2653.65
2655.28
2656
2656.43
2657.2
2655.16
2653.84
2653.09
2653.34
2652.76
2653.35
2654.73
2655.62
2655.72
2655.12
2655.45
2653.68
2653.7
2651.39
2650.4
2649.97
2648.61
2648.62
2648.13
2649.08
2648.44
2648.44
2648.24
2648.75
2649.45
2651.91
2651.99
2653.2
2652.6
2651.92
2653.89
2653.96
2653.9
2653.93
2652.02
2652.43
2651.97
2654.55
2653.87
2651.9
2650.68
2650.83
2649.86
2650.08
2650.47
2651.74
2652.24
2651.49
2650.81
2650.38
2649.35
2650.59
2652.58
2654.91
2655.91
2654.95
2652.57
2653.15
2649.87
2650.58
2651.15
2649.02
2647.84
2648.55
2648.61
2648.32
2646.26
2647.05
2647.22
2651.51
2651.53
2650.3
2650.16
2647.86
2645.56
2646.59
2645.56
2642.73
2643.78
2642.49
2642.19
2641.95
2643.99
2643.25
2643.91
2645.61
2644.72
2643.62
2644.99
2643.88
2645.81
2644.83
2646.22
2646.81
2648.4
2648
2647.71
2646.44
2647.32
2646.39
2647.97
2648.41
2645.64
2645.97
2644.22
2644.3
2644.42
2644.09
2644.29
2644.77
2643.08
2643.55
2645.68
2645.43
2644.6
2646.98
2646.29
2645.9
2645.78
2646.27
2646.75
2646.99
2645.21
2646.64
2645.82
2646.57
2646.54
2645.79
2643.9
2643.35
2640.9
2642.21
2642.18
2643.03
2641.29
2642.23
2642.17
2641.11
2639.73
2642.76
2642.53
2641.7
2641.99
2642.96
2643.52
2643.86
2643.57
2639.67
2638.62
2638.08
2638.19
2638.8
2640.62
2639.28
2638.5
2638.64
2638.5
2639.14
2639.73
2639.25
2639.73
2639.43
2640.03
2638.09
2639.33
2639.03
2639.86
2639.78
2639
2638.99
2639.19
2640.09
2641.56
2642.45
2641.29
2641.57
2640.21
2640.09
2639.93
2639
2638.53
2639.29
2639.04
2638.66
2638.17
2638.41
2640.16
2639.23
2640.09
2638.89
2638.58
2638.18
2638.58
2637.82
2638.52
2639.35
2639.42
2639.59
2639.47
2638.79
2638.23
2636.69
2635.71
2635.88
2636.72
2636.17
2635.28
2634.48
2635.14
2636.38
2636.02
2636.3
2637.43
2636.59
2637.27
2637.73
2637.74
2636.7
2636.28
2635.33
2634.94
2634.09
2634.39
2637
2637.69
2638.19
2638.48
2638.5
2638.41
2635.68
2634.92
2635.5
2635.34
2636.12
2636.64
2634.5
2635.46
2634.83
2636.38
2636.44
2635.62
2635.33
2635.01
2634.56
2633.18
2633.03
2634.13
2633.81
2632.42
2633.41
2634.05
2634.53
2634.62
2634.27
2634.49
2634.87
2634.32
2633.87
2633.95
2634.36
2634.24
2633.86
2635.1
2634.23
2635.08
2635.37
2635.39
2635.51
2636.73
2636.57
2636.44
2636.32
2635.89
2635.3
2634.18
2633.52
2634.11
2635.26
2634.08
2634.38
2633.33
2634.46
2633.62
2633.23
2633.55
2634.17
2633.95
2633.08
2632.76
2632.04
2632.33
2632.27
2632.8
2632.46
2631.92
2632.27
2632.14
2632.34
2633.72
2633.48
2632.98
2632.65
2632.93
2633.11
2632.43
2633.62
2633.24
2633.39
2633.1
2632.99
2632.61
2630.55
2630.06
2629.87
2630.55
2631.77
2632.04
2631.74
2630.79
2630.97
2630.65
2629.51
2628.7
2628.96
2627.92
2629.18
2631.71
2630.75
2631.43
2631.83
2632.77
2631.78
2631.88
2631.01
2630.95
2631.4
2630.48
2629.87
2629.78
2630.21
2630.65
2630.49
2630.91
2629.79
2629.57
2629.23
2628.99
2628.79
2628.37
2628.92
2629.8
2629.55
2630.65
2631.62
2631.85
2632.6
2632.86
2633.02
2632.61
2632.03
2629.12
2629.84
2629.93
2628.78
2629.06
2629.79
2629.87
2629.91
2629.3
2630.13
2630.15
2630.47
2629.87
2628.65
2628.61
2628.89
2629.9
2630.56
2630.15
2629.85
2629.74
2629.73
2629.09
2629.58
2629.81
2630.32
2630.28
2630
2629.56
2628.72
2629.78
2629.08
2627.45
2627.33
2627.56
2628.22
2627.71
2626.78
2627.52
2627.02
2627.88
2628.83
2628.33
2628.02
2628.11
2629.47
2628.71
2628.23
2627.74
2628.97
2628.86
2629.2
2628.51
2628.85
2628.35
2628.49
2627.41
2626.87
2628.28
2628.48
2627.22
2627.04
2627.13
2626.96
2626.02
2626.15
2626.34
2626.66
2625.97
2626.07
2626.84
2626.55
2625.71
2625.52
2625.28
2626.3
2625.11
2625.69
2625.97
2625.56
2624.2
2624.72
2625.08
2625
2625.54
2625.84
2626.22
2626.17
2626.8
2627.52
2625.46
2625.65
2625.22
2624.79
2624.53
2624.87
2625.32
2625.93
2625.98
2626.23
2626
2625.71
2625.87
2626.62
2625.5
2625.54
2624.59
2623.26
2623.11
2622.28
2622.78
2622.76
2622.96
2623.02
2623.2
2624.02
2624.11
2624.91
2624.61
2624.44
2625.03
2626.28
2625.32
2625.2
2624.06
2624.07
2624.37
2624.38
2624.72
2623.7
2623.44
2623.82
2624.15
2624.34
