Mut_X Mut_Y Mut_Size Mut_Rot Mut_R Mut_G Mut_B Mut_Type Time_Sec
148424 144039 165892 149454 168400 167593 166861 139068 2940.81
0 0 0 0 0 0 0 0 2940.81
--- Historial MSE por cambio de temperatura ---
15495.2
15194.9
15245.3
14721.1
14965.2
15165.6
15197
15329
15058.4
15235.6
15060.7
14953.3
14896.5
15312.6
15389.3
15032.4
15216.7
15162.1
15573.6
15689
15603
15404.5
15337.4
15368.2
15213.5
15119.9
15150
14448.7
14304.5
14804.2
14962.6
14713.3
14815.9
14416.4
14775.2
14582
14467.9
14582.2
14603.2
14292.1
14560.4
14495.5
14734.1
14360.8
14487.4
14152.4
13972.5
14140.5
13828.7
13991.4
14342.2
14146.9
14070.1
13831.6
14120.6
14464.8
14294.7
14417.4
14366.8
14111.5
14108.5
13976.6
14145.5
14239
14112.5
14673.1
14518.3
14482.8
14864.7
14940.3
14755.5
14437.3
14654.2
14993.6
14578.9
14750.5
14614.9
14563.3
14262.1
14030.7
14362.2
14325.7
14771.5
15021.1
15103.5
15134.4
15005
14832.7
14054.5
14077.8
14166.7
13788.1
13748.8
14024.7
13965.5
14216.6
14399.5
14062.6
13921
14058.4
13845.6
13818.7
13779.4
14308.2
14684.3
14415.4
13865.3
13719.5
13879
14381.5
14033.7
14512.5
14021.3
13754.8
13896.9
14051.2
14400.7
14303.6
14126.7
14453.1
14550.7
14670.8
14840.5
14848.9
14626.7
14679.9
14570.3
14512.5
14380.8
14295.9
14542.1
15022.3
14880.8
14767.4
14560.9
15012
14628
14329
14002.9
13799.7
14161.3
14305.4
14410.6
14451.4
14863.9
14026.1
13662.1
13599.3
13951.2
14319.3
14746.6
14625.5
14611.6
14690.7
14602.6
14505.7
14865.9
14960.5
14961.4
14920
14994.8
14919
15036.3
14573.2
14461.9
14555.6
14473.9
14369.2
14788.7
14855.5
14940.5
15111.2
15135.6
15027.1
14894.5
14523.6
14862.8
14610.8
14523.1
14507.7
14690.9
14548.2
14895.4
14828
14643.3
14885.9
14168.8
14064.2
14107.6
14114.6
14554.1
15127.9
14933.9
15239.8
14974.3
14898
15166.2
15057.4
14747.5
14952
15312.8
14683
14617.9
14665.9
14586.6
14151.3
14454
14827.6
14654.7
14570.5
14593.8
14843.1
14443
14097
14308.8
13670.8
13272.5
13883.7
14364.3
14248.2
14140.4
13656.3
13226.8
12942.6
12699.8
12797.2
12910.3
12925.3
13034.5
12920.8
12797.7
12833.7
13051.8
13025
12882.3
12677.3
12712.7
12691.8
12403.7
12308.2
12147.7
12620.9
12680.6
13150
12489.6
12461.5
12788.1
12710.7
12958.2
12951.3
13195.9
13054
13095.1
13366.3
13511.4
12583.6
13027.7
13197
13428.8
13561.5
13757.6
13425.5
13605.5
13513.6
13708.2
13093.3
13125.8
13058.5
13378.6
13390.9
13189.8
14265.7
13820.4
13706.2
13949.5
13802.2
13505.7
13472.2
13848.7
13500.8
13564
13234.7
13494.4
13728.7
13774.5
13543.3
13568.1
13821.4
13312.4
13649.5
13485.4
13100.8
13115.7
13325.4
13288.7
13511.4
13216.1
13506
13318.1
13169.2
13529.1
13664.7
13445.6
13557.6
13749.7
13624.7
13949.7
13853.2
13836.2
13918.6
13457.3
13565.2
13747.3
13485.4
13258.4
13148.7
13502.1
13458.4
12996.6
13085.2
12579.2
12774
12729.3
13022.6
13109
13515.2
13690.5
13877.7
13838.5
13596
13941.5
13535.8
13721.6
13938
13957.6
13737.4
13727.2
13155.4
12814.3
12568.1
12697.8
12852.3
13350.3
13439.8
13631
13836.6
13441.4
13595
13772.6
13266.3
13560
13646.8
13628.2
13813.9
13962.9
13770.8
13700.9
13647.5
13665.9
13926.2
13736.7
13809.1
13386.9
13215.7
13123.4
13193.3
13682
13411.5
13550.1
13492.7
13686.1
13363.3
13704.8
13436.3
13799.7
13831.8
13494.8
13273.1
13112.4
13336.8
13688.3
13746.4
13724.7
13469.4
13781.6
13332.9
13145
13873.3
13548.7
13185.1
12848.7
12780.3
12794.7
12566.2
12439
12921.8
12734
13645
13262.8
13096.7
13182.3
13646.9
13498.5
13348.1
13469.1
13511.9
12908.2
13312.7
13373.2
13409.7
13779.4
14032.7
14153.6
14216.2
13235.4
13309
13082
12746.4
13349.3
13648.7
13531.5
13448.4
12897.5
12670.6
12875.5
12638.4
12477.6
12555.8
12449.9
12497.5
12162.9
12383
11824.5
12025.7
11770.3
11860.9
11540.6
11353.1
11435.2
11485
11042.6
11492.4
11425.7
11602.8
11504.3
11546.5
11845.5
12033.3
12226.9
11623.8
11419.9
11458.6
11622.9
11207.4
11590.1
11622.4
11612.8
11911.3
12600
12664
12352.2
12464.1
12303.2
12554.9
12778.6
12670.1
12035.4
12354.4
12356.7
12442.4
12483.7
12622.6
12420.6
12260.9
11883.8
11612.8
11981
12113.4
12171.5
12249.7
12530
12640.4
12619.3
12196.6
12743.3
12341.3
12061.3
12197.2
12222.3
12232.7
11919.8
12105.7
12691.2
12667.8
12600.9
12499
12821.3
12680.2
12567.2
12873.8
13245.9
13432.3
13659.9
13417
13278.2
13402.8
13088.3
12601.7
12987.4
12857.3
13739.5
13116.4
13314
13357.2
12946.9
13459.5
13402
14114.1
13553.7
13516.4
13934.3
13677.3
13756.8
13589.6
12931.9
12848.7
13412.2
13619.5
13218.4
13395.4
13350.6
13806.6
13762.3
13289.9
13419.9
13297.7
13021.3
13083.1
12763.4
12901.5
13172.1
12881.4
12637.1
13146
13181
13323.7
12984.3
13272.5
13309.4
13465
13434.2
13206.1
13256
13701.1
14050.8
13511.6
13317.4
12924.8
12929.4
12891.7
12985.1
13268.2
13698.7
14033.1
14136
14313.3
14228.1
14441
14425.7
14985.5
14642.6
15035.4
15082
14774.3
14222.3
14029.7
13888.2
13523.7
13537.8
13672.4
14096
13835.1
13596.3
13185.3
13523
13525.5
13503.7
13434.1
13607.3
13503
12938.8
13236.7
13454.6
14071.1
13747.4
13388.9
13441.1
13149.8
13235.3
13398.5
13145.2
13255.2
13180
13834.4
13078.4
13338.6
13395.2
13228.4
13290.4
13164.4
13024.5
13193.9
13304.1
12999
13089
13028.8
13051.6
13773.7
13602.8
13680.6
13155
13243.2
13025.3
12748.9
13240.3
13490.4
13389.3
13909.1
13415.9
13609
13697.9
13832.7
13488.1
14063.7
13923.6
14360.7
14480
14773.3
14152.7
14015.3
13913.4
14441
14351
14477.9
14200.3
13922.9
13931.1
14801.5
15270.5
14833.9
14583.7
14281.7
13994.6
13732.9
13308.6
12980.5
13655.4
13876.7
14010.9
14484.4
14642.8
14479.5
14041.4
14532.8
14292
14184.8
14297.8
14177.8
14449.1
14686.8
14550.9
14693.5
14598.3
14361.9
14169.5
13839.9
13604.7
13667.1
14284.8
14432.2
14988.2
14355
14097.6
13848.9
14088.5
14197.5
14013.9
13916.2
14136.2
14257.7
13968.1
14517.9
14297
13734.7
13607.6
13749.8
13675.8
14264.1
13630.6
13931.7
13757.4
13469.6
14047.1
13571.8
13143.2
13156.6
12661.9
12930.6
13398.3
13539.6
12901.1
12933.9
12634.5
11960.9
12076.1
12113.1
12417.8
12766.5
13437.1
13463.9
12935.1
13076.7
14039.5
13339
13633.8
14177.2
13888
13718.9
13968.1
13688
14063.8
13984.6
13776.9
13156.9
12445.9
11783.7
12401.3
12810.2
13379.7
13395.2
12507.6
13127.8
13303.4
12999.6
12436.7
12449.1
11529.5
11999.5
11752.2
11568.4
10725.9
11254.7
10939
10757.8
10711.2
11084.4
11496
11236.1
11458.6
11907.7
11580.5
11237.7
10764.7
10567.6
10941.7
10657.3
10680.6
10518.3
11749.1
11942.6
11633.3
11304.3
10518.4
10580.5
11475.8
11334.3
11712.8
11537.5
11185.9
11558.2
11845.2
11406
11233.5
11271.7
11254.8
11087.7
11778.4
11382.6
10939
11123
11716.4
11934.8
11998.7
12131.4
13006.7
13063.1
12654.9
13445.2
12906.5
12758.3
12254.2
12340.4
12345.1
12677.4
12972.7
12872.2
12407.6
12820
12654.1
13190.1
12931
12795.9
13065.8
13035.8
12662.1
12506.6
11874.9
11811.5
11716.6
12079.6
11493.6
11898.7
12318.3
12118.4
12268.6
11875.7
12044.4
11471.2
11176
11453.6
11761.9
11604.5
11718.6
11608.1
11818.9
11944.5
12458.4
11537.9
11672.4
11826.1
11511.6
11209
10980.1
11188.5
10890.7
11063.4
10534.3
11124.7
10888.8
10766
11217.5
10858.7
11206.9
11409.3
11523.2
11583.1
11409.4
11435.4
11294.1
11242.1
10932.5
11062.9
10939.4
10774.3
10437.5
10598.4
10787.2
10709.8
10968.8
10338.1
10611.9
10723.3
10600
10670.9
10355.6
10957.4
10764.7
11276.9
10635.1
10755.4
10589.1
10756.6
10809.7
10968.9
10603
10311.9
10515
10970.3
11203.3
10947
11249.1
11294.3
11070.5
10686.7
11151.2
11367.6
11532.7
11258.2
10766.2
10728.5
10529.2
10477.4
11010.1
10936.7
10621.9
11055.3
11661.6
11529.8
11622.9
11784
12037
11831.9
11678.8
11837.8
11194.3
11515.6
11388.2
11178
11532.2
12032.2
11451.6
11877.8
11940.1
11865.5
12133.5
12496.7
12425.1
12284.7
12573.3
12786.5
12624.7
12420.9
12414.5
12080.8
12442.2
12321.9
11910.9
12040.7
12265.5
11465.7
11838.2
11525.7
11513.5
11545.9
12260
11539.5
11545.2
11689.9
11996
12256.1
12018.5
11667.3
11748.3
12766.5
12937.7
12422.2
12516.5
13155.6
12742.3
12212.5
12017.9
12208.9
12350.5
12421
12461.5
12027.9
12076.8
11881.5
11980.2
12410.2
13104.6
12897.8
12688.7
13109.5
13065
13337.9
13614.1
13632.4
13690.6
13435.7
14652.7
14070.3
13573.2
14075.2
13861.7
13831.2
13754.2
14079.6
13363.4
13276.2
13220.1
13079.9
13150.7
12960.4
12638.5
12563.6
12815
13050.6
12573.5
12432.9
12417.5
12636
12769.6
12351
12359.3
12481.9
12941.6
12861.2
12263.1
12847.8
12014.8
11904.7
12331.9
11752.8
11610.8
12334.8
12426.1
12623.5
12675.4
12849.3
12332.4
12320.3
12324.5
12493.8
12325.3
12703.2
13400
13611.3
14042.6
13511.2
13922.9
13857.6
13527.9
14384.4
13347.9
13167.4
14389.9
13988.6
13187.9
13905.1
13447.8
13037
12805.2
13275.8
12479.5
12382.9
12496.7
12312.4
12220
12501.4
12374.9
12073.4
12338.5
12511.9
12486.6
11892.1
12062.7
12368
12097.6
12071.3
12490.1
13413
12950.5
12990
12701
12250.1
12575.1
13016.8
13248.1
13021.6
12532.1
12994
12447.5
12727.5
12329.5
11727.1
12079.9
12252
11967.4
11588.9
11452.4
12084.6
12279.7
12071.6
12460.8
11642.2
11883.5
11323
10837.2
11152.2
11464.5
11724.4
11741.8
11122.7
11722
12235.4
12327.7
12007.6
11309.2
12118.8
11961.3
11656.2
11204.7
11139.7
11158.1
11258.3
11612.8
11861.5
12197
11663.2
11614.9
12263.4
11562.8
11587.4
11330.2
11250.8
11736.2
11376.1
10779.5
11968.8
11329.6
11003.7
10437.9
10644.9
10632.3
10225.9
9276.91
9226.84
9377.78
10106.1
11132
10143.5
10167.1
9461.45
9631.44
9522.65
9755.2
9900.95
9386.59
10186.7
9776.4
9703.08
9782.43
9498.4
9482.49
8861.99
9263.37
9695.2
10253.5
10101.6
10354.5
10226.9
9778.31
9682.73
11068.5
10713.9
11026.8
11110.7
11251.6
11162.7
10740.1
10494
11164.1
10505.9
10567.3
10857.4
10679.5
10253.3
11119.5
10855.5
10507.5
10182.5
10326.2
10808.6
10437.2
10681.6
10186.6
10550.7
10537.4
10819.8
10374.4
10754.4
10723
9719.67
10100.9
10464
10439.3
9824.95
9715.96
9787.77
10499.2
9897.52
9873.01
10454.8
10642.1
10720.8
9951.25
10056.9
9808.99
10293.1
11111.9
10645.2
10386.2
11166.3
11205.3
11047.2
11283.8
11204.9
11298.4
11630.4
11065
11229.4
11511.9
10573.7
10525.3
10291.1
9929.36
10470.7
10459.8
10356.7
10330
10262.3
10494.2
10654.7
11095.3
10153.6
10618.8
10634.2
10298.1
10507.3
10291.3
10230.6
10225.6
10089.9
10100.1
10086.1
10283.7
10085.5
10244.3
10103.4
9874.34
9848.42
9905.61
10179.2
9797.92
9588.13
9700.11
9832.27
9915.96
11050
11007.5
10406.8
10363.2
10287.2
10382.3
10367.7
9822.68
10296.3
10876.1
11001.1
10702.7
10729.1
10598.4
10067.7
9988.93
10345.7
10491.2
10116.5
10089.4
9870.28
9558.6
10091.2
10077.6
10447.1
11045.6
10626.4
10757.1
10458.3
10534
11125.5
11403
11083.7
10854.8
10676.8
10449
10562
10435.7
10295
10703.5
10509.8
10441.3
10612.6
10495.5
10533.4
10692.7
11109.3
11363.8
10968.2
10902.8
10898.8
10143.9
10560.5
10019.2
9791.84
10119.5
9820.11
10266.2
10420.9
9707.39
9737.37
9563.35
9499.75
9465.01
9764.55
9961.16
10117.4
10695.7
10494.5
10209.7
9796.23
9944.01
10156.9
10022.9
10143.6
10050.3
10203
10618.6
10549.6
10262.3
10191.6
10059.6
10430.1
9999.81
10115.4
10550.9
10685.6
10362
10448.5
10358.4
10934.6
10515.2
10056.4
10127.2
10104.6
10017.5
10242
10998.5
11675.3
10730
10566.3
10707
10667.1
10353
10619
10895.4
11098.8
10603.6
10349.3
11170.3
10699
10854.6
10393.4
10080.5
10651.6
10785
11366.3
12289.3
11726.2
11370.9
10782.5
11453.2
11525.4
11330.2
11441
11889.9
11857.8
11305.5
10959.4
11455.8
11745.1
11935.7
11408.8
11325
11770.5
11653.1
11533.2
11151.8
10880.4
11026.9
11056.8
11027.2
10441.6
10161.2
10446.3
10734.8
11239
11418.2
11695.3
11279.1
11158.5
11033.8
11146.1
11416.4
11764.9
11416.3
10857.1
11258.1
10816.4
11265.2
11037.3
11208.4
10731.4
10651.5
10703.3
10693.1
10974.2
11525.1
11086.4
11188.6
11369.6
11545
11702.9
11674.6
11520.7
11699.7
11710.8
11619.2
12233.1
12026.3
11998.4
11555.7
11364.1
11492.9
11460.6
11429.9
11535.9
12183.3
13145.9
11571.5
11966
12456.2
12502.7
12120.6
12152
11965
11614.1
12108.4
10932.4
10756.9
11002.2
11490.2
11540.4
11717.9
11810.9
11278.9
11522.1
11964.8
11329.4
11166.6
11464
11238.2
11583.6
10443.7
10929.3
11179.4
11429.2
10856.2
11034.7
11143.4
10824.8
11533.6
11423.3
11432.8
11821.1
11030.4
11129.8
11378.6
11255.6
11066.5
11333.5
11004.8
11115.5
10688.9
10691.2
11442.2
11416.5
11517
11812.5
11581.8
10749.6
11011.2
11126.1
11094.2
10890.8
10618.7
11487.6
10990.3
10645.4
11053.4
10982.9
10895
11068.2
11538.7
11496.3
11597.7
11264.7
12040.8
12290
12258.3
11271.3
10383.9
10638.4
10357.5
10032.3
10120.9
9683.22
9649.42
9757.48
10773.4
9991.77
10410.4
9358.07
9066.92
9463.13
8923.98
9123.01
9374.8
9565.66
9177.74
8936.53
9157.81
9404.01
9286.86
8767.4
8976.56
9300.65
9089.04
8718.32
8883.88
8662.61
8962.29
8716.29
8953.7
9116.98
9768.85
9615.32
9899.88
9393.73
9976.06
10284.3
9209.2
9842.48
10054.8
10365
10515.6
9946.69
10110.2
9954.86
9920.66
9493.3
9838.46
9809.48
9481.67
9422.94
9405.82
9455.37
9600.86
9420.66
10223.1
9643.73
9978.17
9965.36
9809.97
9697.8
9852.47
10634.3
10500.9
9848.31
10118.7
10573.1
10712.1
10301.4
10678.4
10486.6
9460.14
9583.14
9335.14
8955.26
9175.6
8870.4
9031.92
9216.97
8404.67
8778.94
8712.13
8514.3
8602.06
8618.88
8963.42
8882.58
9275.5
9035.61
9262.33
8690.8
9056.16
9069.36
9115.65
9715.41
9731.27
9444.09
9598.71
10119.8
9783.61
9625.04
9892.26
9736.17
9633.93
9883.82
8822.92
8628.1
8913.94
8889.3
8789.61
8685.29
9101.82
9049.45
8843.09
8482.57
8413.95
9557.79
9507.75
9511.17
9383.14
10100.9
10936.3
10529.8
10581.8
10666.7
11042.2
11194.7
10660.4
9944.53
9771.75
9763.41
9531.81
9610.76
9392.5
9183.17
9698.5
9419.12
10585.9
9234.04
8915.48
9498.67
9611.7
9559.98
9197.69
10162.4
10403.5
10348.4
9764.4
10227.5
9855.66
9690.09
9819.55
10134.3
9167.43
9355.27
9508.01
9435.21
9038.98
9193.91
9277.65
8471.16
8889.49
8874.15
9656.91
9731
9114.39
9079.05
9750.37
9423.89
9324.04
9379.6
9361.42
9143.22
9164.48
9994.71
10177.1
10442.3
10097.3
10125.3
9684.76
10227
9574
8931.43
8536.32
7996.05
8007.9
7572.87
7362.82
8018.64
7814
7910.72
7983.52
7779.22
7897.71
8471.79
8375.95
8528.68
8386.27
8428.41
8255.57
8055.64
8168.35
7773.09
7762.08
7924.59
7939.72
7710.75
8169.26
8097.21
8099.13
8500.27
8197.65
7664.92
7627.82
7392.42
7437.4
7196.14
7807.18
7950.75
8158.43
8418.79
7921.89
7386.09
6969.03
6906.7
6833.32
7330.35
8142.03
8321.33
8259.74
8201.62
7984.66
7957.47
7601.98
7799.88
8043.69
8249.15
8035.99
8547.74
8338.42
7786.28
8357.53
7867.44
8241.12
8270.72
8230.6
7713.95
8093.25
7854.37
8046.98
8257.99
7893.81
8383.35
8447.92
7997.1
8016.01
7090.8
7597.35
7692.71
7747.29
7446.75
7494.94
7986.41
7868.29
8292.98
8315.89
8371.5
8655.08
8444.48
8316.44
8107.35
8514.75
8247.36
8972.41
8645.86
8765.19
8886.13
8602.96
8740.85
9032.83
8990.48
8725.06
8827.09
8449.27
8950.02
9059.01
8801.18
9171.06
9055.48
8746.77
8516.38
8651.79
8319.29
8476.75
8870.66
8752.89
8569.12
8118.41
8172.68
8233.3
8580.39
8220.67
8354.43
7518.72
6994.18
7109.38
7221.02
7599.76
7414.44
7595.51
6930.75
6649.95
6936.04
6739.44
7428.07
7187.19
7232.62
6901.8
7636.86
7246.26
7589.31
7025.11
8196.21
7990.85
7881.82
7457.45
7284.97
7656.53
7337.32
7038.14
7125.56
6785.47
7181.62
7714.02
8097.42
7217.03
7056.25
7032.37
7553.57
8623.85
9168.35
8523.04
8489.53
7729.68
7604.96
8260.11
8461.13
8321.47
7967.36
8069.24
7666.54
7795.4
8088.38
7452.41
7504.35
7661.79
7915.45
7751.28
7524.73
6859.1
7103.79
7072.43
7103.34
7201.59
7240.94
7021.67
7449.58
6912.93
7183.44
7333.18
7512.19
7445.48
7297.88
6883.96
6604.39
6860.9
6933.39
7007.56
6912.64
6642.65
6586.03
6973.19
6602.6
6873.47
6908.24
6869.17
6563.76
6799.47
6505.97
6725.7
6370.76
6522.03
6666.72
6659.84
6643.77
6893.27
6886.08
6907.15
7696.95
7231.79
7186.43
7322.36
8008.03
7804.32
7539.57
7653.42
7205.01
7138.46
7132.77
7242.13
7656.33
7055.21
7352.07
7391.12
7153.72
7207.15
7575.43
7313.96
7748.9
7667.25
7419.12
7315.85
7314.17
7076.41
6988.61
7265.48
7104.62
6887.87
7045.52
7061.51
7208.65
7300.88
6903.88
7116.18
7521.29
7417.41
6876.89
6744.28
6813.34
7088.17
7104.91
7407.12
7496.45
7652.48
7872.09
7824.27
7539.52
7702.69
7973.68
8398.63
8092.3
8013.42
7851.5
7663.77
7790.51
7657.61
7392.35
7637.59
7408.74
7193.45
7065.38
7196.13
7047.98
6868.83
6739.24
7074.77
6995.83
7538.77
7709.35
7519.64
7780.28
7319.35
7129.83
6987.14
6959.79
7153.14
7302.49
7100.81
7197.02
7013.4
6757.62
7033.23
7491.6
7177.72
6988.5
7113.13
7658.62
6992.04
7417.54
7365.9
7117.67
7244.65
7157.38
7076.99
7163.36
7549
7238.08
6716.81
6957.26
7124.82
7344.91
7328.8
7039.4
6877.98
6650.07
6922.91
7441.6
7500.44
7531.8
7615.4
7135.1
6942.46
6668.63
6817.64
6739.68
6744.56
7010.39
6984.21
6916.02
6823.04
7091.44
6916.31
6615.19
6499.06
6485.41
6211.26
6129.08
6201.52
6520.04
6597.66
6391.75
6366.15
6496.19
6534.54
6334.19
6239.06
6457.23
6349.4
6203.53
6387.15
6096.98
6301.54
6065.44
6195.27
6405.04
6591.04
6464.21
6425.16
6795.96
6335.96
6437.42
6588.11
6443.6
6158.15
6325.75
6539.5
6512.22
6236.77
6621.32
6313.91
6413.5
6425.85
6431.38
6370.2
6622.82
6502.48
6392.24
6312.87
6408.46
6689.02
6838.79
6814.93
7542.31
7457.97
7422.12
7303.18
7259.51
7556.83
7468.47
7142.2
6738.76
6600.4
6723.3
6982.44
7089.55
7019.02
6908.93
6872.4
6879.47
7490.36
6999.67
6969.54
6880.71
6814.46
6862.05
6679.2
6889.22
7423.53
6879.89
6752.64
6823.39
7289.6
7584.27
7404.91
7241.1
6920.66
7364.43
7646.95
7276.3
6479.24
6662.23
6605.35
6403.87
6761.55
6418.61
6253.66
6314.85
6794.33
6888.41
6846.06
6898.88
6914.51
6699.56
7093.42
6701.22
6689.56
6515.45
6536.64
6606.13
6250.89
6248.05
6340.13
6569.73
6411.61
6576.68
6447.47
6163.62
6663.61
6585.51
6393.45
6761.34
6945.07
6845.39
7029.65
7133.81
7038.94
6834.46
6745.22
7063.62
6971.83
6495.34
6176.56
6147.8
5890.9
5870.48
5694.58
6341.55
6105.7
6348.21
6704.86
6759.12
6934.79
6843.46
6922.3
6527.46
6487.5
6595.28
6573.07
6649.88
6908.96
7022.74
7258.35
6928.66
7207.21
6929.95
7183.08
7245.44
7130.9
7652.58
7647.51
7503.65
7473.23
7570.51
7524.03
7631.4
7607.09
7158.53
7077.13
6777.6
6877.47
6715.13
6494.12
6820.01
7030.01
7057.21
6943.88
7221.8
7368.3
7200.76
6807.46
6010.44
6099.19
6366.87
6321.86
6458.22
6791.3
6252.21
6152.86
5951.15
5945.77
6497.45
6290.44
6268.92
6092.52
5876.27
5889.73
6207.51
6476.85
5767.52
5798.22
5866.59
5875.89
5868.35
5932.08
6023.72
5631.21
5646.8
5847.31
6031.16
5716.67
5669.18
5952.71
5745.51
6155.05
5694.96
5788.66
5692.46
5496.45
5164.34
4989.86
5429
5388.5
5204.22
4983.54
5280.7
5480.13
5317.12
5218.11
5464.53
5556.04
5323.15
5371.51
5405.2
5485.61
5360.82
5372.4
5490.3
5171.45
5091.28
5447.83
5688.8
5613.88
5749.19
5763.13
5575.49
5104.65
5141.01
5265.36
4961.05
5585.34
5360.7
5038.9
5224.85
5010.72
5190.4
5513.59
5213.9
4999.78
5039.85
4917.81
4947.05
4417.15
4563.22
4573.79
4707.76
4734.68
5030.69
5011.9
4650.22
4874.27
4809.44
4482.41
4482.54
4525.76
4922.93
4975.58
5098.49
4851.87
4435.1
4418.96
4292.19
4145.78
4226.84
4117.74
4120.22
4182.94
4140.76
4001.55
4249.35
4422.48
4260.5
4241.03
4669.44
4618.96
4657.75
4392.93
4152.65
3988.73
4439.21
4635.46
4560.52
4817.1
4541.03
4621.45
4330.41
4250.94
4109.7
4173.63
4570.81
4985.71
4951.33
5072.62
4866.8
4804.71
4882.33
4732.38
5312.91
4943.52
4570.59
4736.04
5247.23
5333.86
5144.76
5352.69
5141.49
5235.23
5318.16
5217.15
4654.47
4868.67
4685.19
4581.84
4768.72
4604.97
4544.38
4434.99
4699.25
4713.19
4659.37
4704.11
4775.14
4658.27
4948.07
4806.49
4952.47
5031.22
4972.19
5120.91
5339.48
4785.44
4735.97
4842.13
4788.22
4876.01
4689.33
4689.58
4813.92
4923.77
4716.75
4944.33
5153.4
5058.1
5186.49
4809.81
5051.24
4926.21
5026.68
5207.52
5198.32
5600.14
5185.1
5382.02
5443.09
5402.32
5459.51
5607.89
5175.67
4566.54
4595.31
4807.97
4975.71
4912.7
4871.85
5034.48
5135.7
4572.72
4770.64
4631.81
4361.16
4244.99
4018.71
3948.26
4194.26
4164.74
4098.24
4460.32
4227.52
4108.84
4064.51
3843.45
4105.03
4440.73
4243.46
4355.65
4115.91
4212.48
4452.98
4448.09
4393.92
4557.55
4695.47
4560.09
4526.05
4385.21
4359.24
4530.76
4390.12
4326.31
4648.56
4451.4
4506.35
4522.99
4322.94
4298.64
3947.69
4098.45
4142.67
4158.05
4096.48
4223.13
4174.35
4132.24
3891
4237.83
4333.48
4302.73
4104
3837.34
4098.08
4071.57
3792.65
4201.07
4228.65
3960.61
3858.27
3869.69
4040.19
3734.03
3816.47
3695.51
3696.29
3951.93
3743.69
3601.35
3657.65
3794.83
3618.6
3651.92
3909.86
3741.81
3820.38
3725.71
3794.72
3635.88
3626.3
3676.72
3454.45
3656.02
3726.13
3768.57
3764.63
3935.4
3898.62
4046.56
4125.4
4100.31
4159.33
4190.93
3873.86
3871.01
3720.71
3313.86
3378.45
3482.19
3446.65
3543.21
3521.35
3778.01
3527.74
3444.81
3463.99
3686.86
3439.41
3236.57
3284.89
3226.24
3292.38
3322.56
3265.42
3516.41
3376.83
3216.22
3198.62
3305.09
3315.8
3290.22
3382.25
3241.99
3580.21
3646.97
3382.42
3583.18
3426.53
3620.6
3776.3
3514.5
3649.87
3683.84
3718.21
3733.39
3843.54
3876.92
3928.73
3854.87
3810.65
3962.87
4062.08
4312.74
3984.01
3889.61
3955.89
3622.7
4021.99
3872.17
3960.44
3946.07
3903.28
3760.05
3813.1
3738.81
3561.67
3634.73
3791.71
3536.34
3468.93
3577.03
3642.03
3753.46
3596.18
3747.83
3615
3674.77
3894.17
3837.74
3650.81
3668.14
3543.86
3680.49
3441.62
3198.86
3225.65
3213.08
3050.88
3052.51
3131.46
3265.56
3164.26
3290.94
3073.58
3078.27
3161.39
3128.49
3466.08
3435.58
3204.48
3277.78
3149.58
3224.86
3390.06
3300.49
3214.33
3335.33
3590.13
3326.46
3204.49
3201.74
3128.88
3220.18
3235.56
3140.05
3438.34
3260.34
3396.62
3427.46
3356.25
3414.39
3490.83
3265.1
3364.81
3303.49
3365.04
3301.28
3369.69
3106.04
2986.4
3466.18
3401.07
3555.53
3528.59
3651.05
3506.59
3534.55
3445
3510.77
3461.79
3328.44
3420.94
3569.73
3410.38
3600.54
3837.41
3621.49
3381.36
3499.01
3711.26
3630.74
3603.36
3535.9
3313.91
3171.48
3325.71
3420.38
3353.18
3197.32
3184.89
3214.28
3429.29
3452.21
3344.42
3506.44
3213.35
3326.82
3131.43
3239.26
3141.25
3087.89
3161.65
3069.34
3160.71
3158.29
3058
3097.99
3252.59
3199.63
3158.63
3086.7
3068.94
3126.84
3094.25
3100.33
3209.14
3036.09
3139.22
3225.62
3101.75
3301.29
3338.64
3168.97
3203.6
3117.57
3177.19
3213.3
3244.79
3233.69
3032.63
3109.06
3380.42
3532.72
3204.81
3058.37
3102.82
3273.39
3175.45
3052.21
3066.39
3159.55
2998.79
3347.3
3206.6
3261.77
3392.93
3066.19
3273.04
3312.41
3217.43
3075.96
3146.12
3127.72
3149.63
3166.09
2964.67
3021.23
2814.13
2707.74
2662.55
2785.37
2874.44
2883.69
3133.64
3053.48
3140.65
3202.77
3047.77
2875.91
2898.29
2850.26
2734.23
2696.8
2690.93
2762.54
2764.84
2846.84
2806.94
2732.76
2841.98
3076.53
2892.03
3041.72
2968.23
2891.91
2706.64
2925.12
2934.29
2908.49
2689.6
2794.05
2621.38
2768.73
2867.68
2802.63
2663.32
2689.62
2688.76
2774.62
2870.63
2696.08
2708.44
2922.04
2962.17
3020.85
2818.01
2920.64
2709.69
2549.92
2622.98
2630.88
2657.58
2574.76
2609.94
2570.5
2597.78
2893.01
2836.16
2795.01
2700.84
2615.66
2680.85
2660.85
2733.46
2750.22
2957.3
2786.09
2839.07
2634.44
2865.51
2600.92
2683.65
2623.5
2506.69
2616.01
2766.88
2639
2549.92
2550.18
2517.28
2524.23
2552.25
2562.47
2606.97
2627
2469.37
2526.53
2565.66
2471.11
2554.13
2524.39
2463.19
2389.61
2319.51
2390.02
2379.93
2289.78
2358.47
2436.83
2382.81
2385.73
2438.2
2417.53
2426.23
2469.6
2537.26
2422.61
2309.38
2251.51
2292.35
2249.9
2238.46
2260.73
2254.37
2210.43
2424.18
2199.19
2224.24
2341.37
2293.93
2401.27
2616.23
2702.02
2683.7
2493.82
2660.37
2396.39
2352.53
2349.09
2313.79
2331.54
2441.39
2356.07
2315.99
2263.33
2300.68
2399
2275.33
2254.26
2211.26
2167.21
2245.67
2275.84
2200.49
2119.81
2125.58
2173.04
2229.83
2309.73
2364.18
2146.33
2361.92
2454.83
2556.4
2373.54
2507.94
2481.21
2500.17
2329.67
2374.33
2378.66
2443.22
2327.5
2367.24
2142.92
2206.81
2191.54
2285.9
2206.36
2210.23
2153.85
2144.88
2380.44
2257.13
2249.05
2056.38
2281.15
2292.45
2366.15
2357.48
2319.77
2408.95
2361.62
2187.41
2197.78
2020.23
2180.96
2151.2
2298.75
2453.44
2343.3
2320.86
2286.3
2224.81
2366.71
2361.58
2323.52
2229.77
2180.86
2212.9
2266.14
2342.57
2279.88
2291.24
2322.54
2342.26
2585.23
2454.14
2406.57
2385.22
2468.91
2431.14
2556.91
2497.72
2560.67
2536.02
2581.65
2490.65
2432.9
2330.13
2273.19
2347.12
2375.95
2401.97
2275.5
2231.1
2071.66
2139.1
2169.54
2267.99
2357.4
2387
2273.18
2217.85
2275.68
2194.7
2245.07
2274.01
2221.52
2188.67
2169.05
2175.04
2137.08
2262.9
2202.48
2232
2177.96
2166.82
2075.62
2132.99
2052.9
1981.84
1999.89
2004.22
1926.86
1963.92
2030.4
2049.53
1977.89
1974.44
1998.34
2020.92
2011.74
2101.84
2059.63
2058.56
2054.24
2002.71
2065.69
2005.17
2022.64
1985.22
1955.82
1972.25
1951.02
2030.64
1941.99
1856.52
1846.48
1925.99
1988.93
2047.08
1960.51
2041.53
2098.93
2117.66
2136.49
2086.61
2093.3
2107.28
2187.35
2048.71
2052.96
1978.48
2048.57
2021.99
2117.9
2040.1
2079.48
2098.76
1988.56
1954.55
1974.68
2068.35
1889.61
1961.39
2059.32
2049.17
1981.78
2000.56
1845.81
1909.87
2031.95
2067.74
1925.42
1980
2060.63
2159.57
2063.63
2039.76
1950.84
2042.79
1920.8
1905.14
1843.57
1993.38
2057.14
2085.91
2154.16
2090.65
2092.16
2045.77
2062.04
2048.63
2024.57
1963.29
1847.58
1713.69
1849.57
1858.15
1820.6
1881.8
1859.75
1860.87
1894.17
1879.56
1970.42
1878.84
1816.5
1779.71
1816.21
1834.35
1870.7
1761.13
1811.19
1804.33
1794.67
1869.54
1943.62
1866.5
1849.03
1864.05
1861.53
1907.82
1861.97
1917.98
1994.8
1988.76
2016.23
1973.44
1991.5
2072.06
2042.92
2163.2
2065.16
1944.8
1932.57
1915.06
1867.75
1818.63
1902.95
1908.73
1862.58
1910.95
1851.74
1853.87
1868.93
1812.08
1820.87
1856.43
1842.1
1884.99
1816.2
1803.36
1771.3
1834.86
1902.17
1829.25
1841.93
1844.21
1847.86
1860.61
1839.3
1914.89
1863.8
1879.87
1845.34
1784.96
1896.68
1785.68
1696
1837.47
1708.91
1734.19
1784.9
1847.3
1738.76
1731.04
1770.44
1798.07
1827.95
1786
1778.53
1690.68
1914.22
1839.72
1805.47
1677.12
1694.98
1718
1684.78
1660.83
1680.65
1725.28
1693.61
1641.7
1563.84
1611.76
1595.11
1643.35
1599.45
1598.41
1618.6
1651.5
1695.4
1681.76
1615.95
1609.4
1600.88
1664.85
1598.82
1508.64
1445.55
1426.72
1447.17
1383.37
1358.18
1360.71
1449.59
1514.24
1529.98
1573.36
1505.15
1538.15
1521
1514.14
1510.72
1570.31
1506.36
1441.74
1460.54
1585.01
1615.04
1552.09
1626.04
1578.61
1512.06
1438.72
1493.63
1512.36
1586.95
1496.31
1387.41
1494.93
1415.25
1393.98
1382.92
1496.37
1428.37
1487.09
1480.78
1468.32
1492.67
1458.48
1455.51
1489.98
1538.04
1497.33
1434.52
1413.87
1419.83
1353.49
1414.58
1443.19
1417.56
1352.07
1451.94
1401.25
1339.12
1403.88
1378
1348.45
1428.96
1372.75
1481.88
1448.7
1447.81
1483.88
1485.34
1538.84
1526.1
1489.1
1525.16
1527.18
1569.19
1546.33
1523.58
1359.24
1435.11
1474.76
1505.44
1454.08
1509.2
1513.91
1531.47
1497.61
1574.88
1583.87
1638.63
1715.94
1811.85
1818.55
1749.32
1700.57
1678.03
1642.5
1606.68
1627.61
1656.34
1566.79
1618.07
1619.04
1636.92
1644.44
1635.39
1687.87
1569.96
1490.57
1535.85
1516.78
1500.56
1551.18
1586.07
1526.46
1531.14
1489.41
1448.4
1486.6
1446.74
1396.27
1476.59
1487.78
1461.33
1580.46
1520.82
1571.67
1628.25
1607.53
1574.45
1626.88
1535.8
1521.58
1475.89
1454.17
1442.74
1407.51
1513.31
1479.6
1459.73
1456.61
1533.67
1537.64
1464.28
1486.8
1535.24
1551.33
1594.62
1561.06
1529.77
1519.93
1485.58
1538.29
1513.18
1453.16
1461.71
1445.71
1380.81
1389.77
1485.49
1457.36
1504.6
1523.9
1423.56
1417.18
1427.3
1451.31
1491.47
1483.69
1482.54
1546.69
1473.57
1556.16
1541.99
1550.34
1597.01
1586.46
1595.15
1578.89
1602.39
1558.94
1542.35
1552.02
1532.53
1488.67
1465.63
1475.38
1546.98
1523.58
1572.36
1571.36
1498.87
1471.98
1413.57
1335.78
1340.58
1368.63
1376.92
1353.64
1406.36
1364.51
1395.03
1402.81
1374.62
1415.35
1406.2
1370.87
1388.89
1470.22
1440
1439.12
1407.52
1423.98
1441.47
1482.46
1506.89
1433.02
1342.75
1361.76
1292.27
1304.34
1200.23
1297
1261.2
1303.5
1276.13
1300.65
1342.92
1393.92
1318.04
1246.79
1204.7
1185.45
1233.02
1280.01
1302.76
1288.34
1317.43
1317.42
1307.9
1245.04
1224.76
1267.13
1214.94
1245.11
1248.78
1287.92
1297.5
1271.79
1262.84
1329.39
1348.2
1249.38
1273.54
1255.38
1341.16
1315.5
1288.94
1296.25
1303.62
1283.55
1224.3
1181.35
1260.17
1180.01
1204.41
1250.71
1234.9
1216.35
1205.92
1243.51
1208.89
1199.19
1233.99
1264.49
1247.17
1279.1
1285.57
1244.84
1304.75
1269.25
1267.59
1290.17
1282.94
1290.61
1285.88
1279.97
1334.25
1280.62
1266.59
1284.27
1291.29
1320.55
1287.68
1281.91
1289.88
1267.87
1305.09
1315.79
1280.19
1243.21
1223.07
1203.36
1228.19
1181.37
1227.66
1193.99
1197
1191.55
1228.13
1234.84
1247.42
1251.54
1302.85
1223.53
1291.7
1232.3
1235.31
1232.21
1208.37
1215.63
1207.77
1191.13
1206.51
1265.42
1269.13
1251.29
1235.81
1250.31
1239.27
1245.57
1237.12
1280.06
1225.73
1263.1
1253.41
1274.75
1258.97
1281.8
1248.18
1298.79
1227.99
1234.44
1198.36
1189.41
1273.97
1330.07
1253.59
1214.68
1182.85
1159.67
1152.72
1134.96
1099.73
1088.4
1112.91
1130.43
1105.48
1191.82
1106.87
1151.05
1176.04
1121.94
1151.43
1103.76
1115.01
1123.17
1159.31
1113.83
1034.45
1094.49
1092.91
1093.95
1082.19
1089.39
1096.45
1096.09
1095.61
1064.37
1006.02
1063.26
1042.52
963.058
931.752
960.385
922.637
905.388
963.852
995.027
992.588
1005.13
983.32
1037.36
1057.77
1108.74
1056.95
1048.12
1009.71
1043.77
1005.88
994.792
985.606
1020.04
1038.5
1094.43
1031.88
1003.19
993.225
986.764
1011.3
1030.21
1010.28
997.857
992.632
1015.3
1016.35
1015.22
1048.01
1068.8
1080.19
1042.61
996.415
1024.11
997.958
1055.08
1054.23
1042.09
1076.03
1072.5
1078.93
1119.07
1102.39
1087.48
1010.57
997.484
1024.4
1060.88
1048.33
1114.28
1061.96
1039.35
1044.94
1053.38
951.611
957.439
970.359
919.839
923.622
934.001
898.03
932.76
897.276
941.551
927.714
922.089
894.877
848.507
860.144
849.08
862.857
874.414
867.031
886.807
895.767
895.2
855.767
864.545
885.954
883.261
846.74
821.574
837.095
869.804
874.387
842.588
861.439
861.632
852.986
856.218
896.875
898.322
907.777
997.413
976.855
993.421
985.653
950.099
945.793
899.06
881.088
928.367
907.671
912.851
951.02
933.927
886.039
885.187
881.499
873.48
853.753
839.467
869.974
871.243
818.726
838.485
861.566
869.413
879.293
873.823
877.609
868.199
847.59
831.207
800.768
838.849
844.856
814.486
886.143
861.849
832.947
861.53
865.731
859.295
864.406
884.407
880.421
871.581
859.513
873.787
851.858
926.116
955.812
964.116
916.446
940.872
964.145
957.131
938.468
948.466
960.689
969.596
946.055
912.4
882.394
900.421
900.172
875.226
883.568
877.239
861.767
867.599
855.678
869.533
846.498
872.028
883.518
878.783
880.81
884.33
853.389
886.013
841.069
859.741
854.011
856.759
847.797
852.186
860.925
860.185
852.45
840.474
839.62
871.289
829.156
869.805
877.203
894.275
884.81
813.202
800.435
834.941
865.747
843.559
871.821
852.1
871.03
858.05
841.52
809.966
816.752
823.61
812.557
783.183
775.225
805.256
824.88
804.402
799.271
804.411
802.46
825.197
811.513
895.639
860.344
829.227
819.962
808.611
796.096
803.403
770.496
797.138
822.643
844.058
833.717
851.558
865.741
839.253
851.198
848.756
871.533
842.044
813.72
811.677
822.288
802.933
801.293
827.118
818.047
791.446
795.194
779.11
808.037
816.383
797.758
806.666
809.867
815.132
811.565
747.532
745.471
755.722
741.127
735.217
730.3
717.727
732.334
744.681
725.1
749.983
721.268
740.502
719.827
740.653
755.559
760.953
750.012
746.714
734.117
743.959
730.222
723.457
720.938
713.357
703.092
707.145
693.456
711.051
717.519
692.387
709.146
702.38
701.164
708.886
681.012
670.691
666.808
651.271
648.666
648.808
655.11
626.038
633.605
639.291
669.915
669.435
664.769
654.287
638.417
670.152
671.811
671.812
664.785
652.658
663.083
651.993
651.6
655.385
661.056
682.071
665.729
682.586
672.485
669.165
684.395
649.933
642.262
643.975
644.415
653.589
642.014
663.808
667.203
671.289
642.188
644.933
637.461
648.447
654.091
684.689
694.682
652.025
625.443
640.922
639.668
667.277
644.042
644.219
612.841
647.429
659.938
650.907
654.201
671.643
657.371
680.136
634.616
644.836
643.89
646.098
607.244
611.74
603.632
603.671
588.609
601.9
606.586
596.806
605.07
605.118
592.962
575.328
594.126
580.827
567.788
577.01
569.811
553.091
568.129
597.47
589.239
571.239
573.209
572.106
569.516
584.848
559.273
587.447
592.417
569.646
567.571
560.803
594.672
583.251
582.812
586.272
611.975
626.9
620.397
608.737
617.368
593.605
580.298
569.213
571.754
568.493
581.256
578.842
570.262
581.188
578.141
547.031
562.193
563.688
579.033
597.527
577.427
599.226
559.037
589.49
570.837
609.437
574.883
590.185
601.326
588.903
581.836
584.245
583.747
555.072
552.936
542.834
549.209
555.792
525.211
553.626
540.182
539.009
531.969
545.021
540.122
540.473
546.6
566.176
568.941
573.478
567.866
586.476
552.304
557.314
538.169
561.9
570.159
545.638
537.827
530.658
527.035
520.289
514.436
516.489
526.936
528.536
559.014
573.282
558.493
540.459
526.694
532.312
555.905
543.521
542.656
510.985
512.172
510.556
538.662
521.461
528.754
515.322
529.455
540.754
504.203
508.006
531.574
530.301
526.246
497.349
489.785
500.259
499.73
521.058
524.83
512.406
514.023
515.398
532.409
549.427
519.783
506.144
500.601
476.542
487.718
499.456
493.81
503.865
499.459
512.863
500.679
515.387
499.056
509.52
509.153
517.167
525.593
514.079
507.797
522.437
498.404
492.852
487.084
475.341
468.354
464.336
466.852
455.003
464.672
464.566
454.566
497.846
479.933
487.515
461.167
462.917
461.254
454.987
450.978
444.117
439.093
471.296
468.47
481.217
499.056
497.581
495.409
496.449
486.14
500.125
474.129
500.587
487.535
480.14
502.19
505.605
502.106
488.415
477.292
478.616
491.131
483.215
491.816
501.684
513.093
506.472
512.831
519.493
493.822
484.397
479.657
479.747
485.211
477.2
469.187
469.033
474.409
470.211
463.108
443.387
430.739
444.46
437.717
443.997
438.961
454.484
458.358
465.152
441.69
443.974
440.006
447.214
457.134
436.457
432.51
422.223
438.423
433.164
421.073
418.845
427.347
421.733
435.835
439.038
461.736
481.196
476.624
487.946
479.514
456.631
464.749
483.218
459.654
458.19
453.921
458.396
452.229
473.353
435.17
438.414
423.318
432.882
431.213
425.891
421.227
421.146
423.221
433.864
435.09
440.139
441.105
442.995
440.613
441.172
453.83
453.74
428.493
427.311
450.404
450.633
448.555
455.836
447.341
451.143
433.123
419.647
407.169
406.067
399.132
394.565
398.694
404.448
405.434
408.685
420.168
452.228
430.374
427.627
415.098
418.585
419.711
419.484
429.458
423.626
428.189
408.134
397.185
399.483
399.939
405.417
399.083
394.699
395.821
393.835
408.216
409.389
390.171
404.814
417.022
425.917
417.276
409.359
409.604
403.59
407.711
403.59
418.184
422.152
432.839
409.309
418.465
433.455
436.641
432.546
416.873
421.482
412.574
413.443
406.064
419.588
413.923
415.853
410.585
416.601
422.947
419.57
415.452
405.46
415.038
402.249
402.273
389.704
389.929
393.948
383.213
392.098
384.323
395.718
389.669
394.762
396.583
398.055
394.955
398.959
396.538
386.698
390.661
392.494
395.557
407.6
403.494
407.516
395.565
398.113
395.474
401.18
406.529
419.622
429.613
417.744
411.207
388.312
400.883
409.547
412.075
402.393
393.335
399.407
402.733
405.274
404.497
396.678
398.211
393.464
392.833
397.719
407.117
406.897
418.251
426.941
435.615
417.396
430.756
419.321
411.758
406.898
404.749
404.073
399.784
406.618
399.136
399.938
405.88
422.282
421.274
393.593
385.627
383.762
385.345
399.153
410.302
408.901
407.701
399.654
407.021
393.041
398.594
398.42
392.709
393.187
395.408
391.38
386.219
398.615
397.615
405.704
402.296
398.236
406.109
396.276
391.582
393.178
384.904
404.339
392.459
379.29
387.82
385.545
396.764
401.674
392.825
387.993
389.829
388.788
387.072
384.208
378.184
386.386
388.026
395.468
400.051
419.763
409.244
402.457
412.172
404.542
402.974
408.689
401.351
405.729
406.72
394.335
383.048
381.91
387.661
385.189
373.791
375.013
369.912
365.09
372.942
368.962
369.815
353.94
356.649
364.692
371.916
362.392
357.568
356.563
354.986
351.001
356.336
353.374
352.238
368.211
369.956
356.779
374.371
370.668
361.936
358.16
349.351
356.389
361.404
359.913
354.312
350.323
347.512
353.246
340.518
344.349
337.811
338.487
335.36
340.395
356.926
355.585
358.257
363.618
356.273
360.901
355.083
345.814
349.488
344.779
345.028
336.299
328.403
328.736
321.947
329.105
329.976
328.811
333.417
331.071
344.566
345.342
350.019
349.884
353.844
349.151
359.328
353.151
346.424
347.188
356.137
354.684
354.561
346.609
348.73
346.319
340.238
340.386
341.93
344.818
349.374
354.714
344.263
336.266
330.902
337.428
351.91
346.531
338.72
331.116
335.047
330.877
336.342
333.052
336.945
348.892
349.288
360.187
364.595
363.671
356.769
344.326
344.754
336.552
339.709
343.14
333.865
337.159
348.09
348.968
343.224
337.61
340.267
338.619
344.18
334.858
333.265
336.192
333.51
340.182
349.627
339.624
336.859
333.906
345.87
343.305
342.452
344.755
350.958
340.183
339.812
332.711
336.436
346.928
346.97
347.208
351.274
356.01
360.539
359.074
359.243
350.637
347.056
349.55
354.009
355.871
354.441
340.138
341.927
332.203
340.898
339.913
343.362
347.042
344.148
329.693
330.075
331.083
323.639
330.87
329.604
325.47
319.869
323.411
327.51
327.248
336.374
338.478
328.382
333.243
329.855
331.531
333.886
331.699
334.641
337.815
336.573
332.777
334.229
336.541
334.417
345.383
349.848
343.211
333.672
332.78
326.481
324.017
327.707
330.835
336.28
335.048
334.515
333.113
335.99
338.477
337.193
340.402
339.913
335.768
335.624
329.632
326.718
323.791
330.652
328.658
324.176
329.089
336.218
330.987
333.906
338.137
340.706
336.265
325.59
323.663
326.464
320.908
318.094
311.793
311.603
312.509
318.412
312.276
313.381
317.561
309.842
312.347
310.687
315.567
316.548
314.917
308.927
310.051
307.46
307.617
310.456
316.983
311.616
311.602
309.548
301.621
297.677
297.211
299.311
301.897
308.196
310.425
305.773
302.674
305.98
309.827
304.574
302.597
300.655
303.91
308.309
305.032
305.471
308.778
306.652
309.221
304.534
314.581
307.148
301.532
300.283
301.534
298.168
304.755
306.901
305.497
301.263
305.433
301.297
299.423
299.646
305.507
299.113
299.321
294.15
292.995
296.825
293.316
295.398
303.765
301.856
297.291
296.153
292.815
295.129
294.513
301.324
304.885
300.452
301.549
302.869
301.732
298.593
304.857
306.103
301.199
298.002
293.977
301.558
298.475
297.505
289.191
283.647
286.502
290.467
292.237
295.233
290.268
287.812
289.733
291.719
298.421
296.197
289.323
281.716
279.081
286.88
287.32
284.634
288.451
289.175
289.292
287.639
291.469
292.151
288.826
289.552
290.492
284.547
286.207
284.077
283.093
284.983
287.507
283.989
290.429
289.365
289.386
291.381
290.776
294.931
294.456
296.46
300.887
292.105
292.402
289.798
293.93
289.94
287.423
279.832
282.45
287.582
284.666
281.407
278.413
282.855
285.111
280.703
277.686
268.859
267.295
267.188
270.752
266.372
267.484
270.996
269.197
270.386
267.804
274.976
272.816
270.838
270.835
267.621
268.821
267.942
267.665
270.97
266.643
269.886
271.25
271.171
272.563
269.258
269.905
267.727
271.125
272.027
272.737
276.382
274.255
263.277
260.264
262.294
266.367
267.289
262.515
263.495
254.183
259.088
261.681
257.953
248.761
250.14
247.535
250.842
249.794
249.862
251.032
245.333
245.239
246.363
246.163
243.206
244.072
245.244
242.684
241.577
240.159
241.244
236.487
240.612
238.136
232.646
234.39
231.654
230.777
226.146
229.664
231.055
227.221
225.935
221.349
221.996
219.925
219.709
223.581
224.429
219.269
221.882
223.244
222.459
221.837
221.549
223.621
224.777
224.52
227.961
232.459
235.668
231.453
231.337
235.741
234.336
231.291
230.32
231.119
231.951
232.397
233.34
232.872
233.458
234.915
237.037
236.319
236.921
234.141
233.495
232.267
232.716
229.691
224.693
221.996
220.81
216.907
216.227
216.468
215.783
217.546
212.679
210.73
213.236
213.065
212.915
213.613
211.594
213.05
217.621
222.149
221.369
221.905
220.049
221.792
219.977
220.031
219.557
217.486
215.799
213.691
213.743
216.391
212.993
211.108
211.045
209.681
211.441
212.766
214.679
214.394
212.128
216.589
217.449
219.129
216.534
224.067
223.428
220.183
215.624
215.057
214.75
214.736
213.681
218.114
218.58
217.087
218.4
220.589
218.899
220.265
219.516
215.106
215.72
213.561
211.786
210.853
217.481
216.474
217.272
215.637
215.807
214.908
212.136
217.254
210.377
208.474
210.5
212.572
211.736
215.062
212.237
212.163
211.156
209.053
207.263
209.769
210.723
208.941
208.878
209.316
208.092
207.381
208.712
213.527
210.5
206.209
205.269
207.202
209.209
208.529
208.417
211.369
206.531
207.302
207.543
209.504
206.787
206.139
206.278
210.451
212.075
210.275
213.38
212.674
211.826
208.482
206.548
207.675
205.876
203.88
202.216
207.311
203.308
204.661
201.865
200.418
200.989
199.749
200.831
201.187
200.726
204.11
202.501
202.18
203.931
205.91
204.188
204.027
204.917
202.761
202.494
200.913
201.812
202.711
203.617
206.335
204.251
202.332
201.696
197.819
194.397
195.873
196.482
191.291
193.249
194.623
193.62
196.822
197.163
197.752
196.754
195.598
196.446
199.847
203.132
197.788
198.953
199.842
202.895
203.396
200.817
200.694
202.3
197.662
199.278
197.517
197.756
196.401
195.653
194.511
194.211
192.836
194.133
197.969
196.893
198.697
195.386
193.168
195.12
194.756
197.761
200.052
198.174
197.961
195.373
196.053
195.379
198.165
195.035
194.373
194.3
194.051
194.943
197.865
198.588
197.022
198.211
199.422
200.836
197.574
197.022
198.9
198.295
198.795
199.559
204.273
202.776
202.116
201.23
198.885
197.309
198.951
199.002
199.507
196.554
194.987
196.91
194.697
193.24
193.503
193.206
193.432
196.372
191.929
190.434
194.09
193.544
193.048
196.832
193.533
194.496
193.8
194.011
192.203
190.699
193.239
190.628
193.38
189.947
188.581
189.34
189.582
192.351
190.298
190.174
189.969
190.199
190.913
189.066
188.743
185.392
183.723
183.546
182.967
182.037
183.563
184.254
182.164
181.801
181.667
180.37
180.879
183.774
182.323
182.012
182.285
181.928
181.148
183.602
184.929
185.909
182.889
182.285
181.213
180.358
179.356
179.657
180.777
179.529
178.371
179.2
180.009
178.254
178.86
178.689
177.573
177.062
178.336
178.839
178.601
177.469
178.091
177.268
175.765
176.501
175.206
176.511
174.473
174.053
174.479
172.482
173.503
174.537
172.743
174.834
175.186
173.466
175.186
176.607
176.256
174.836
173.756
175.103
175.941
174.797
172.795
173.116
175.358
176.578
178.82
179.721
179.048
175.757
177.905
178.629
176.891
176.063
177.16
178.117
177.603
176.875
178.703
179.14
177.077
174.079
174.721
175.001
174.299
176.036
176.023
176.315
176.318
175.44
176.16
177.653
175.928
175.477
173.403
173.665
174.135
172.836
174.232
173.332
172.064
171.868
173.139
175.072
174.431
177.179
174.419
175.198
175.232
173.382
173.37
173.908
173.373
172.568
173.093
174.843
172.394
172.982
173.781
173.785
175.359
176.438
172.652
171.974
171.69
171.954
171.962
172.564
174.691
174.718
172.21
172.718
170.678
170.431
170.365
171.879
172.717
171.1
171.265
172.311
172.014
172.721
173.654
174.724
172.212
171.644
168.673
168.775
168.086
169.929
169.39
170.966
170.772
172.881
174.149
172.6
172.316
170.996
169.778
169.983
171.038
171.134
168.701
168.722
167.793
167.392
168.555
168.632
166.944
166.596
166.084
166.375
166.664
166.225
165.886
166.191
166.857
167.234
166.234
165.936
167.164
167.242
168.435
167.462
166.686
166.424
166.219
166.098
165.923
167.434
166.698
169.163
167.788
166.139
166.699
166.947
165.621
165.679
165.81
164.329
166.006
166.396
165.981
165.172
164.902
164.853
166.675
166.177
166.325
165.974
165.977
167.523
167.143
166.589
166.124
166.736
166.703
166.781
165.708
163.666
161.638
164.149
164.511
164.478
163.035
163.789
162.186
163.211
164.664
164.263
164.107
162.038
162.935
164.384
162.969
162.79
159.637
160.447
160.46
159.731
160.981
160.597
161.943
161.837
161.718
161.623
162.854
161.604
161.764
160.961
162.254
161.075
161.777
161.314
160.213
161.09
160.951
160.861
162.461
162.843
161.132
159.951
161.576
162.172
160.761
161.783
164.045
163.265
164.007
163.841
163.054
162.929
163.01
163.21
163.083
161.604
162.341
161.572
161.007
160.981
159.313
158.808
158.234
158.372
158.428
158.992
159.484
159.709
159.857
159.158
159.045
160.592
158.745
158.653
157.984
158.813
158.492
160.75
158.458
158.769
157.665
156.69
155.624
155.002
155.326
155.662
155.318
153.374
153.263
153.135
153.226
153.498
152.651
152.777
154.117
154.887
153.95
153.223
151.108
152.78
154.805
155.007
155.388
154.815
154.593
153.028
152.912
152.669
153.329
154.401
153.906
153.826
153.365
152.56
153.004
153.199
153.641
152.594
154.28
152.28
152.268
152.038
151.366
152.674
152.838
154.069
153.729
153.396
153.972
153.532
152.918
152.941
153.11
153.722
153.768
153.446
153.204
153.655
154.115
155.064
155.047
155.039
156.061
154.515
153.759
153.345
153.628
152.481
151.67
152.326
151.397
152.139
152.085
152.336
152.742
152.813
153.393
152.861
153.52
153.496
153.563
153.799
152.687
152.172
152.977
151.957
153.904
154.9
154.902
154.037
154.773
154.497
154.943
155.016
155.208
154.402
154.786
154.723
153.709
154.128
153.939
152.313
152.348
151.954
152.888
153.302
153.658
152.209
153.721
155.568
153.601
152.637
152.383
151.613
152.545
151.443
151.553
151.611
153.507
153.145
154.624
152.536
153.068
152.783
150.986
152.9
154.495
153.245
154.02
153.362
154.688
153.836
152.996
153.101
152.497
151.842
150.743
149.738
149.348
149.474
149.338
150.817
151.185
150.093
149.828
150.97
151.925
151.534
150.81
151.363
151.349
151.721
151.686
150.853
151.472
151.234
151.604
151.294
151.022
149.931
149.408
148.951
149.389
147.564
147.448
147.934
148.703
148.412
148.124
149.27
147.619
147.438
148.409
148.206
148.326
147.633
146.022
145.87
145.921
145.776
146.317
147.321
146.554
145.72
145.982
144.739
144.703
145.02
144.889
145.197
144.978
146.211
144.795
143.505
144.465
144.687
145.175
144.151
145.298
144.937
144.609
144.566
144.284
144.628
147.065
146.486
146.06
147.319
147.036
146.26
145.483
144.986
146.38
146.588
147.089
146.661
145.113
144.622
145.214
145.444
145.96
146.104
146.129
146.166
146.343
146.905
146.04
146.882
144.939
144.986
145.029
145.654
146.554
147.285
148.207
148.127
147.434
147.22
146.675
147.145
147.541
146.215
146.111
146.016
146.709
146.833
145.834
145.724
145.695
144.557
144.854
144.936
144.606
143.748
143.503
144.448
144.028
144.684
145.198
144.188
143.389
143.194
143.687
144.697
144.899
145.578
145.316
144.648
144.665
144.828
144.368
143.857
143.051
143.384
142.909
142.308
142.103
142.277
141.744
140.946
140.424
139.921
139.94
139.631
139.142
137.9
137.098
137.003
137.252
136.771
137.043
136.743
136.645
136.656
136.941
136.951
137.08
137.261
136.629
137.01
136.895
136.518
137.09
136.269
136.542
135.72
135.834
135.476
136.188
136.845
136.371
136.169
136.982
136.866
