Mut_X Mut_Y Mut_Size Mut_Rot Mut_R Mut_G Mut_B Mut_Type Time_Sec
292039 280610 334822 292769 327733 328536 329246 269382 4743.53
0 0 0 0 0 0 0 0 4743.53
--- Historial MSE por cambio de temperatura ---
28298.4
28210.8
28481.9
27983.8
27760.7
28054.9
28166.7
28015.6
28133.6
27934.7
28175.4
28772.1
28607.6
28849.7
28842.1
28604.6
28462.3
28163.3
28253.4
28349.6
28146.7
28516.6
28180.1
28768
28180.6
27998.6
27992.6
28361.8
28266
27975.5
27901.8
28035.4
28105.3
28160.4
28566.7
28879.8
29021.9
28999.9
28859.2
28763.3
29042.8
29219.5
29096.6
28962.2
29407.3
28872.3
28932.6
28558.9
28661.8
28627.8
28385.3
28947.7
29189.1
29595.8
29248.2
29447.3
29390.3
29893.4
30040.7
29515
29247.3
29594.6
29292
29305.8
29093.9
29170.7
29234.5
29208.9
29425.8
29729.2
29884.7
29502
29435.6
29710.3
29478.8
29723.7
29405.8
29429.2
28966.9
29169.1
29074.1
29356.6
29636.4
29372.3
29626.9
29226.8
29855.3
29512.3
29128.6
29276.7
29073.3
29304.6
29039.1
28899.6
28835.5
28888.1
29291.1
29269.6
28912.1
28736.9
28484.2
28695.6
28693.4
28587.7
28798
28879.1
29396.8
28765.3
29262
29010.1
29504.3
29073.4
29026.9
29430
29474
29107.6
29163
29336.1
29484.4
29262
29603
29624
29870.9
29745.2
30077.2
30157.1
29584.8
29410.4
29518
29195.4
29240.1
29384.2
29131
29390
28854.6
28622.6
28647.9
28130.3
28307.1
28446.2
28331.9
28372.5
28635.2
28812.3
29280.8
29489.7
29368.7
29503.4
29452.1
28572.7
28439.5
28523.1
28253.9
28691.7
28820
28567.2
28748.2
28453.5
28119.8
28056.4
27575.8
27428.5
27250.7
27319
27203.4
27479.6
27279.6
27931.1
27563.3
27867.5
27851.3
28078.6
28186.8
28447.6
28150.6
27856.9
27945.4
27571.3
27057.7
27517.8
27729
26999.4
27551.6
27506.6
27758.5
27729.7
27650
27349.4
26824.4
27474.5
27300.2
28125.2
27426.9
27562.3
27189.7
27411.4
27541.7
26921.8
27106.4
26503.9
27316.2
26518.6
27294.2
27556
27558.1
27891.7
28255.3
28248.4
28005.7
27642.9
27751.8
28038.6
27840.5
27840.9
29085.9
28993.8
29511.3
29663.8
29365.6
29182.7
29086.1
28624.3
29288.2
29225.9
29005.5
28417.1
28498
28598.9
29102.9
29038.6
29263.6
29396.2
29043.2
28876.7
29508
29421.1
29418.5
29668.1
29091.3
29369.4
28905.3
29203
29634.8
28746.3
28814.5
29448.2
28940.2
29131.6
29267.1
28826.4
28874.1
28688.2
28447.7
28199.2
28013.4
28139.9
28310.2
27768.5
27309.5
27395.9
27059.4
27167.9
27378.6
27200.7
26610.4
26873.6
26637.4
26852.5
26631.7
26958.4
27139.4
27134.1
27670.3
27199.9
26970.6
27400.9
27399.3
27686.5
28000.1
28428.1
27883.8
27621.8
27473.4
27384.1
28125.7
27962.3
27732.2
27889.4
27999.9
28262.1
28380.7
27735.1
27707.8
27448.3
27651.7
27881.7
27483.6
27524.1
27499.7
27662.5
27583.4
26840.8
25773.2
25800.9
25850.6
26215.6
26448.9
26314.2
26415.8
26178.6
26119.5
26641.5
26317.5
26997.5
26709.7
26831.8
26430.2
26482.7
27350.5
26563.6
27100.9
26377.5
26308.2
26572.9
26660.3
26755.5
26256
25806.4
25752.1
25845
26566.5
26505.8
26173.5
26128.1
25705.4
25690.3
25369.6
25854.8
26544.8
26953.2
26465.1
26102.2
25893.8
25832.6
25667.6
24919.8
24896.2
25120.1
24867
25652.9
25345.2
24720.5
26238.1
25996.3
25374.6
24890.1
25337.7
25767.7
25366.5
25370.6
25296.4
25579
25303.4
25555.2
25312.9
24413.4
24897.1
25134.8
25280.7
25282.7
25094.3
25619.7
26699.7
26121.1
25908.6
25852.4
25655.4
25565.1
25744.8
25871.2
25868.1
25231.1
25524
25478.4
25495.8
24908.5
24466.2
24490
24543.3
24640.9
24151.1
24835.6
25304.8
26014.2
26013
25630.8
25301
25223
25509.6
25750.6
25992.1
25540.2
25769.6
25717.3
25659.7
25901.9
25298.6
25223.9
25342.5
26355.5
26563.2
25497.3
26167.7
26285
26101.8
26515.1
27044.2
26676
27062.3
26661.6
26839.2
27007.7
26934.7
27042.4
27430.9
26763.2
26701.4
27424.5
27429.7
27132.6
26512.7
27125.9
26599.1
26227.2
25899.3
25968.2
25970.1
26563.2
26084.3
26530
25878.7
25760.7
25740.6
26189.8
26149
25924.9
26351.3
26024.1
25612.1
25278.6
25387.1
25252.7
25425
25111.7
25662.1
25195.9
25487.2
25276.8
25306.8
24980.6
25206.2
26142.9
26252.2
26150.4
26044.8
26536.3
26820.5
26396.8
26384.1
25903
25400.1
25101.9
25920.6
26263.3
25963.7
25629.2
25761.5
26472.3
27193.7
27348.2
27244.9
27121.7
26933.8
26931.8
26819.7
26271.6
26635.7
26544.6
26119
26434.2
25931.6
26123.1
26228.6
25573.4
25475.6
25556.2
24832.3
24232.7
23772.6
24060.6
24795.3
24517.8
24299.4
24427.9
24645.9
24464.5
24417.6
23766.8
23284.3
23953.9
24792.2
24589.9
24365.6
24292.8
24332.8
24538.3
24145.5
23809.5
24021.6
23378.6
23704.1
24466.8
24300.6
23399.5
23445.3
24153.5
24600.9
24771
24397.8
24224
23958.6
24301.1
24214.2
24038.4
24202.4
23957.5
24772.5
24766.3
24087.1
24513.7
23916.2
23374.1
22666.6
23039.6
23849.4
23704.5
24604
23969.7
23929.6
23873.4
23878.8
23443
22865.8
23594.8
23967.4
24601.1
23914.3
25002.3
25023.9
25333.1
24579.8
23623.7
23982.9
24817
25425.5
25392
25327.4
25205.8
24973.9
25092.3
24718.9
24451.6
24077.7
23419.9
22701.6
23590.9
23147.2
23111.6
23506.9
22457
22816.1
23208.9
23149.8
23021.2
23599.4
22627.1
22902.8
22715.5
21717.9
21853
22109.5
22740.6
22501.8
22276.9
21567.4
21315.8
20869.8
23208.5
23232.8
23732.9
22763.8
22890.9
22679.5
23495.4
22076.4
22386.9
22695.1
23083.8
23318.9
23151.3
23202.7
23006.4
22538.7
22956.4
22508.1
22696.9
22179.7
22045.2
21629.3
21804.5
21646
21659.2
21710.7
22155.5
22743.2
22653.4
21963.4
22134.3
22264.4
22331.6
22264.4
23056.7
22724.7
22179.9
22596.3
22960.2
22818.2
22712.2
21927.1
21598.6
21471.8
22883.7
22312
22925.6
23474.8
23537.2
22288.9
22143
23179.5
22766.3
22747.1
22502.4
23550.8
23929.2
23779.6
23357.1
22691.7
22732.1
21950.3
21591.2
21811.7
21957.1
21262.1
21095.5
20801.9
21241.6
21255.7
21131.1
22200.3
21696.4
22382.9
22905.9
22039.1
21503.2
21255.7
20830.9
20633
20767
20215.4
20397.1
20220.1
20961.6
20791.5
21425.1
21837.3
21968.9
21764.8
22119.3
21761.5
21479.5
21511.2
21193
21802
21555.5
21134.3
21810.1
22074.8
21521.4
22558.7
22197.8
22479.5
22985.7
22300.4
22219.9
21284
22225.2
23075.5
21393.5
21647.7
21648.6
22247.7
22487.9
22212
22417.4
22262.8
22175.9
21925.6
21525
21612.3
21992.8
21134.6
20975.3
20873.4
21110.8
20920.9
20941.9
20170.2
20936.8
21604.6
20726.9
20694.3
20681.5
21287.9
21440.4
21495.8
21589.5
21100.6
22316.9
22037.2
22190.8
23570.6
22503.9
22434.9
22759.5
22314.3
22744.7
22374
23258.4
23177.5
22664.1
22306.2
22164.9
21995.8
21461.1
21350.3
20609.4
20714.7
20420.2
20571.5
20758.2
21552.7
22538.3
22522.6
22392.7
21891.7
22000.1
22379
22508
22217
21647
22437
22439.6
22189.6
22729.4
22820.3
22614.4
22754.5
22093.3
22287.7
22688.4
22465.7
22474.5
22109.1
21988.8
21739.8
21781.7
22279.2
21997.8
21569.9
21270.1
20909.6
19465.3
20473.7
20578.2
20502
21345.8
20434.5
19636.7
19568.9
20493.1
20878.9
21613.5
21274.4
22069.4
21805.7
21128.7
21080.7
21481.4
21536.8
21650.2
21018.2
20226.9
21020
20592.3
20638
20455.8
20046.9
20584
21257.4
21372.6
21187.7
21221.2
20531.4
20449.3
21537.9
21402.1
21201
20732.8
20848.6
20534.9
20535.2
19676.3
20067.4
19596.6
19177.7
18570.7
17758.6
18195.6
18601.8
18377.8
18760.9
18984.2
18600
18797.6
18594.3
18504.6
18997.6
19224.3
19218.1
20199.6
20479
20182.3
20301.3
20405.5
20292.9
20166
20284.2
19268.5
19100.3
19996.5
19328
18999.4
18332.7
19147.2
17843.4
19443.5
19674.2
20271
19899.9
19952
19600.9
19485.6
18639.3
19825.9
20051.9
20214.2
19365.6
19825.5
20390.2
20161.5
20555
20963
20554.7
21530.5
19672.8
20416.9
20006.3
20054.2
20318
21141.8
21544.7
20472.4
21383.4
20880.1
20767
20841.2
20447.5
19902.3
19920.9
19354.5
18827.4
18089.7
18439.1
18087.5
18667.9
18901.8
19508.6
20006
19940.9
20060.7
20108
19803.6
19187.4
19709
20363.3
20351.4
20899.2
20356.3
18496.2
18447.6
19351.7
18927.9
18963.9
19503.9
20659.4
19647.8
19273.3
20441.7
19653.2
20070.2
19205.8
19502.2
18951.7
18770.7
19039
19085.9
19219.8
19461.1
19383.5
20570.6
21172.6
21279.3
21436.1
20123.3
20243.6
20842.4
21125.5
21043.1
20203.8
19907.7
20193.5
19756.5
19660.8
21126.2
20666.4
20552.3
20671.9
20847.1
20241.1
19523.2
19917
20005.4
20513.2
19708.3
20097
19468.6
19624
19627.8
19551
19243.7
19339.8
19277.1
18732.1
19837.1
18809.8
19336.6
18727.2
19039.2
19480.9
20052.3
19361.8
19042
18876.5
20397.8
20180.3
20116.1
20203.1
20253.6
19920.8
21146.7
20748.6
20964.5
21359.8
21468.8
21058.5
19460.8
19138.9
19188.4
20477.8
21223.1
20757
20681.1
19693.1
19972.9
20932.6
21265.9
20777.5
20724.8
20914.1
21083.9
21002.9
20291.7
20258
20258.1
20736.4
20958.7
20720.1
20828.1
20138.7
21741.6
21378.8
20671.4
20754.1
21254.1
21679.6
20809
20931.7
21411.7
20561.7
21454.1
20671.8
20984.7
21420.3
22218.7
22464.3
22938
21860.4
21594.1
21020.8
21369.4
22003.9
21167.1
21077.9
20906.5
20522.8
20899.1
20658
19676.7
19993.2
20054
19590.6
20095.2
20137.3
20598.8
21162.4
21130.3
21416.4
20883.4
20241.6
20069.1
20545
20725.8
20679.4
20889.5
20587
19662.5
19988.1
20849.7
20613.4
20162
19867.3
20857.6
20291
19809.9
20152.6
20006.2
19462.4
20391.1
19948.8
18869
19368.9
19871.5
20227.2
21069.3
21242.3
20765.1
20744.8
20363.5
20386.5
21055.7
20777.1
20879.3
20344.4
20165.8
20170.9
20222.8
20462.6
20974.4
20878
20404.1
20594.8
20205.5
19790.1
19687.8
20085.9
19549.4
20028.2
19618.2
19336.6
20097.3
18465.2
19465.2
19998.1
21040.9
20346.8
20009.8
20222.2
20513.7
19835.7
19157.8
18541.9
19083.6
19427.7
19828.4
19019.9
19455.6
20405.3
20315
20565.8
20106.4
20054.9
19477.7
19361.1
19212.4
18801.6
19377.3
19071.6
19612.6
19912.6
20902.4
19754.1
19887.2
19090
20100.1
19076.6
19827.8
19950
20311.9
20570.6
20868
20803.5
20545.6
21129.8
21576.5
21544.3
20366.4
20129.9
20099
20419.1
20193.6
19758
19893
20497.9
20181.6
20348.3
19964.1
20040.8
20704.7
21023.5
20182.5
20010.7
19802.6
19599
20380.4
20413.5
19681.4
19017.7
19768.7
20356.2
21292.7
20071.2
19360.5
19232.3
18983.6
18523.1
18278.7
18137.8
17340.2
18431.6
17361.3
17487
17911.3
18537.1
18548.4
19253.6
19374.9
19640.8
19486.1
19356.2
18309.5
18595.9
18653
18671.6
19195.5
18859.3
18185.9
17693.5
17995.2
17681.1
18286.5
19391.7
18789.4
19997.3
20434.4
19949.6
19986.5
19511.3
19565.3
19649.9
19540.8
19449.3
18747
18724.5
18698.6
19048.9
19206.4
18978.8
18513.2
18841.4
19520.4
18770.8
19047.7
19169.6
18173.9
19361.3
18629
18438.5
18720.4
18796.3
18515.1
19738.4
19005.9
18660.3
18362.1
17521.7
19206.3
18659
18107.9
17863.1
18573
18085.9
18229.2
18156.4
17803.6
17982.9
17566.1
17116.7
17421.2
18085.3
18158.2
17041.1
16827.2
17124.7
17278.3
17919.4
18107
18019.2
18661
19230.7
18838.5
18154.2
17509.4
17688.1
17262.2
16973.8
16940.6
17131
17418.3
17930.6
16860.5
17140.3
17484.4
17625.2
16395.9
15886.8
16500.7
16114.9
15600.2
16093.9
16752.8
17878.8
17826.7
18082.8
17455.6
16659.8
17100.9
16406.5
16539.1
17335.5
17643.7
17536.4
17410
17155.3
17685.7
17927.1
17746.5
17428.3
17331.7
17683.6
16788.8
16618
16767.5
17323.5
17580.6
17860
18148.8
17985.9
17312.3
17651.8
16396.4
16717.9
16890.7
17236
16565.3
16119.2
16350.7
16393.1
17520.6
17282.4
17317.1
17183.9
16804.4
17470.3
17478.5
17876.9
17826.2
18078.2
17283.4
17470.7
18078.9
18428.5
18786.8
17443.5
17614.2
17305.6
17342.9
16984.5
17104.2
17667.5
17744.1
18070.3
18204.6
18379.3
18508
18460.2
18402.6
18323.4
19176.6
19220.6
18910
19003.5
19551.7
19207.2
19915.9
19794.4
19127.5
19188.6
18108.8
18736.7
18279.2
17643.1
18162.3
18858
19070
17662.7
18045
18877.5
20263.2
19840.3
19862.8
19515.4
19490.9
17182.6
18119.8
17677.6
17508.3
17566.8
16899.7
16846.8
16849.5
16956.1
17833.7
18141.9
17346.4
17127.5
17334.7
18208.4
18006
18785.6
18067.3
17420.9
17474.6
17229.1
16671.1
17554.7
16634.4
16807
16623.5
17193.5
17169.8
17817.7
17807.9
17697
18869.5
18761.1
18286.9
18538.2
18438.8
18573.4
18929.6
18619.2
18587.5
18908.4
18646.4
18740.5
17405.1
17153.7
17541.4
17147.5
17219.5
17560.5
17320.8
17434.8
17655.6
18123.5
18730
18423.9
18450.1
17184.2
17672.5
18026.7
17727.2
17753
18306.4
19011.9
19269.4
18517.4
17810.5
16977.9
17680.4
17502.5
18465.8
18106.5
18259.4
18870.4
18915.5
19088
18059.6
17806.5
18456.5
18708.6
17888.9
18399.9
17089.9
16772.6
16885
17206.4
17111.2
17520.6
17738.3
18034.6
18082.1
17151.6
16575.6
17007.9
16862
17039.8
16674.5
16922.4
16780.2
16490.5
17438.2
18101.1
19367.3
18224.4
18280.6
18524.3
18265.5
18165.4
19352.9
18738.2
19566.7
19137.6
17776
19062.8
18724.4
18963.8
19443.3
20338.8
20436.8
20833.5
20495.9
19119.2
18731.4
18403.8
18927.6
18597.6
18446.6
19457.7
19093.7
18842.2
18357
18705.8
18531.4
18097.2
18853.1
18910.8
18849.9
18775.4
18700.9
17288.7
17994.6
17767.7
18190.2
18493.7
18452.7
18790.1
18660.6
17917.5
18039.9
18681.4
18916.9
18793.8
19096.5
17953.2
18475
18122.5
17762.2
18774.4
19866.2
19926.9
20128.1
18883.7
19081.6
18040.2
18523.3
19301.8
19486.1
19227.4
18883.2
18900.9
18934.4
18826.2
18903.1
18604.5
18740.4
18786.5
19256.6
19043.6
18941.3
18946.9
18573.9
18776.4
18008.7
18578.1
17930.5
17072.4
18138
17773.3
18060
18046.5
17246.5
17243.9
17088.5
16253.4
16186.4
16228.2
16430.5
16343.5
16061.3
17220
16163.8
15626.9
15339.4
15320.6
15614.7
15395.8
16165.7
16354.5
16526.8
17279.1
17794.5
17920.3
18483.6
18576.1
18016.7
17651.4
17060.5
16835
17831.8
17509.8
17797.6
17276.1
17425.7
17268.2
16961.4
17833.6
17612.2
17423.7
17245.8
17484.3
18345.5
16651.8
16838.1
17203.7
17206.2
17343.2
17157.6
17262.1
16866
17214.7
17835.1
18105.5
17922.6
18273
18361.8
17850.1
17986.5
18186.1
17945.3
18171.7
18053.4
17912.4
17720.4
17220.5
17558.6
17337.9
16119
15950.3
16277.8
16430
16355.8
17090.4
16737.1
17511.6
17138.2
16248.5
16137.6
16175.5
15771.5
14939
15223.3
14586.1
14727.1
16228.5
14355.6
14676.6
15622.7
15160.5
15473.6
15060.2
16123
15251.7
15715.3
15306.7
16150
16608.8
15863.4
15937.4
16513.8
15547.5
15281.2
15387.6
15818.5
14551
15365.5
16117.3
15384.1
14776.6
14831.8
15027.5
16537.8
15665.9
16089.8
16407.7
16279
16236.6
16822.8
15743.8
15536
15147.6
14461.2
14940.1
15258.4
15657.5
15232.4
15743.9
16017.7
15497
15268.3
16168.8
15612.1
15651.9
16960.9
17666.7
16912.1
16922.5
16271.5
16664.6
16990.2
16696.9
16036.2
16260
16634.7
16603.8
17516.7
18249.5
17686.5
17469.7
16872.3
17186.1
17807.5
17809.6
17963.6
17629.8
17594.8
17028.1
17171.1
16459.8
16271.9
16593.2
17032.5
16049.5
15789.4
16084.7
15939.2
15913.8
15624.2
16178.6
16017.9
16052.4
16745.9
17438.2
17643.9
16984.3
16992.7
16845.1
17654.2
17955.5
18080.3
17266.1
18111.4
18878.7
18069.2
17863.3
16351.1
16340
16112.9
16492.2
16691.3
16177.2
15791.6
15591.5
15322.1
16075.4
15656.1
16517.9
16249.4
16916
17549.8
16294.8
15858.2
17378.4
17403.5
18077.5
17822.1
16904.3
16268.7
15882.1
17055.4
16942.3
17100.1
17187.4
16612
17395.6
18172.5
18187.8
17869.1
17522.4
17747.2
16694.2
17451.8
17982.3
17879.1
18028.3
18205.9
17628.4
17285
18101.2
18508
18098.3
18052.9
16887.4
16626.1
17386
17959
16803.6
16712.7
15776.1
16499.6
16706.4
17049.3
16350.5
15813.5
16028.2
16337.6
16082
16027.3
16739.2
17177.4
17579.2
17739.2
17548
16579.9
16432.3
16061.3
16412.2
16878.5
16359.9
16443.9
16868.9
16566.2
15968.1
16491.3
16254
16692.2
17879
18065.2
18673.9
17367.3
17372.1
16422.6
16663.3
16660.6
16610.8
17234.3
17720
17831.7
17869.6
18043.8
18290.5
18138.8
17774.7
18461.8
18430.9
18266.4
18175.6
17697.8
17890.9
17985.8
18188.7
18336.9
18509.6
19366.3
19661
19290.2
19391.1
19184.2
19877.1
20296.6
19156.5
19704.5
19764.8
18758.4
18924.8
19678.7
19731.1
19101.5
18586
17740
18710.1
18006.1
17841.9
17784.8
17624.9
17394.6
17384.4
16912.1
17900
17752.5
17842.2
17398.4
18374.7
17872.3
17363.5
17002.4
17302.3
17861.6
17774
18487.5
18763.1
18834.7
18219
17403.3
17747.4
16593.1
16498.7
16546.5
16920.4
17623.8
17384.3
19177.8
18540.4
17761.1
17622.5
16706.6
18130.9
17427.8
16904.6
18225.8
17992.1
18231.2
18758.1
17901.9
17466.4
17814.3
17519.4
18170.2
18257.9
17575.5
17518.4
17697.6
16622.1
16776.2
17176.8
18126.6
17821.1
17701.9
17911
18145.7
18665.1
18388.7
18558.7
18744
19482.4
20079.3
18901.6
19941.2
19469.3
19084.1
20251.4
20226.1
20282.2
20463.7
19819.6
18452.9
20242.5
21174.9
20658.4
20121.5
20045.6
20085.5
19103.3
19096.6
18979.1
18585.9
18411.3
18140.7
18207.8
17394.5
17772.1
18079.6
18462.2
19012.6
18858.8
18618.1
18425.3
18468.3
17810.3
17210.5
17498.8
17154.3
16703.8
17260.9
17679.9
17424.9
17179.4
16484
16853.7
16913.7
17582.5
17008.6
17760.5
17655.8
17537.9
17281.8
16012.3
16628.5
17190.6
16292.5
16405.5
15886.4
16370.7
17172.3
16962.3
16351.2
17323.7
17371.6
17777.3
17814.6
16830.7
17354.6
17533
17990.1
17733.6
17650.6
17561.3
17062.8
17176.3
16618.2
17285.7
17542.4
17384.6
17374.6
17197.2
17725.5
17841.1
17441.7
17107.7
18508.1
17589.4
17581.8
17141.7
18083.2
18283.3
17615.7
17784.2
16975.1
16937.5
16926.5
17231.4
16930.8
17128
17004.1
16279.5
16528.5
16811.2
17604.3
18084.7
18082.8
16823.4
17039.3
17625.7
17415.8
18040.5
17012.5
16770
16830.4
16747.6
16885.2
16655.1
17000.3
17183
18417
18336.6
18773.9
17391.7
17935.2
17292.1
16866.2
17713.7
16684.2
16438.3
16098.3
15783.8
16260.9
15782.8
16322.5
15975.4
15664
16213.9
16554.6
17538.6
17327.8
17624.5
18149
17321.8
17368.8
15703.7
16022.8
16297.2
17529.8
17543.4
17576.7
18153.5
17766.4
18656.4
18064.5
17736.4
17821.8
18200
17808.9
16963.6
17735.7
17143.4
17622.7
17976.9
17662.9
17160.2
17479.3
17267.1
17366.9
17142.1
17742.8
18713.1
18006
18940.7
19736.9
18891.6
18771.4
18180
18402.9
17918.2
18516.1
19299.7
19913.7
19010.5
18414.2
17915.2
19259.8
19658
20193.6
19392.4
18923.9
19151.6
17955
18933.8
19269.7
18698.2
19192.6
19276.3
19274.1
18778.1
18883.6
18498.4
18142.6
18371.1
18347.4
17921.9
18218.3
17750.5
17728.6
17687.2
17480.5
17414.3
17159.7
18094.4
17807.2
17383
17799.7
18232.9
17845
17443.2
17048
17066.2
17553.2
17407.1
17771.5
17484.8
17694.4
16664.5
17418.3
16613.6
17156.6
17378.2
17306.5
18119.4
17788.8
17319.9
17776.5
18313.9
19493.4
18226.2
17964.2
18267.7
18129.1
18460
17947.2
17014.4
16537.1
17073.9
16995.7
17069.4
17532.9
18017.1
17152.3
17807.9
17900.9
17186.9
17710.3
18105.6
18618.8
18816.3
18237.8
18868.5
17546.6
17709
17803.1
18346.6
17776
18039
18093.9
18588.4
18417.2
17273.2
17073
16105.2
17416.5
17381.3
15964.4
15988.6
16341.5
15989
15892.5
16403.6
15845
15311.9
15962
16738.1
17352.5
16511.6
17436.2
16202.3
15901.4
16967.9
17010.8
16771.1
17450.4
17337.1
17762
16996.9
17284.3
15988.7
16017.6
15952.6
15902.6
16400.7
16194.1
16410.9
15722.9
15976.9
15618.5
14247.6
14098.2
14438.8
15482.9
15822.1
15665.1
15455.2
15141.8
15303.2
15842.7
15710.9
15059.7
16311.7
15766.2
15451.2
15499.2
15616.4
16247.3
15462.7
15543.3
14890
14566.3
14795.7
15182.6
14735.6
14228.5
14680.6
15069.2
14858.2
14214.4
15535.2
14373.7
14709.2
14573.6
14659
13968.9
14486.7
15501.9
15382.4
15928.3
15017.7
14898.2
15046
15213.9
14452.4
15134.1
14785.5
13925.7
14202.9
14396.3
15609.2
15820.4
15652.8
15272.7
15301
15346
14814.6
14473.5
14490.8
14833
15110.5
15190.3
15481.2
15337.1
14491.7
14487.9
14419.1
14952.6
15026.3
14973.7
14035
14381.1
14334
14086.4
14380.2
14347.4
14832.9
14166.6
14415.3
13639.5
13692.2
13898.5
13967.2
13787.1
14637.6
14896
14754.2
14398
14472.4
14842.4
15419.6
14142.5
13940
13993.2
13029.9
12942.1
13379.4
13471.5
13274.3
13421.8
14065.1
14000.5
14447
13157
12755.6
12801.8
12325.4
12987
12817.1
13583.2
13724.6
13643.4
12662.6
12352.1
13147.3
13894
13563.4
14272.2
14585.4
13863.8
14016
13733.5
13114.5
13466.4
13627.6
13763.7
14276.8
13464.8
13036.5
13806.3
13100.1
13727.6
13668.4
13728.5
13113
13080.2
12313.5
12572.9
12772.9
12914.5
13085.5
14008.2
13657.3
14347.1
14353.1
15540.8
15361.4
16453.9
15317.8
14537.2
13461.4
14275.2
14423.2
14748.7
13177.4
13201.3
14023.7
14043.9
14032.6
14155
14842.7
15748.8
16466.2
16627.2
16517.7
16037
15957.6
15891.5
15218.6
15453.8
16060
16026.4
14130.5
15079.7
14802.5
15837
15898.6
15191.3
15224.9
14692.6
15376.2
13698.3
14802.9
14966.4
14724.6
14371.9
15407.5
15426.5
14422.4
14384.7
14376.4
14395.7
14769.4
14328.8
14588.9
14996.8
14468
14071.7
14267.9
14913.1
13309.8
14196.7
14212.1
14195.6
13734.5
13946
14020
13706.6
12946.8
13263.9
12402.3
12472.4
12639.8
12749.2
13028.1
13651.6
13606.6
12822.6
12667.9
12201.6
13671.1
14473
14404.2
13170.1
13424.9
13547.9
13362.2
13860.7
14268.4
15159.3
15884.7
15613.4
15312.7
15020.6
15216.1
14477.6
13469.8
14138.7
13785.3
13859.6
12903.9
12002.4
11962.8
12073.7
11546.5
10988.7
11705.6
11616.3
11433.6
11946.5
13273.4
12281.4
12215
12614.8
12664.8
12340.3
13414
13404.9
12752.3
11962
12135.1
11687.7
12157.1
12119.1
13151.7
12972.6
12275.3
13050.2
13254
13739.8
13257.5
13726.3
13994.6
12589.8
12703.4
13665.4
11966.1
11854.1
12323.8
12670.2
12175.4
11936.8
11503
11743.2
12230.7
12152
12502.3
12390.5
12210.6
11742.7
12386.2
12043.2
12157.3
12361.6
12239.8
12793.7
12887.7
12429.3
12296.1
13216.5
12637.8
12486.7
12523
12039.6
12670.7
12690.1
13317
13293
12716.5
12091.4
12471.2
13152.2
14787.3
14569.3
13807.2
14713.8
13943.3
13498.7
13739.8
13640.8
13798.4
14231.9
13859
13994.6
13803
13036.5
13669.7
14537
13586.9
13604
14446.6
14529.9
14578.3
15057.6
14605.4
14326
14847.3
14862.9
14709.4
15414.7
15594.9
15759.3
15372.9
14986
14932.9
15560.3
14736.6
14763.3
14436.5
15087.9
14517.1
14276.1
14759.2
14907.9
14033.9
13709.7
13642.6
14210.6
14369.5
13373.6
13972.2
14561.5
14023.3
13617.6
13545.5
13541
14185.7
12726.7
13158.6
13377.6
12951
12382.7
12323.7
12392.7
13083.1
12902.6
12676.8
12737.8
12825.5
13351.8
13687.2
13235.4
12133.8
12189.6
12248.1
12790.1
12700
12686.2
12695.4
12644
12415.5
12472.1
12785.3
12917.4
13330.9
12602.4
13071.9
13255.6
13321.6
12799.8
12376.3
12190.1
11960.1
12654.5
12315.5
12557.8
12133.5
12131.6
11844
13080.5
12823.6
12126.8
11793.8
12310.8
12403.2
12599.6
12232.8
11889
11546
11372.2
11960
12334.5
12147.2
12037.6
12098.7
11599.2
12020.4
13002.8
13223.3
12806.8
11620.6
11726.7
11121.9
11725
12524
12297.8
12437.8
11716.8
11851.7
11835.3
12517.2
11320.2
10930.3
10490.2
10962.2
10560.1
10904.9
10732.6
11281.8
10400.9
11084.5
11216.9
10288.3
11220.2
11172.1
11117.5
11780.4
12302.6
11484.1
12118.4
12023.6
12255
11667.4
12690.7
12411.7
12219
11622.7
10928.3
11257.3
11536.9
11992.2
11946.1
12325.9
12788.1
12203.5
11720.3
11879
12428.2
12340.8
11687.9
11808
11779.8
11617.9
11488.9
11838.9
12407.5
12136.8
12694
12433.2
11335.7
11613.2
10837.3
12249.5
11560.1
10956.3
10203.9
10484
10722.9
10893.6
10335.8
10121.9
10840
10907.6
10349.9
10128.4
11257.1
10811.5
11815.5
11672.2
11970.1
10680.8
10776.4
10475.4
11332.7
11269.9
11949.4
11383.5
11430.6
11645.6
11379
10624.6
10415.1
10857.6
10973.1
10730.5
11784.9
11162.5
11072.1
11133.4
11035.7
11055.9
10858.9
10699.9
10775.9
10895
11133.6
10926.7
11157.4
11321.1
12604.7
13624.8
12867.9
11790.8
11457
12390.8
11948.6
12341.6
11838.1
12034.9
12082.5
11568.7
11501.6
11621.8
11737.1
11920.9
11989.8
12261.5
11703.4
12702.9
12516.6
12836.9
12765.1
12250.5
12569
13528.9
12565.4
12270.7
12949.5
12589
13379.4
13423.7
13481.5
12298.9
12326.9
11849.7
12134.6
12066.5
12548.7
12982.3
13125.4
13658.4
13085.1
12904.3
13230.9
12935.2
13409.9
14030.4
14393.6
14639.4
14677.2
14445.2
13735.6
13417.6
14209.8
14124.6
14159.7
13523.8
12828.2
13065.4
13425.4
12833.5
13254
13358.8
13332.2
13446
14243.9
13881.3
13058.8
12830.1
12911.6
12595.8
12717.7
12613.3
12384.3
11989.2
12013.4
11645.5
11041
11457
11701.7
12832.1
12654
12175.1
11673.8
11630.8
12025.8
12296
12506.7
13411.4
12627.1
12390.2
12342.1
11598.7
11295.3
11708.4
12013.8
12289
11681.5
11419.9
11945.2
11910.2
11988.8
12014
12705.4
11962.4
12092.9
11110.6
11368.7
10583.3
10697.8
10297.1
10069.3
10875.3
9754.18
9753.2
11324.4
11524.9
10823.3
11184.2
10465
10679.4
11296
11228.8
11549.8
10781.3
10887.8
10451.1
10447.9
10709.1
10678.2
10400.7
10996.6
11078.1
9972.44
9409.72
10134.6
11221.4
10614
10306.4
10443
11169.5
11135.2
11309.4
11086.2
10670.8
10362.5
10914.3
10933.5
11358.6
10816.6
10897.6
10789.2
10917.5
11311.6
11791.1
11533
11614.4
11429.2
11466.4
11709
11885.5
12276
12241.9
12292.6
12240.5
11969.1
11708.9
12315.6
11901.1
11587.6
11698.7
12464.5
11354.3
11274.1
11250.8
11112.2
11159.7
11286.7
11358.2
11449
11437
10529.2
10870.8
11297.1
11727.4
12294.6
11473.4
11554.9
10876.3
10914.8
11319.5
12534.9
11735.1
11358
12402.4
12276.9
12054.5
12301.5
12069.7
12119.8
11300.7
11357.3
11490.3
10612.9
11327.3
12092.1
12359.2
12737.5
12895.8
12273.1
12437
11902.4
11483.7
11470.6
11195.6
11455.6
12539.2
12413.1
11675.8
11789.5
12297.7
12378.6
11923.3
12276.2
12014.3
12043.3
12115
11643.4
11948.3
12096.4
13133.9
12968.8
12794.9
12243.1
11871.8
12048.8
12394
12809.3
12220.2
11833.2
11935.3
11821.7
11692.6
13294.3
13805.5
13648.3
12503.5
11867.9
12860.5
12984.7
12132
12391
12042.9
12418.9
13203.5
12850.4
12997.8
13141.9
12899.2
12667.5
12784.7
12710.2
12786.8
12606.8
12610.5
12820.9
12866.7
11666.9
11113.5
11407.6
10905.9
11191.6
10985.9
11316.9
10743.7
10823.4
10954.2
10839.6
10582.8
10657.8
11265.9
10790.7
10947.6
10569.6
10885.7
10736
10457.4
10296.8
10446.8
10990.3
10835.7
10398.4
10774.3
11012.2
11248.1
11252.4
11520.6
11499.6
11880.9
11278.5
10540.8
10586.9
11049.9
9636.2
9571.83
10629.6
10411.1
10576.6
11758.6
11321.7
10470.9
10181
10854.8
10633.7
10209.4
11005.3
10345.5
9591.69
9353.21
9359
9537.08
9598.61
9449.11
9234.09
9198.56
8943.36
8895.66
9446.26
8800.02
9004.08
9241.79
8951.49
8628.61
8509.13
8529.77
8538.04
8522.24
8130.99
8678.37
8390.49
8824.35
8514.58
8349.05
8273.82
9245.83
8970.37
9170.9
8597.14
9562.17
10658.3
11477.2
11901.4
11210.1
10514.4
10537.1
10202.6
10400.4
9737.11
8516.98
8937.72
9216.33
9164.53
9244.29
9335.57
9842.44
9794.34
9503.82
9637.62
9130.87
9372.24
9301.38
9851.65
10176.7
9859.76
10595.4
10083.7
10461.8
10082.8
9438.71
10113.5
10102
9523.71
9719.82
9704.04
9728.47
9905.44
9620.92
9082.39
9247.42
9084.54
9565.93
9255.68
9210.41
9913.65
10460.8
10253.2
10346.3
10288.6
11214.9
11017.8
11294.6
11402.6
11842.7
11072.6
10805.6
9979.09
10565.1
10460.8
10665.5
10452.7
10283.9
10500
9982.78
10184.9
9877.88
10558.3
10341.2
10451.6
10783.5
11350.2
10601.5
10942.3
10729.9
10073
9747.62
9528.32
9423
9391.46
9799.18
9859.78
9900.27
10046
9426.2
10019.5
9575.95
9991.27
10470.7
10182.7
10192.9
9998.48
10652.3
10773
10188.4
10705.2
10269.9
9386.11
9504.31
9996.31
9419.22
9517.43
9146.14
9920.36
9493.54
9042.45
8925.06
8758.5
9606.52
9633.18
9214.76
8691.52
8679.82
8980.8
9670.41
9283.04
8940.32
8043.78
8912.7
9309.92
8447.23
8344.33
7616.79
7715.08
8306.58
8228.36
8383.79
8566.53
8595.29
8765.57
8901.47
8747.54
8656.31
8553.53
8223.67
9075.34
7746.09
7633.77
7797.33
7790.73
7872.15
7522.95
7793.83
7794.71
7741.73
7795.24
7726.67
7930.59
8328.75
8013.53
8533.68
8192.11
8101.41
8692.05
8246.75
9092.16
8989.54
8154.23
8414.27
8544.96
8659.08
8234.36
7590.43
7706.79
8248.14
7541.24
8267.25
8264.26
8376.49
8680.61
8539.36
8326.2
8080.99
8008
8209.6
8196.12
7914.41
8025.61
7724.52
7940.77
8483.68
8370.8
8116.59
8472.98
8520.2
8586.07
9091.79
9041.09
8772.31
9581.56
9543.7
9450.19
8911.46
8914.43
9266.57
8633.99
7810.43
7779.6
8406.95
7288.71
8210.01
7691.4
7870.24
8151.67
7483.3
7786.88
8423.86
8347.49
8599.68
7968.26
8473.24
8197.59
8140.31
7647.14
7737.86
7537.4
7295.71
7785.8
7605.29
8090.94
8945.52
8892.08
9184.45
8386.33
8620.94
8583.06
8461.1
8278.6
8071.29
7837.81
7851.34
7841.42
7761.68
7572.86
7663.82
7884.69
7931.07
8257.11
7780.14
7968.86
7878.58
7986.09
8638.7
8228.96
8137.24
8591.85
8593.98
8035.14
8463.84
8172.73
8268.83
7749.1
7465.03
7717.84
7515.17
7845.37
7234.02
7713.84
8361.62
7820.21
7892.25
7773.52
7339.19
6994.99
6689.31
6911.35
7239.8
6576.81
6898.11
7452.06
7684.72
8108.62
8533.57
8436.6
8807.17
8021.84
8326.53
8146.51
8375.94
7978.39
8278.71
9035.26
8762.63
8173.92
7922.08
7655.64
8207.5
7444.58
8851.96
8780.48
8814.67
8929.99
8625.5
8492.93
8277.11
7716.04
7752.62
7754.27
7631.44
7372.85
7641.23
7190.23
7721.05
7699.43
8037.89
7469
7580.48
7517.82
7166.16
7411.76
7251.15
7460.22
7300.86
7347.6
7299.23
6980.93
7559.25
7895.07
7638.64
7718.39
7756.65
8605.17
8854.42
7396.74
7538.48
7856.55
7330.37
7377.74
7462.61
7515.51
7666.83
8321.76
8147.88
8002.08
8580.48
8341.29
8107.53
8661.64
8708.25
8673.75
7698.04
7883.69
8152.81
8361.38
8401.56
8414.15
8823.52
9280.77
8841.82
8079.74
8255.55
8505.91
8684.58
8224.75
7994.09
8543.39
8708.14
8523.18
8924.06
8839.7
8836.58
8261.27
8474.66
8608.15
8923.65
8509.16
8840.03
9051.71
8802.6
9552.66
9038.91
8489.88
8451.21
7937.87
7491.48
7537.98
7528.18
7385.85
7606.44
8311.33
7511.04
7367.3
7185.31
7181.15
7371.82
6956.07
7116.79
7529.32
7649.8
7821.59
7607.46
8593.61
9254.59
9661.9
9378.7
9296.83
8613.48
8191.05
8703.04
8450.13
8819.7
8721.21
8850.63
8876.14
8733.12
8535.93
8861.85
8969.92
9148.03
9238.97
8936.38
8769.75
8164.39
9525.38
9370.5
9195.37
8654.31
8854.11
8575.69
9094.58
8547.16
8948.78
9306.37
9086.36
10209
9707.73
10277.4
10830.2
9801.84
9595.74
8889.03
8578.25
9869.94
8843.92
9037.95
8988.39
8749.09
8742.7
8976.52
9246.45
8816.85
9176.45
8652.71
9074.7
9080.06
8239.78
8616.75
8563.38
8729.29
9262.78
9413.43
9716.65
9756.65
9539.03
8649.29
8847.84
9242.82
9143.96
9366.08
9181.59
9246.86
9397.6
9322.96
8755.78
9083.62
9290.64
9616.9
8920.56
8788.27
8673.4
8676.73
9150.53
9163.12
8924.42
8561.57
8649.17
7625.96
7628.98
8210.22
7465.15
7954.52
7936.19
7483.23
7488.87
6983.08
7327.18
7508.94
8030.21
7641.95
7824.3
7936.07
8190.93
8173.87
8095.04
7873.67
8119.68
8073.93
8040.57
8448.97
8474.92
9182.2
8523.47
8597.32
8397.96
7834.97
8148.93
8507.98
8692.92
8798.81
8773.51
8503.9
9173.26
8576.32
9188.39
9688.62
9103.12
8682.62
8384.86
8980.13
8663.18
8690.97
7908.41
8138.77
8120.05
8551.36
7777.78
8228.16
8162.72
7881.43
7996.35
7558.8
7710.53
7429.57
7183.44
6861.01
6904.23
7327.4
7545.41
7357.83
7312.03
7518.83
7500.29
6711.51
6680.66
6731.56
7459.93
8313.38
7974.32
7776.55
7350.62
7468.7
7862.54
7675.65
7267.32
7276.54
7091.08
7442.51
6805.76
6399.33
6660.79
7113.18
6999.1
7651.45
7093.05
6085.47
5845.64
5771.48
6154.45
6083.36
5689.76
5650.98
5640.71
5883.88
5801.36
6079.05
6170.31
6582.6
6825.63
6574.85
6118.45
6408.24
6416.86
6029.6
6027.64
6069.39
6489.14
6849.63
6607.31
6777.19
6681.88
6324.36
6683.39
6572.32
6409.26
6659.46
6534.45
6205.63
7072.51
6719.92
6750.25
6843.17
6731.58
6763.16
6448.5
6284.17
6777.41
6534.15
7231.7
6801.38
6187.11
6277.3
5981.22
6411.86
6249.29
6640
6541.08
6954.33
6395.09
6504.87
6668.78
6597.17
6588.29
6453.47
6259.41
6165.43
6141.75
6095.46
6162.93
6163.21
5685.82
6223.83
5946.22
5877.66
5746.86
5916.97
5714.38
5963.3
5553.5
5915.72
5807.58
5935.15
6023.18
5782.03
5979.66
5991.7
6093.4
6240.82
5749.38
5786.8
5969.42
5664.36
5298.61
5973.55
6058.89
6135.67
5987.61
6436.39
5832.86
6230.72
6115.99
6309.61
6405.97
5819.9
5887.29
5661.91
5899.64
5598.15
5847.15
5690.87
5711.07
6288.45
6109.12
5727.81
6275.55
6156.75
6254.31
6673.84
5937.58
5933.87
5760.54
5415.71
5600.66
5400.21
5474.07
5241.23
5278.67
5420.82
5754.58
5886.49
5670.99
5801.18
5887.58
5816.49
5493.02
5998.44
5905.56
6414.57
6000.94
6638.31
6389.21
6413.57
6119.47
5991.89
6254.46
6228.3
6059.14
5808.03
5480.12
6050.66
6462.22
6504.75
6403.44
6736.2
6653.14
6770.84
6402.01
6757.21
6846.81
6421.9
6955.84
6505.43
6538.68
7033.59
7612.33
6923.9
7474.05
7697.39
7286.17
6786.16
6874.61
6358.4
7155.34
7307.04
7266.97
6615.92
6939.95
6909.33
6970.03
6816.65
7351.8
6549.63
6603.27
6836.19
6146.77
6392.24
6619.86
6847.94
6773.61
6770.51
6200.2
6565.49
6347.5
6940.3
6406.38
5999.14
5530.76
5848.89
5515.37
5042.83
5407.16
5489.43
6121.72
5876.21
5877.37
6391.7
7159.93
7075.36
7208.19
6762.75
6654.64
6486.88
6870.58
6736.09
6908.72
7103.2
6657.68
6290.77
6392.62
6528.39
6442.11
6189.22
5994.25
5600.34
5608.05
6185.44
6119.87
6016.11
6349.91
6187.66
6285.42
6080.6
5897.49
5846.04
5837.66
5451.48
5456.8
5701.62
5618.61
5522.21
5793.8
6175.15
6494.41
6110.57
6269.97
5657.33
5593.32
5660.94
6091.75
6164.99
6018.63
5873.82
6049.03
5959.77
6371.38
5911.24
6179.82
6271.14
6708.05
6617.12
6486.45
6507.85
6853.92
6454.46
6581.81
6640.17
6139.96
6158.47
5887.23
5894.56
5517.07
5703.06
5612.01
5002.63
5215.71
5896.7
5537.69
5504.43
5133.61
5297.89
5022.49
4783.1
5037.03
5003.8
5272.29
5446.12
5281.56
5231.56
4685.3
4546.03
5208.25
4990.61
5014.66
5324
5457.76
5543.86
5817.69
6262.87
6501.12
6961.11
6603.55
6216.96
6251.43
6835.02
6704.82
6713.78
6799.63
6394.5
7041.85
6975.18
7043.02
6544.37
5827.03
5527.43
5825.18
5840.45
5558.82
5340.73
4991.31
5356.85
5284.61
5084.36
5233.01
5254.39
5433.2
5296.13
5191.06
5344.64
5221.38
5165.3
4924.93
5377.11
5301.03
5076.74
5447.66
5256.81
6125.27
5492.29
5167.58
5424.89
5103.87
5257.46
5406.49
5656.12
5253.45
5404.6
5562.21
5719.23
5393.36
6107.98
6495.56
5758.19
6182.31
6275.11
5719.21
5979.03
6446.27
6254.58
6310.27
6205.09
6436.77
5695.24
5961.94
6099
6513.78
6217.79
6033.01
5878.15
5692.99
5937.32
6324.57
5878.09
5680.26
5642.91
5493.51
5162.87
5349.12
5911.66
5902.05
5689.7
6073.92
6358.06
5660.66
5822.83
5888.05
6002.9
5839.73
4893.79
4841.85
4698.63
5012.41
5177.48
5268.03
5106.52
5340.14
5388.43
5356.39
5151.37
5360.67
5242.55
5748.4
5855.24
6346.62
6793.54
6277.48
6077.15
5958.23
5875.42
5774.15
5211.23
4792
4903.2
5459.37
6128.52
5935.36
6324.42
5741.65
5559.39
6159.92
5387.61
5295.84
5409.79
5264.91
5335.59
5242.04
5664.55
5487.34
5639.44
5802.55
5812.91
5515.13
5232.55
5493.8
5513.16
5721.42
6142.9
6121.28
5993
5322.25
5358.6
5382.28
5329.57
5410.49
5110.79
5757.21
5681.06
5432.17
5403.06
5330.46
5283.52
4802.79
5472.81
5556.81
5411.68
5379.49
5406.1
5192.19
5504
5337.09
5479.21
5787.54
6196.54
6324.79
6346.48
6267.58
5370.43
5558.08
5461.24
5626.52
5696.36
6186.56
6005.67
6058.42
6167.39
6104.01
5508.95
5156.28
5388.57
5338.08
5496.04
5537.32
5171.62
5056.95
4847.73
5181.94
4923.76
4920.29
4988.81
5140.62
4816.64
5193.46
5166.63
5306.31
4523.71
4399.24
4714.05
5072.04
4998.04
5238.66
5541.72
5460.81
5224.02
4856.12
4932.37
4484.79
4380.1
4409.88
4426.32
4803.8
4774.13
4609.65
4603.36
4935.32
5065.96
4701.73
4574.09
4590.09
4338.49
4479.86
4334.71
4528.29
4554.47
4778.15
5111.54
5095.85
4519.08
5360.02
4938.79
4650.96
4850.07
4847.15
4377.4
4518.08
4611.26
4757.9
4891.47
4584.84
4627.64
4876.19
4757.07
4457.71
4162.98
4333.71
4344.36
4334.84
4242.15
4967.02
4549.21
4869.39
4722.4
4718.85
4541.39
4530.13
4495.51
4842.91
5248.4
4842.39
4550.44
4666.32
4651.29
4857.33
4887.28
5651.55
5272.68
5477.69
5256.46
5581.26
5689.94
5451.18
5469.01
4923.58
5072.99
5166.3
5083.69
4936.68
4848.62
5222.44
5493.27
5168.37
5151.78
5210.49
5103.68
4906.67
5137.77
5252.98
4856.45
4841.24
4601.35
4358.62
4506.97
4325.2
4567.19
4561.95
5037.2
5257.07
5009.77
5453.21
5253.89
5066.5
5303.17
5497.65
5592.35
5188.01
5019.1
4914.95
4704.57
4409.61
5126.92
5270.78
4538.71
5028.59
5082.24
4942.18
4783.44
4980.14
5285.13
5023.93
5219.81
5592.69
5326.73
5075.13
4908.4
4972.68
5555.07
5121.67
5180.5
4650.87
4773.33
5197.6
5028.4
5503.47
5144.44
5153.88
4737.18
4973.13
5128.83
5552.35
5410.46
4481.48
4598.66
4367.1
4273.45
4297.86
3965.32
4322.81
4426.31
4253.55
4500.27
4461.65
4506.18
4475.58
5044.27
4686.51
4795.23
4613.07
4792.46
4978.26
4507.42
4945.94
4512.86
5500.52
4925.05
5449.33
4754.02
4474.9
4705.32
4739.22
4617.72
4609.27
4755.95
4450.7
4149.68
4741.88
4622.39
4644.55
4731.97
4410.03
4458.49
4781.68
4746.84
5014.53
4523.25
4702.8
4372.71
4151.01
4337.97
4470.76
4668.28
4377.74
4328.44
4136.25
4175.42
4231.66
4112.8
4103.35
3876.07
3690.82
4389.38
4091.17
4339.23
4210.93
3879.63
3913.5
4101.04
3981.31
4130.62
4385.94
4635.99
4691.59
4789.71
4682.23
4550.94
4760.94
4746.89
4797.39
4562.16
4783.47
4423.64
4347.27
3932.21
4378.58
4716.47
4680.97
4597.19
5219.29
5152.96
5230.12
5462.56
5291.24
5032.64
4853.17
5039.3
5472.69
4978.01
5109.91
4799.75
5035.48
4749.44
5157.21
5368.51
5594.41
5215.87
5385.89
4729.76
4739.14
4673.68
4863.14
4905.71
4891.25
4890.63
4555.04
4255
4679.65
4570.88
4518.32
4479.57
4662.67
4573.2
4590.85
4957.22
4441.99
4772.17
4779.41
4403.73
4182.52
4327.56
4648.43
5021.69
4828.53
5198.14
5116.77
5475.91
5431.38
5211.14
4724.77
4203.37
4204.8
4241.7
4635.59
4037.69
4031.32
3611.01
4177.84
4492.02
4184.65
4342.33
4546.7
4604.12
4895.12
4764
4702.64
5066.48
4770.93
4548.9
5200.87
5033.52
4700.81
4458.22
4191.28
4267.11
4342.51
4431.97
4876.35
4952.87
4877.88
4480.39
4471.76
4312.54
4310.17
4070.11
4297.52
3970.02
3886.94
3910.25
3840.08
4037.43
4334.72
4453.79
4109.06
4153.41
3987.03
4029.62
3734.26
3812.25
4210.12
3899.66
3947.75
4403.5
4237.29
4097.91
4802.93
5003.03
4741.8
4675.34
4311.49
4269.16
4368.37
4278.06
4492.95
4694.42
4506.21
4560.15
4664.3
4318.7
3743.2
3752.71
4092.92
3595.57
3421.85
3587.08
3542.1
3484.4
3831.1
3763.12
3443.61
3643.17
3797.62
3557.6
4111.77
3895.65
3788.84
3795.97
3740.71
3639.8
3559.52
3617.47
3726.26
4128.3
3906.8
3702.55
3732.71
3878.27
3676.73
3713.7
3721.92
3799.55
3425.82
3614.02
3618.46
3522.65
3602.17
3825.47
3693.25
3780.88
3761.46
3962.21
4297.61
4003.82
3843.18
4016.99
3940.88
3945.95
3784.87
3630.31
3785.98
3935.37
3642.09
3653.5
3635.85
3398.57
3515.15
3546.89
3737.13
3415.21
3409.27
3191.06
3327.98
3683.77
4091.66
3345.54
3085.67
3293.09
3368.05
3271
3320.13
3402.03
3390.47
3723.88
3511.84
3489.76
3445.5
3397.38
3580.23
3342.75
3581
3294.34
3222.23
3112.91
3410.42
3355.59
3440.42
3602.77
3676.85
3425.99
3538.6
3303.79
3464.12
3248.8
3625.41
3496.61
3540.13
3066.58
3735.62
3776.09
3839.7
3598.55
3636.85
3294.36
3562.14
3314.61
3543.72
3844.82
3905.12
4319.43
4014.49
3917.62
3922.05
3736.8
3777.79
3947.47
4064.38
4042.75
3915.27
3366.54
3607.23
3376.02
3984.74
4145.87
4201.69
4052.55
4235.36
4109.2
4226.49
4227.67
4301.72
4142.07
4177.67
4203.68
4324.72
4177.63
4175.11
4283.22
4110.81
3820.57
3987.72
3967.5
3953.93
3739.12
3474.66
3410.64
3441.74
3771.83
3901.95
3854.77
3755.44
3545.6
3568.09
3582.36
3404.64
3471.15
3492.22
3344.6
3671.46
3816.71
3212.86
3451.05
3694.82
3559.38
4030.03
3755.55
3427.94
3263.75
3383.99
3392.25
3559.03
3470.03
3384.93
3357.06
3115.21
3097.98
3251.53
3151.87
3256.17
3395.72
3424.13
3277.8
3386.98
3169.83
3600.61
3787.06
3732.56
3665.46
3667.16
3740.57
3846.62
3898.99
3970.55
3997.32
3792.89
3877.77
3502.83
3668.23
3685.53
3606.85
3582.35
3558.08
3592.58
3632
3710.7
3628.53
3544.21
3374.18
3686.13
3698.22
3506.29
3765.54
3496.42
3654.84
3368.92
3689.85
3526.68
3492.12
3474.56
3758.54
4000.33
3606.15
3381.72
3418.55
3709.77
3810.48
3932.6
4090.82
4118.44
3789.06
3773.01
3572.95
3776.74
3962.85
4169.92
4144.19
3880.79
3835.4
3876.67
3819.18
3551.38
3641.11
3876.43
3895.42
3833.51
3864.3
3762.17
3572.15
3580.66
3531.6
3484.87
3387.61
3179.95
3387.89
3423.8
3508.94
3640.96
3592.2
3683.19
3505.52
3483.67
3438.68
3342.21
3135.95
3309.42
3278.16
3145.5
3281.19
3383.46
3357.06
3524.22
4075.87
3663.43
3547.8
3679.71
3624.53
3463.34
3425.77
3544.14
3374.1
3489.47
3363.38
3387.72
3139.45
3183.01
3341.83
3391.08
3449.68
3369.79
3362.96
3533.55
3732.43
4055.54
3562.88
3450.43
3493.83
3882.05
4176.68
4253.08
4154.22
4007.09
4112.27
3799.38
3959.29
3910.44
3930.13
4170.09
3944.95
3961.98
3939.61
3933.42
3994.12
3896.8
4112.32
3682.8
3527.29
3524.51
3661.27
3581.37
3917.18
3984.84
4038.02
3913.78
3927.98
3792.19
3643.8
3696.95
3489.3
3400.68
3444.14
3676.39
3700.91
3832.07
4105.91
4035.36
3640.4
4155.55
3813.89
3871.7
3860.17
3790.57
3837.65
3902.39
4016.04
3828.12
3851.92
3738.2
3970.96
4030.38
4156.56
4040.01
4137.71
4100.68
3975.95
4077.07
3908.58
3903.5
4299.75
3970.5
3919.37
3794.23
3857.76
3781
3852.37
3840.02
3826.63
3893.76
4094.07
4120.19
3630.7
3743.48
3785.16
3860.76
3861.96
3811.55
3847.29
3806.57
3853.85
3616.41
3543.93
3570.31
3531.95
3689.17
3987.06
3756.58
3702.39
3982.31
4016.95
3888.62
3720.38
3656.27
3879.06
3801.31
3859.78
3919.21
4265.07
4246.38
4069.33
3865.08
3618.26
3622.9
3512.76
3427.61
3601.83
3518.21
3700.28
3585.19
3605.29
3620.95
3731.18
4132.69
3802.68
3309.28
3440.78
3305.04
3461.34
3629
3384.23
3107.78
3115.72
3344.5
3508.27
3576.67
3534.61
3514.37
3387.54
3369.53
3309.39
3565.02
3610.51
3525.92
3760.63
3711.13
3925.81
3937.58
4032.68
3739.96
3579.4
3771.84
3322.68
3323.44
3525.87
3336.16
3311.85
3459.05
3467.88
3530.88
3684.3
3726.07
3724.96
3633.77
3600.08
3867.08
3585.82
3510.22
3627.91
3541.9
3508.95
3394.66
3444.58
3414.16
3554.22
3831.27
3954.7
3480.18
3370.51
3247.45
3264.43
3243.8
3283.08
3373.25
3588.69
3752.1
3425.64
3154.97
3041.64
3091.66
3087.92
3269.76
3164.5
3108.94
3111.22
3136.88
3366.51
3486.08
3352.43
3409.33
3419.97
3461.83
3557.07
3810.89
4011.16
3805.41
3789.35
3618.74
3760.56
3429.41
3503.24
3306.21
3305.7
3369.83
3246.61
3563.82
3711.76
3860.13
3382.7
3593.28
3534.85
3388.37
3638.81
3316.62
3336.73
3371
3277.9
3335
3251.29
3076.48
3516.25
3239.65
3354.81
3294.22
3436.81
3465.21
3227.2
3213.57
3400.82
3659.36
3600.3
3320.42
3148.32
2993.95
3013.68
3449.28
3420.8
3850.79
3713.52
3471.07
3306.6
2987.58
3137.01
3263.69
3048.69
3086.81
3208.9
3101.79
3265.32
3388.65
3474.19
3181.46
3147.39
3101.99
2980.63
3035.25
2884.83
2731.94
2943.77
2741.71
2914.51
2937.76
2918.46
2972.37
3358.85
3237.55
3129.01
3390.57
3589.66
3603.55
3387.7
3915.09
3755.28
3385.21
3068.42
2914.16
3447.3
3137.49
3154.56
3155.84
3219.41
3189.54
3092.39
2941.2
3086.05
3009.69
2907.85
2751.22
2743.11
2874.67
2900.82
2960.17
3097.94
2957.11
3011.15
3230.78
3043.11
2956.51
3101.4
2999.46
2838.33
2765.13
2754.88
2698.96
2701.29
2488.7
2480.27
2473.68
2608.93
2464.58
2471.63
2288.18
2364.03
2335.76
2455.59
2605.47
2634.54
2586.61
2616.46
2708.01
2700.12
3027.38
2951.71
2704.29
2595.45
2821.87
2526.01
2638.43
2748.69
2881.49
2796.34
2923.59
2669.83
2719.74
2764.53
2863.72
2917.44
2933.13
2868.12
2768.97
2932.6
2810.87
2929.06
2955.62
2844.41
2914.92
2713.45
2740.61
2818.43
2778.58
2936.33
3053.71
2901.44
2638.17
2709.65
2725.97
2906.47
2891.22
3123.44
3056.77
2928.29
2963.7
2927.37
3033.03
2963.68
2770.47
2719.87
2952.38
3026.89
3149.34
2829.65
3000.68
2841.87
2730.22
2637.86
2592.02
2619.92
2594.4
2860.48
2821.93
2887.63
2835.68
2733.85
2806.53
2950.48
3153.86
2814.82
2820.98
2997.26
2838.36
2879.93
2827.08
3019.06
3031.46
3037.1
2916.61
2919.38
2915.28
3000.49
3383.04
3287.3
3334.03
2953.82
2975.23
2823.62
2626.14
2809.86
2753.04
2877.75
2826.23
2775.99
2864.19
2762.37
2658.73
2809.6
3173.26
2899.28
3033.16
2845.33
2949.34
2906.69
2694.47
2887.54
2688.43
3002.05
3046.07
2956.31
2977.28
2865.57
2880.18
2949.77
3116.06
3002.68
2975.23
3317.72
3203.84
3213.58
3214.04
3180.27
3338.39
3023.1
3009.3
2980.58
2902.4
2942.76
2974.41
2881.72
2731.97
2699.33
2498.55
2566.53
2545.82
2634.39
2678.57
2901.65
3080.48
3115.92
2927.01
2817.47
2951.56
2806.86
2950.42
2824.88
2924.5
2984.76
3227.3
3165.61
2961.43
2680.42
2550.48
2919.74
2812.46
2626.32
2787.85
2753.9
2907.7
2741.23
2579.04
2871.1
2971.85
2896.14
2721.95
2649.78
2686.15
2973.46
2895.52
2792.96
2677.23
2513.42
2462.88
2456.73
2436.44
2526.89
2701.91
2602.91
2757.42
2756.47
2885.28
2784.65
3055.78
3032.97
2980.15
3158.84
3056.77
3142.16
3004.84
2895.31
2983.68
2921.14
2700.78
2705.15
2821.71
2777.54
2802.84
2642.16
2588.18
2520.14
2665.25
2705.07
2820.6
3005.64
2932.31
2916.05
2905.54
2892.23
2957.43
2853.47
2900.86
2861.96
2849.11
2863.38
2844.24
2727.63
2821.74
2934.51
2681.01
2721.41
2671.01
2848.22
2942.14
2886.36
2732
2914.66
2826.18
2459.89
2444.56
2530.23
2630.86
2871.18
2967.74
2907.74
2699.21
2879.59
2945.06
2938.5
2830.56
2823.52
2703.15
2671.2
2588.15
2610.18
2572.18
2694.5
2778.19
2766.63
2800.87
2537.81
2618.69
2518.6
2464.7
2562.59
2517.99
2496.39
2513.8
2569.97
2285.69
2371.64
2356.59
2511.93
2459.7
2368.41
2500.57
2426.62
2470.43
2604.15
2561.67
2430.34
2138.2
2074.76
2045.87
2119.18
2043.45
2063.91
2085.36
2241.36
1917.52
1963.56
2024.04
2175.92
2102.69
2199.01
2175.46
2025.25
2174.3
2569.09
2588.85
2513.03
2350.58
2262.47
2249.38
2191.8
2268.26
2001.28
1869.56
2005.71
2040.71
2125.91
2279.27
2367.88
2307.69
2147.13
2195.91
2099.79
2253.93
2331.74
2212.2
1902.52
1924.3
1915.35
2001.15
1956.41
1908.39
1914.29
1886.26
2055.81
2062.6
2157.14
2012.06
2138.31
2115.88
2139.13
2116.7
1952.59
1969.8
2052.57
1940.45
2081.19
2168.86
2210.29
2300.45
2372.45
2156.82
2271.28
2198.99
2122.75
2387.55
2440.57
2556.49
2761.42
2835.02
2659.51
2530.44
2410.22
2270.53
2504.05
2272.36
2259.37
2263.36
2124.96
2166.84
2290.01
2396.72
2356.17
2395.99
2199.57
2350.08
2299.15
2370.74
2424.36
2193.07
2220.35
2170.59
2208.13
2310.81
2144.23
2245.67
2315.93
2229.22
2102.52
2114.54
2215.26
2137.04
1969.35
2058.17
2104.75
2027.52
2120.16
2066.52
2057.22
2178.76
2419
2374.57
2510.31
2522.43
2522.88
2458.18
2492.36
2374.97
2333.37
2445.05
2397.84
2342.53
2204.23
2228.37
2239.21
2287.4
2273.58
2296.04
2247.82
2110.32
2057.5
1943.94
1966.33
1924.6
2048.1
2097.19
2098.69
2195.82
2350.42
2330.43
2288.19
2387.31
2570.68
2519.2
2321.24
2301.4
2735.97
2588.29
2512.3
2696.82
2487.96
2376.64
2309.98
2301.57
2367.51
2334.97
2263.55
2320.88
2257.93
2408
2350.27
2347.61
2323.01
2348.59
2417.98
2435.51
2597.95
2354.74
2418.69
2328.59
2122.64
2256.81
2105.94
1955.51
2204.24
2279.29
2223.05
2274.55
2356.7
2389.73
2372.78
2484.1
2530.01
2523.4
2582.49
2540.33
2600.76
2344.17
2323.77
2326.5
2276.24
2214.87
2206.28
2226.19
2245.33
2180.99
2425.85
2410.78
2395.51
2476.28
2402.14
2443.65
2493.51
2737.51
2696.76
2665.84
2314.39
2248.29
2191.29
2238.25
2337.41
2564.63
2571.47
2263.93
2411.71
2253.07
2285.29
2382.84
2284.44
2187.73
2154.28
2237.84
2108.96
2131.62
2105.34
2051.97
2064.09
2053.02
2251.28
2265.12
2233.15
2310.56
2183.19
2163.3
2292.41
2372.98
2258.3
2296.48
2432.7
2392.14
2551.74
2497.74
2413.9
2360.28
2211.06
2320.29
2341.96
2281.95
2341.93
2608.19
2511.69
2592.23
2450.31
2417.41
2342.59
2469.3
2548.98
2500.51
2356.35
2484.97
2562.74
2406.66
2375.96
2517.31
2442.03
2386.12
2278.87
2366.32
2337.15
2403.66
2442.8
2299.89
2257.39
2181.21
2320.49
2291.76
2176.18
2126.24
2023.01
2108.44
2143.61
2081.91
2072.16
2035.56
2060.61
2073.83
1978.99
2057.49
2188.54
2078.12
2032.86
2268.3
2094.9
1922.18
2097.65
2124.51
2106.81
2125.18
2134.32
2226.37
2226.05
2061.44
2119.73
2068.19
2135.9
2021.98
2237.7
2348.86
2117.5
2100.66
2106.81
2094.57
2077.51
2107.82
2074.44
2166.44
2046.96
1986.55
2213.23
2178.37
2119.66
2254.31
2079.76
2088.25
1879.54
1946.79
2018.7
2050.88
2041.76
1972.9
2066.52
1988.41
1965.54
1929.41
1907.63
1831.24
1887.19
1935.14
1978.83
1862.94
1975.47
1857.56
1913.79
1956.24
1936.3
1840.64
1757.72
1816.16
1897.17
2007.38
1945.08
1960.82
1871.58
1864.19
1923.53
1778.91
1839.95
1821.07
1762.2
1867.5
1907.04
1920.47
1885.16
1913.58
1931.41
1898.44
1874.67
1933.86
2014.61
2081.06
2091.64
2006.3
1892.26
1975.78
2024.45
1913.41
1840.03
2038.51
1968.24
1946.95
1911.73
1983.11
1957.16
1962.09
1987.56
1986.66
1931.13
1944.17
2063.05
2109.45
1935.27
1871.51
1904.88
1894.8
1944.49
1989.35
1908.98
1767.37
1755.29
1846.79
1757.69
1821.25
1943.09
2010.46
1836.73
1898.94
1994.97
1862.76
1841.39
1909.83
1864.72
2026.45
2077.73
2033.19
2135.75
2064.37
1978.74
2141.22
2181.42
2304.64
2261.04
2078.51
2126
2017.14
2079.46
2013.94
2087.41
2196.23
2121.79
1954.21
2096.55
2057.26
2219.37
2126.8
2130.79
2113.56
2141.53
1924.95
1952.91
1860.79
1805.99
1952.42
1876.28
1886.94
1872.94
1896.08
1904.58
1875.7
1889.75
1943.71
2061.08
1971.72
1890.55
2031.16
1962.84
2097
1875.02
1725.08
1773.98
1720.2
1819.16
1797.29
1890.29
2014.82
1897.71
1875.16
1741.63
1729.1
1838.88
1782.88
1825.16
1880.5
1833.12
1831.2
1940.12
1800.37
1817.66
1938.65
1972.92
2034.58
2019.28
1943.73
1861.12
1948.36
1898.97
1923.9
1876.04
1836.73
1859.43
1808.47
1822.6
1922.67
2022.62
2131.85
2041.62
1957.59
1913.58
1972.75
1919.99
1987.3
2039.23
2334.21
2314.77
2263.52
2101.95
2242.72
1994.88
1991.18
1935.88
1971.13
1904.86
1886.32
1946.86
1937.17
1942.13
1985.68
2035.73
2031.47
2116.03
1994.38
2127.99
1940.35
1881.86
1884.29
1757.01
1778.61
1685.02
1764.25
1733.87
1784.04
1777.72
1747.96
1650.06
1572.72
1591.22
1644.16
1774.81
1823.02
1873.42
2039.39
1928.46
1934.87
2030.73
2028.32
2038.46
1864.28
1909.09
1884.83
1866.43
1720.52
1626.7
1666.21
1803.34
1821.48
1871.2
1875.15
1827.82
1877.02
1945.75
1862.84
1702.31
1803.41
1804.77
1776.99
1729.57
1660.43
1781.71
1788.53
1768.22
1668.04
1760.6
1859.65
1895.12
1897.69
1813.97
1898.73
1809.48
1849.3
1770.66
1748.4
1742.86
1937.43
2058.31
2046.97
1942.99
1908.85
1808.86
1781.65
1773.06
1656.01
1687.93
1592.09
1572.26
1575.96
1587.87
1678.45
1666.44
1668.47
1720.3
1615.04
1582.29
1641.58
1731.73
1787.94
1834.23
1759.68
1702.27
1727.08
1774.58
1641.38
1644.17
1622.31
1653.18
1734.43
1692.35
1664.39
1895.85
1876.35
1923.26
1739.55
1812.56
1758.66
1653.14
1714.1
1702.03
1773.27
1771.66
1792.76
1871.87
1918.82
1745.92
1785.73
1814.61
1840
1832.69
1921.63
1877.36
2002.41
2075.01
1943.88
1850.06
1790.85
1767.33
1932.14
1958.18
2068.64
2050.87
2121.87
1885.95
1897.46
1997.93
2003.32
1964.96
2033.53
2106
1985.61
2034.5
1937.69
1964.55
2058.95
1929.76
1987.7
2044.43
2027.64
2026.52
2058.86
2116.04
1935.27
1989.73
2043.33
1878.31
1813.68
1719.33
1795.4
1843.9
1820.32
1765.72
1756.38
1674.17
1761.42
1821.62
1751.77
1823.8
1849.44
1882.67
1793.65
1760.68
1843.45
1744.17
1643.2
1560.7
1629
1621.36
1675.44
1848.38
1823.46
1790.88
1824.12
1875.06
1763.99
1803.27
1890.28
1990.87
1770.9
1931.58
1927.54
1946.01
1936.99
1873.1
1859.6
1787.26
1815.89
1791.34
1697.81
1687.83
1741.57
1742.28
1822.67
1758.97
1844.85
1868.07
1812.41
1794.39
1836.5
1852.92
1835.21
1812.9
1774.62
1586.99
1635.29
1586.02
1625.21
1671.7
1753.19
1880.55
1912.59
1899.68
1892
1937.53
1927.16
1978.17
2115.42
2004.49
1880.73
1910.33
1959.02
1860.81
1842.66
1766.05
1671.5
1838.52
1872.58
1912.24
1878.52
1734.38
1629.47
1724.76
1734.74
1793.19
1840.46
1804.35
1651.75
1586.38
1703.36
1609.83
1619.84
1607.95
1545.42
1527.2
1535.55
1465.29
1535.35
1537.93
1532.88
1527.69
1475.35
1452.52
1451.73
1386.79
1404.68
1468.65
1415.41
1461.17
1551.12
1477.12
1428.61
1444.26
1449.9
1400.24
1440.62
1548.57
1614.39
1553.23
1568.38
1467.92
1524.43
1504.45
1457.61
1527.54
1440.33
1468.95
1478.9
1517.18
1506.14
1549.03
1522.21
1527.48
1588.95
1638.94
1672.98
1653.03
1662.16
1629.76
1538.5
1477.24
1621.85
1696.85
1603.99
1664.12
1726.97
1748.97
1720.55
1601.7
1708.17
1671.66
1682.78
1714.04
1698.8
1726.98
1588.7
1641.79
1701.94
1679.55
1719.52
1618.03
1730.08
1574.63
1709.62
1640.43
1638.45
1570.5
1580.4
1779.34
1660.75
1647.45
1575.03
1511.28
1570.57
1590.68
1569.61
1517.44
1575.43
1495.51
1524.18
1496.18
1421.72
1448.59
1569.28
1455.9
1469.32
1509.19
1459.24
1513.89
1523.67
1592.24
1625.07
1654.59
1654.53
1700.42
1652.69
1608.54
1628.41
1527.87
1639.26
1732.24
1656.27
1606.53
1673.28
1583.71
1575.72
1509.48
1509.29
1551.53
1578.95
1583.3
1632.06
1619.94
1536.97
1592.36
1602.28
1629.24
1615.25
1617.36
1640.38
1623.84
1532.52
1439.56
1416.7
1459.23
1536.92
1526.98
1432.33
1421.18
1438.99
1487.22
1502.69
1506.38
1504.68
1531.88
1520.34
1518.05
1522.76
1512.11
1396.46
1447
1430.44
1432.37
1466.62
1433.75
1469.91
1549.75
1530.72
1560.74
1642.41
1591.12
1550.99
1660.79
1783.97
1701.03
1838.24
1908.91
1849.76
1817.1
1781.9
1911.73
1775.77
1704.84
1628.64
1642.67
1578.7
1544.61
1571.97
1554.3
1549.28
1538.31
1481.28
1673.42
1585.6
1599.46
1627.79
1562.69
1549.12
1444.6
1462.05
1473.2
1493.95
1400.58
1424.59
1466.85
1470.32
1527.34
1481.13
1405.52
1509.6
1563.07
1582.16
1633.68
1686.36
1659.41
1702.88
1772.5
1782.75
1719.63
1639.85
1725.56
1638.99
1650.34
1560.03
1552.07
1669.06
1516.55
1621.5
1667.18
1536.38
1542.51
1591.67
1651.14
1610.86
1612.37
1658.09
1510.11
1569.15
1587.82
1640
1641.27
1642.78
1597.11
1630.56
1600.13
1571.5
1496.84
1578.37
1604.62
1662.07
1644.82
1659.67
1654.25
1622.44
1575.14
1532.68
1579.89
1579.11
1610.57
1656.91
1592.16
1623.9
1614.01
1631.99
1651.34
1618.66
1620.98
1588.05
1539.27
1525.98
1507.01
1482.7
1467.51
1428.35
1468.52
1435.06
1440.28
1442.01
1435.62
1468.15
1444.33
1446.79
1547.7
1568.9
1610.82
1524.48
1530.62
1569.51
1465.4
1423.69
1475.07
1497.47
1404.27
1511.34
1402.98
1386.49
1384.75
1403.19
1300.23
1325.58
1377.42
1447.2
1476.45
1559.45
1664.82
1495.13
1491.89
1496.64
1502.8
1471.61
1464.31
1465.86
1432.91
1474.82
1513.85
1466.1
1543.75
1505.79
1498.38
1558.8
1480.84
1365.94
1351.42
1378.99
1443.82
1405.51
1363.28
1377.83
1367.84
1453.95
1454.82
1354.77
1363.34
1362.97
1392.2
1369.12
1301.69
1312.21
1368.75
1387.65
1333.45
1310.24
1238.01
1282.99
1223.09
1252.75
1290.12
1307.61
1332.53
1339.27
1331.28
1331.14
1353.09
1260.12
1291.61
1238.74
1333.64
1331.98
1306.7
1270.33
1311.59
1269.13
1278.07
1304.61
1360.08
1407.52
1490.43
1507.44
1433.39
1325.69
1365.33
1413.94
1358.33
1389.22
1379.26
1338.07
1273
1356.1
1323.79
1341.42
1345.8
1289.62
1331.72
1331.88
1416.82
1405.08
1394.86
1453.41
1435.46
1555.8
1562.29
1504.38
1512.13
1502.72
1481.87
1452.49
1472.46
1531.42
1500.69
1530.17
1578.3
1443.72
1378.59
1410.17
1460.62
1408.58
1423.35
1400.35
1427.67
1452.52
1473
1525.81
1427.41
1381.6
1359.78
1300.11
1378.82
1326.83
1352.33
1374.62
1298.05
1294.95
1335.4
1327.02
1328.53
1419.34
1442.29
1447.31
1486.2
1563.36
1465.18
1486.42
1394.48
1437.63
1423.59
1480.93
1469.26
1464.38
1430.55
1454.87
1485.48
1480.9
1465.31
1490.8
1417.55
1469.51
1471.74
1448.01
1405.5
1365.94
1364.36
1328.78
1410.44
1438.62
1318.52
1265.58
1227.07
1273.43
1307.06
1287.37
1248.6
1305.63
1323.55
1329.88
1373.49
1301.95
1297.58
1234.32
1165.81
1222.48
1245.73
1264.03
1211.16
1279.82
1267.16
1357.93
1285.72
1218.24
1204.24
1173.12
1207.37
1313.03
1325.43
1341.86
1268.07
1235.85
1314.04
1307.82
1243.94
1267.6
1262.24
1211.88
1259.7
1249.49
1276.38
1359.86
1349.2
1350.41
1315.82
1335.17
1393.41
1381.62
1379.48
1376.33
1347.62
1341.46
1347.57
1402.31
1439.69
1387.79
1431.71
1425.46
1416.77
1335.16
1374.92
1339.16
1345.95
1319.1
1234.31
1240.77
1215.4
1292.86
1344.82
1294.7
1264.96
1309.85
1319.63
1332.2
1327.21
1282.03
1325.68
1233.8
1242.63
1277.61
1264.62
1256.79
1248.72
1288.73
1243.99
1230.42
1276.3
1285.98
1321.11
1374.85
1340.21
1269.17
1331.39
1271.53
1319.5
1393.27
1335.05
1264.38
1284.51
1313.23
1285.72
1250.17
1237.77
1281.99
1271.7
1307.7
1249.21
1282.39
1178.48
1154.59
1233.64
1235.72
1256.48
1268.23
1285.37
1266.65
1292.5
1217.15
1190.07
1171.7
1177.35
1173.29
1200.9
1232.21
1303.13
1251.26
1225.52
1228.26
1220.95
1235.78
1268
1254.48
1286.13
1243.99
1298.6
1344.21
1327.57
1376.31
1353.23
1327.51
1280.98
1304.73
1278.3
1327.94
1284.14
1274.2
1286.4
1284.86
1271.41
1339.05
1260.26
1328.03
1214.26
1175.4
1151.01
1204.51
1193.54
1199.97
1226.35
1188.89
1224.82
1208.02
1186.96
1222.1
1226.38
1216.58
1281.42
1289.67
1242.08
1306.55
1292.37
1313.99
1312.95
1351.97
1320.34
1240.28
1316.27
1273.76
1297.02
1332.71
1336.3
1320.82
1331.6
1362.6
1399.67
1388.25
1323.55
1309.35
1274.45
1232.33
1287.24
1310.15
1331.33
1318.34
1238.04
1180.27
1233.21
1221.85
1166.03
1234.45
1208.8
1174.13
1217.34
1146.53
1148.95
1227.3
1197.2
1242.1
1230.55
1220.08
1209.67
1225.5
1196.95
1223.32
1188.72
1211.66
1210.18
1188.92
1246.09
1214.64
1281.85
1296.01
1270.65
1294.88
1266.86
1172.47
1158.56
1098.18
1077.57
1077.79
1200.99
1149.97
1193.31
1168.41
1190.15
1184.67
1251.04
1212.35
1224.38
1226.65
1212.22
1251.48
1214.49
1192.54
1199.97
1165.86
1204.23
1162.96
1133.73
1088.66
1111.79
1150.67
1115.27
1117.68
1071.35
1040.39
1124.16
1037.6
1051.56
1073.24
1048.72
1032.75
1039.36
1065.49
983.662
1063.78
1036.93
1095.82
1055.15
1065.03
1093.34
1042.1
1076.47
1053.52
1066.49
1096.63
1125.55
1161.56
1081.14
1089.61
1104.58
1187.65
1176.66
1125.86
1090.23
1058.74
1053.96
1127.58
1098.49
1128.22
1129.43
1141.48
1188.48
1209.65
1170.27
1157.36
1142.99
1135.87
1170.47
1114.98
1099.43
1091.74
1106.39
1179.96
1183.8
1156.46
1095.22
1178.32
1147.03
1153.64
1115.75
1115.24
1111.04
1156.88
1204.67
1235.37
1203.11
1203.36
1104.76
1114.06
1085.9
1122.84
1140.48
1140.84
1120.51
1114.67
1162.96
1123.66
1058.65
1089.86
1108.14
1164.52
1148
1143.67
1188.88
1231.57
1220.29
1180.55
1260.79
1229.95
1181.58
1182.44
1162.02
1152.61
1181.1
1187.72
1163.11
1211.18
1166.21
1114.1
1105.26
1128.21
1097.23
1085.82
1094.14
1163.12
1122.19
1091.05
1173.51
1126.89
1149.97
1163.68
1165.97
1132.62
1167.28
1111.54
1062.71
1123.7
1141.37
1136.5
1062.23
1133.09
1154.83
1139.52
1160.8
1146.83
1099.82
1148.19
1123.92
1163.26
1161.07
1127.64
1131.26
1121.59
1134.63
1093.97
1158.37
1177.52
1239.74
1226.3
1177.68
1194.26
1150.3
1148.9
1186.2
1143.99
1184.73
1156.24
1200.83
1176.23
1179.42
1178.12
1137.29
1152.12
1162.35
1169.32
1148.1
1151.46
1160.07
1166.61
1149.94
1168.14
1121.27
1155.24
1095.79
1159.75
1095.66
1095.06
1102.58
1156.98
1192.86
1209.69
1171
1180.09
1195.56
1148.68
1148.12
1127.05
1129.09
1136.38
1136.38
1173.53
1204.5
1182.99
1199.58
1181.22
1192.57
1268.2
1223.14
1196.15
1172.53
1169.68
1133.01
1099.3
1170.82
1220.53
1166.7
1113.81
1091.08
1138.52
1120.75
1082.06
1080.55
1101.12
1145.4
1131.09
1144.74
1139.01
1155.92
1107.82
1095.08
1025.55
1029.01
1044.55
1034.96
1027.9
1012.85
1041.17
1000.33
1058.28
1105.28
1127.25
1184.51
1160.27
1123.95
1070.14
1010.52
1030.14
1045.5
1021.9
1062.69
1061.52
1015.31
984.727
955.989
961.635
977.638
1080.32
1073.28
1048.51
1019.55
1002.16
997.742
976.677
942.065
929.438
946.764
979.468
988.596
964.314
972.149
961.676
967.796
980.823
1007.98
1081.41
977.22
940.125
953.067
936.332
977.47
1047.45
1059.03
1064.05
1076.89
1124.88
1063.47
1005.25
1020.67
1050.81
1070.83
1045.97
1017.04
996.668
983.492
1023.64
1052.54
1070.31
1079.09
1063.55
1030.55
980.232
969.498
987.044
1013.34
995.997
1006.3
998.518
1045.42
1048.97
1060.08
1027.78
1062.69
1052.92
1046.37
1096.4
1037.62
1049.66
1030.39
1023.78
1004.61
1034.49
1066.73
1068.37
1014.01
1029.11
1029.46
1070.03
1047.23
1072.37
1036.63
1027.46
1008.78
1028.06
1009.59
1029.4
1044.67
1052.59
1047.58
1029.32
1060.62
1065.08
1055.81
1055.16
1058.07
1051.47
1046.63
1056.77
1066.39
1107.87
1103.53
1096.15
1069.64
1072.75
1084.01
1105.05
1068.58
1070.42
1091.81
1110.86
1124.76
1094.85
1044.18
976.025
965.671
974.412
998.068
954.594
949.298
929.967
923.739
940.432
914.543
908.269
902.826
927.47
956.709
985.222
954.91
999.688
1025.53
983.721
958.776
1031.23
1006.89
1034.53
1019.57
997.794
964.232
973.577
975.552
951.301
947.556
987.514
964.119
945.211
931.555
970.358
988.161
957.77
997.747
968.779
956.919
944.034
964.277
962.264
966.595
962.814
949.871
936.926
973.545
927.75
951.988
952.429
961.351
984.543
1012.68
1053.95
1077.87
1077.05
1113.22
1120.58
1106.44
1102.23
1033.43
969.043
963.692
940.841
967.607
961.519
927.292
970.321
948.548
943.144
947.27
930.374
895.684
889.827
879.258
840.092
913.196
930.882
922.653
961.547
914.988
947.431
942.487
933.9
944.574
923.904
909.243
953.043
932.246
955.572
957.356
970.24
971.436
1032.19
1042.18
1067.88
1093.65
1067.85
1031.23
1049.77
1027.34
1024.21
1019.82
1037.3
998.536
979.165
972.629
966.475
1000.2
986.276
932.637
923.184
908.091
908.317
936.336
975.397
997.38
990.38
937.539
967.803
969.273
937.223
948.865
898.114
911.15
915.629
933.645
926.717
915.004
884.967
909.868
904.811
899.326
913.996
926.234
930.067
924.615
933.29
930.669
911.499
922.327
918.419
897.37
867.072
844.201
862.534
910.101
862.097
907.847
879.729
887.98
894.423
905.008
909.402
920.34
901.407
880.571
883.078
892.734
894.863
907.938
923.175
953.393
947.298
941.443
913.435
913.418
908.259
899.49
927.965
922.482
902.905
889.451
894.547
941.38
938.548
929.703
906.753
911.752
928.018
935.478
952.585
910.999
924.185
926.104
942.793
930.129
936.706
957.067
945.348
923.581
938.742
904.625
917.879
903.211
888.695
897.156
897.654
960.922
961.265
941.967
920.661
918.277
912.128
880.817
874.796
885.297
872.675
872.015
914.571
963.436
950.744
968.708
920.201
901.045
852.032
844.816
884.74
894.9
883.764
880.62
881.621
895.21
919.639
952.287
970.41
927.108
909.666
923.903
927.584
918.411
934.806
915.316
875.39
900.84
896.786
889.131
888.499
892.65
910.921
935.262
932.766
935.759
913.902
914.463
901.93
879.772
907.973
940.799
964.994
944.982
937.728
960.632
974.156
998.084
983.707
977.439
981.476
965.948
907.427
893.784
909.104
913.76
911.244
881.048
882.388
865.965
863.288
865.396
912.22
947.516
923.494
889.36
885.401
876.593
926.124
950.948
919.197
911.501
890.714
869.776
863.654
871.396
860.017
887.272
905.853
916.359
968.652
998.864
1005.68
996.084
981.495
955.425
987.69
974.317
962.653
977.91
1011.04
961.143
922.355
933.949
947.382
995.268
942.985
932.765
909.877
908.75
882.103
891.714
875.243
879.51
922.487
921.019
916.025
932.67
920.941
930.231
932.792
918.672
932.284
932.901
933.782
909.636
925.077
925.087
887.347
888.911
884.355
855.954
889.86
903.529
917.234
920.049
882.895
867.572
906.14
895.233
884.976
895.628
903.971
892.126
864.243
865.402
854.472
880.829
872.258
859.867
858.16
846.226
862.309
889.649
887.782
892.967
895.812
861.684
891.336
889.189
901.552
900.196
919.844
948.491
956.38
965.088
923.257
915.536
938.246
905.317
908.483
933.539
925.1
918.305
918.397
921.039
943.414
931.611
880.043
879.86
890.604
901.479
886.106
899.493
896.508
860.686
873.979
869.525
867.814
875.182
843.08
855.841
883.688
894.953
933.195
936.812
963.742
931.696
943.112
930.724
890.66
872.158
877
887.639
879.557
906.349
906.349
918.261
917.465
914.455
920.254
878.704
876.904
858.342
899.988
868.571
873.67
906.568
908.565
923.607
904.999
910.945
908.931
911.53
906.382
880.926
869.534
879.879
853.555
844.355
852.255
826.601
843.645
850.371
850.619
853.352
839.029
834.656
842.458
867.542
856.615
840.305
837.111
848.711
844.599
869.448
898.729
883.102
864.27
875.863
872.811
843.967
845.43
850.655
849.956
841.184
851.813
863.989
855.049
865.766
836.073
821.556
813.893
838.746
871.054
865.499
847.495
891.056
848.495
889.288
888.81
863.023
851.455
862.082
828.585
827.862
803.703
800.138
816.538
849.65
828.284
819.202
803.029
816.373
837.017
833.962
837.235
824.105
844.39
831.157
833.4
830.332
806.549
805.264
778.373
797.906
817.852
800.871
798.197
844.798
801.58
823.821
827.118
843
858.413
860.018
882.855
858.431
879.518
875.904
848.834
859.799
819.561
807.941
807.32
801.227
839.306
835.867
829.334
822.453
827.736
807.847
794.769
809.058
822.067
814.171
807.888
845.906
851.406
841.32
810.093
799.872
821.224
838.059
842.803
834.759
812.814
807.73
782.526
803.224
803.387
822.017
818.376
847.403
878.018
867.197
838.693
832.091
843.601
851.533
844.688
827.225
828.057
821.897
818.4
804.094
818.516
801.234
793.116
816.552
810.289
773.422
786.341
792.878
788.931
802.492
824.499
837.944
830.222
807.312
781.076
781.503
795.113
802.965
822.472
784.034
801.261
799.338
792.083
786.547
778.642
806.833
808.538
817.074
827.867
849.236
855.139
845.404
823.67
795.694
819.972
804.346
801.335
809.809
861.579
838.882
827.807
799.185
813.03
815.37
831.312
813.701
796.47
780.502
803.683
824.588
836.986
852.058
874.631
868.454
837.942
844.256
860.436
865.309
859.077
840.652
837.662
833.446
837.773
839.585
849.176
851.722
853.708
851.365
849.008
836.954
825.231
819.019
826.03
867.132
850.271
896.499
839.25
837.642
829.803
828.779
851.133
876.76
836.493
818.575
801.31
803.292
799.921
787.716
790.934
781.984
770.697
772.257
789.179
832.882
797.924
800.68
789.657
826.642
841.688
854.718
857.54
834.326
855.228
846.744
831.401
837.506
861.067
867.926
870.652
882.287
861.961
848.532
861.722
866.049
869.154
886.038
877.322
852.265
854.45
861.766
854.728
846.232
809.68
798.894
807.637
822.208
822.702
810.604
826.136
841.346
837.877
840.965
831.079
844.931
846.476
828.622
852.22
858.901
808.285
790.858
797.708
795.871
775.25
794.426
795.628
779.479
767.4
771.408
760.774
752.504
794.066
787.297
783.047
783.248
763.354
774.39
763.496
740.071
769.282
783.891
773.747
789.683
768.904
740.983
746.455
760.173
756.187
744.319
746.731
733.074
719.157
740.354
787.873
785.881
791.037
783.285
784.828
798.469
789.053
789.816
786.82
778.067
775.464
777.163
800.087
793.568
794.718
794.548
785.367
774.953
782.221
768.067
787.707
748.838
772.936
776.255
760.489
767.253
778.589
759.814
780.205
780.867
774.538
772.07
763.999
772.584
782.937
776.986
779.323
764.324
762.143
770.164
749.57
766.694
761.291
799.83
779.638
800.617
768.716
770.056
786.138
772.235
774.372
778.139
794.108
780.927
791.845
810.841
814.201
816.709
815.911
818.383
787.066
787.379
792.683
802.896
784.484
815.204
827.655
823.501
850.965
839.905
820.417
811.977
791.007
806.743
792.327
786.698
791.762
779.456
762.884
781.66
761.025
785.803
788.825
781.845
786.757
776.665
801.157
797.555
783.7
759.784
782.754
774.146
780.636
801.247
780.194
802.203
773.925
771.61
767.759
784.617
794.467
768.862
789.914
776.604
797.957
808.448
786.86
785.785
766.646
776.825
770.145
773.671
777.316
794.09
793.495
777.486
782.485
783.592
775.856
820.825
804.937
814.875
801.743
781.515
766.969
761.441
766.894
757.456
771.474
783.793
789.306
790.549
800.622
801.075
812.354
802.475
806.601
800.914
803.669
797.549
798.3
772.913
773.646
797.475
778.393
770.077
777.377
770.144
747.539
737.138
722.421
716.692
714.317
724.393
728.605
719.551
729.123
719.828
717.233
717.613
716.769
717.732
733.887
726.549
728.804
736.941
710.025
734.686
727.202
730.881
726.625
747.362
747.893
752.815
756.883
734.057
753.812
739.805
745.537
758.351
742.544
754.481
754.71
757.481
754.946
728.795
729.473
740.29
724.333
697.938
710.768
701.366
695.051
679.135
688.263
694.506
691.516
678.223
680.36
668.777
670.718
666.564
679.324
692.612
700.674
681.662
702.667
721.139
747.805
731.44
736.449
750.97
765.502
767.754
742.234
752.717
747.929
727.427
725.728
716.137
685.907
706.433
694.281
722.457
704.554
713.652
728.383
743.708
725.493
733.178
739.913
744.999
739.267
728.697
720.668
709.504
717.376
744.107
741.446
728.618
730.724
743.912
735.107
760.336
761.246
760.866
747.216
713.917
719.688
706.292
721.076
742.554
758.852
750.232
769.319
752.888
737.155
753.465
772.737
772.021
764.001
745.932
746.814
745.928
740.797
726.111
716.264
722.852
723.223
721.598
708.143
711.964
682.106
685.283
681.81
703.881
710.52
715.269
706.661
703.209
681.628
666.153
667.162
681.21
680.177
674.602
676.506
683.558
669.577
681.716
673.628
668.078
699.102
677.789
681.801
693.677
686.85
689.762
693.421
707.913
715.174
696.809
675.964
665.007
673.34
686.975
677.278
657.608
670.729
694.847
686.449
691.142
698.14
700.127
697.296
689.883
670.859
666.959
673.671
682.839
669.235
670.289
674.877
675.448
670.341
673.996
679.658
689.327
691.266
695.35
677.443
683.479
673.895
683.322
703.036
721.341
700.028
683.173
694.749
680.094
702.429
714.196
692.652
692.68
683.179
690.434
685.886
662.304
660.324
668.567
684.789
686.678
670.783
673.541
681.611
668.889
677.262
655.457
663.963
655.829
641.256
652.567
666.699
653.569
651.119
651.772
684.888
689.299
686.666
684.47
675.495
668.795
664.55
655.57
656.161
653.728
638.257
639.577
623.6
635.99
639.758
664.622
635.456
679.997
641.933
632.441
629.628
633.807
646.055
650.85
650.056
644.743
632.387
660.307
655.205
656.481
670.673
671.874
661.723
675.766
663.813
655.619
653.747
664.265
667.507
661.836
649.424
655.835
666.222
655.319
675.572
688.768
673.445
666.458
683.121
662.145
648.369
654.36
659.055
656.319
674.371
669.424
667.255
657.605
657.836
661.637
660.931
669.036
668.691
666.156
644.009
650.797
671.062
655.589
659.358
661.369
653.408
653.839
656.619
646.035
640.132
643.824
650.593
661.237
650.803
654.687
651.136
640.607
651.905
659.79
659.273
668.906
654.997
647.331
657.797
653.938
654.926
656.154
650.412
656.564
669.454
686.636
676.887
657.17
643.486
644.698
655.83
655.406
676.53
675.554
677.189
668.263
666.652
646.02
645.198
629.833
630.635
625.484
630.077
608.734
621.105
629.863
618.016
625.668
638.006
651.739
654.419
658.713
679.613
688.882
666.67
663.636
660.848
660.781
664.022
673.6
685.095
655.999
662.64
664.825
675.505
670.372
669.604
667.691
677.85
672.58
691.386
672.961
651.81
661.988
665.942
661.479
635.213
641.826
666.011
645.938
649.688
650.399
637.393
626.168
631.05
642.1
640.151
626.64
628.568
631.183
641.903
622.986
626.113
634.147
637.54
618.978
635.746
632.083
638.922
641.646
636.578
649.078
653.545
646.012
655.484
665.996
655.849
662.822
654.871
642.67
640.319
644.534
628.392
626.519
620.109
625.177
617.506
632.425
646.28
643.741
633.073
613.067
606.118
612.435
612.428
607.464
622.589
639.535
641.686
641.221
639.584
642.053
651.429
659.641
674.81
662.826
670.301
661.555
659.813
641.059
640.965
627.823
650.604
653.953
638.615
635.474
631.195
635.154
641.631
637.314
640.647
637.283
629.041
643.975
641.43
636.538
634.253
637.205
640.002
633.278
644.387
646.811
639.509
631.222
627.203
625.31
626.777
625.572
624.491
622.432
626.581
632.069
627.904
629.937
627.687
636.04
619.78
622.451
618.48
612.951
623.353
633.929
623.464
621.126
620.35
621.787
634.596
626.071
639.264
635.482
631.28
631.502
623.483
624.915
629.534
624.621
631.396
629.046
611.864
611.131
603.226
609.368
598.561
594.969
609.837
610.28
609.456
611.053
622.604
618.373
617.574
633.328
624.544
614.955
618.193
628.184
607.315
601.981
604.666
621.402
619.073
614.247
620.604
621.43
612.974
606.958
616.417
585.688
603.062
606.71
605.597
605.939
601.413
602.392
623.329
616.407
608.318
605.896
611.544
601.956
606.707
607.197
602.377
594.201
593.173
590.282
580.721
588.621
598.549
601.375
603.579
607.712
611.961
610.876
607.229
601.099
604.028
595.799
604.985
610.32
600.061
589.045
586.799
585.744
586.791
603.219
606.424
609.333
612.334
609.798
609.347
603.435
609.292
598.68
623.192
618.832
626.603
624.438
622.663
613.646
618.965
604.888
604.901
603.885
600.925
592.541
595.701
585.153
576.56
571.732
585.892
577.564
587.101
584.577
596.656
596.721
600.687
600.887
607.855
601.678
599.682
615.383
614.592
602.368
607.965
605.459
610.491
602.294
599.793
597.909
599.692
598.339
604.159
599.089
586.526
584.088
571.081
584.672
584.032
601.729
602.253
602.726
621.992
601.767
597.554
609.63
592.892
591.91
589.367
592.595
595.317
585.665
592.445
590.057
587.988
594.735
589.5
574.345
574.868
580.305
585.008
571.274
573.938
579.113
582.402
577.215
576.537
577.808
601.307
600.995
589.512
591.451
606.418
606.674
610.469
610.578
597.141
597.676
597.716
596.193
590.635
598.923
600.221
591.877
596.07
595.757
595.646
600.785
602.535
615.791
614.045
606.345
605.252
595.862
589.229
582.424
592.635
581.391
579.219
574.753
574.55
577.234
577.664
572.761
573.31
583.15
577.849
564.857
578.461
581.354
589.25
587.7
590.875
592.1
588.327
567.663
558.299
552.204
558.224
555.771
549.662
553.571
555.549
558.532
557.018
559.947
568.302
569.633
573.541
585.8
581.201
576.567
576.544
564.667
570.717
569.089
569.571
558.081
557.485
547.401
543.76
540.276
544.662
545.607
546.945
539.169
548.235
558.566
554.227
554.081
550.304
550.313
538.423
541.274
557.077
553.068
542.306
542.079
555.259
546.997
550.168
556.411
564.431
570.538
557.435
564.465
574.39
562.675
560.764
568.374
567.999
588.782
566.637
561.671
568.487
560.084
568.498
567.121
552.776
555.544
558.075
546.398
551.52
547.155
545.267
550.557
557.309
545.486
550.185
549.272
533.007
521.758
518.063
519.354
528.82
518.446
523.904
522.871
533.302
535.626
534.032
540.865
536.092
521.645
529.967
529.549
531.574
524.938
529.843
525.039
529.798
542.517
546.157
544.359
533.426
531.892
528.229
525.272
532.254
529.879
538.9
535.16
535.883
530.477
524.679
530.38
532.409
531.179
532.99
523.006
514.052
514.302
518.692
498.399
508.654
517.038
511.934
510.751
511.939
509.151
506.618
505.237
503.977
501.589
501.767
513.061
512.579
509.44
513.854
512.569
511.094
514.522
513.107
520.4
512.163
520.385
524.1
520.479
520.48
525.829
521.907
516.942
511.777
506.793
506.386
513.319
507.204
505.38
510.22
512.186
510.099
500.813
509.335
508.32
515.489
510.502
509.368
505.771
510.504
499.101
507.042
508.562
513.979
512.535
513.501
518.882
510.542
516.354
518.182
508.273
497.451
495.027
490.792
491.343
493.096
503.917
496.904
496.848
489.02
484.035
475.516
472.45
472.698
476.496
478.642
477.023
488.232
494.386
498.502
499.347
494.46
490.924
485.589
487.392
485.939
481.558
480.142
476.296
467.548
465.257
486.157
483.257
478.41
485.534
495.638
502.747
501.081
493.016
497.21
483.701
480.598
480.955
467.651
471.885
486.166
479.285
488.337
490.237
480.013
485.715
481.499
491.082
489.71
473.436
470.067
477.074
482.568
481.138
490.529
483.76
475.519
473.838
468.775
470.313
497.13
502.16
505.251
493.392
495.076
483.831
484.128
484.043
481.817
484.188
477.556
489.778
499.758
495.628
495.656
488.12
491.674
488.055
480.392
483.842
488.094
498.934
506.48
498.601
494.996
485.909
492.035
484.836
482.669
481.693
490.714
487.618
498.859
497.227
494.33
480.024
474.113
479.562
477.625
473.765
491.375
492.768
481.226
470.525
473.827
467.5
472.755
464.616
468.147
463.374
461.661
471.055
463.277
465.791
466.907
465.421
464.2
470.126
471.774
477.185
476.586
473.61
478.493
476.966
476.914
483.098
476.83
472.225
473.379
470.869
473.386
476.725
485.391
490.958
489.648
484.644
488.008
482.004
490.102
494.432
478.574
488.633
487.456
484.578
493.309
488.589
488.381
481.831
475.786
470.881
461.32
459.482
460.584
468.386
465.99
476.591
471.436
460.617
471.409
469.844
461.706
458.245
467.811
470.812
469.378
466.048
459.584
455.247
471.755
467.69
459.854
463.521
473.575
466.158
454.371
455.62
453.384
451.399
444.665
444.479
456.28
457.87
453.706
456.188
457.85
466.48
462.844
457.424
450.465
455.214
469.496
464.304
466.23
460.335
470.109
460.573
454.931
450.12
455.762
457.562
460.905
457.628
456.963
452.002
453.305
457.94
465.734
461.94
465.886
452.948
459.229
457.376
459.317
455.715
463.409
473.29
469.949
480.53
472.803
469.025
466.745
461.278
462.18
453.816
460.849
447.978
441.458
448.768
449.624
446.668
445.14
451.093
451.021
448.528
452.938
450.511
450.568
449.154
453.097
452.908
454.026
456.275
446.213
450.441
447.874
458.859
461.895
457.448
440.733
441.403
442.824
447.655
447.228
453.511
464.617
456.403
456.507
452.556
461.28
461.957
464.46
469.683
472.018
471.044
479.731
468.781
470.688
463.856
462.166
464.655
458.065
458.429
466.815
467.027
462.136
456.128
454.815
461.954
459.61
462.476
461.817
457.384
456.868
454.452
452.233
449.931
447.192
446.623
445.213
445.86
436.317
438.53
442.499
441.374
441.374
441.862
444.233
442.93
437.345
434.981
440.271
437.24
444.047
445.739
445.05
443.349
445.132
450.761
454.917
458.497
449.409
448.351
457.863
469.171
456.448
452.35
443.38
442.115
440.585
434.193
437.88
446.642
448.667
444.707
447.449
443.302
452.06
453.061
453.697
449.951
450.896
448.697
440.169
447.655
442.061
437.411
436.119
438.789
430.867
428.548
428.335
431.627
438.552
433.518
434.214
435.89
429.05
432.055
436.502
439.086
436.39
434.704
431.62
434.38
436.304
435.563
441.119
442.628
441.062
433.809
443.508
447.278
440.925
437.239
442.929
445.825
442.627
444.054
443.405
438.605
433.884
436.268
443.403
433.842
434.264
436.394
436.231
430.501
426.495
428.735
431.021
438.959
439.048
437.599
437.055
437.904
434.138
423.937
432.779
433.085
433.652
433.909
436.182
438.871
434.512
440.408
446.814
453.571
444.729
450.582
456.418
448.158
446.159
445.189
446.248
441.331
438.717
436.193
439.737
444.652
434.574
435.814
437.357
433.725
434.67
437.269
436.836
436.273
434.498
429.357
430.219
429.714
438.06
439.441
437.137
439.369
432.365
429.032
435.408
433.282
437.974
433.225
430.532
427.23
433.979
432.998
433.757
435.836
430.398
434.55
432.71
438.901
440.856
434.645
440.409
440.019
435.74
433.481
432.405
432.569
425.051
427.555
435.174
446.726
441.203
441.082
436.579
442.272
438.576
443.508
442.354
438.512
435.471
441.925
440.304
436.757
434.362
435.266
438.824
432.082
427.727
424.276
422.368
429.955
427.879
431.903
430.531
428.618
426.336
428.249
422.476
422.516
428.313
431.131
426.468
422.287
431.18
421.158
425.712
425.186
427.085
421.73
422.239
419.371
418.252
425.086
429.654
427.488
430.853
428.393
425.2
424.472
421.788
421.88
417.459
418.028
418.993
421.532
424.058
418.84
421.743
429.02
435.713
436.075
432.104
432.861
428.096
434.118
433.229
436.736
430.648
432.677
434.514
432.4
430.11
431.904
437.867
436.28
426.981
434.471
440.409
434.67
433.504
430.591
427.864
432.559
434.327
428.088
436.033
435.482
437.162
429.281
433.199
434.188
425.377
428.676
428.823
427.762
422.794
418.264
423.366
418.001
418.922
419.466
413.901
412.497
410.675
417.098
420.165
423.075
422.851
423.297
416.879
418.692
425.404
427.439
426.507
419.31
424.573
427.672
420.867
417.901
425.358
420.799
418.764
420.109
411.576
412.044
413.367
414.848
412.619
409.811
412.573
412.455
415.379
414.923
420.521
418.287
414.081
413.158
411.744
414.742
409.298
412.88
415.56
413.754
418.166
420.218
418.034
416.024
409.764
412.727
414.084
417.956
423.684
418.5
423.178
424.541
421.745
425.253
420.606
420.019
409.236
408.685
410.492
416.187
411.549
417.464
411.69
411.258
414.575
412.951
410.071
410.259
411.293
408.385
403.584
401.48
402.118
406.386
409.974
417.422
415.81
419.682
415.817
411.147
407.743
412.704
411.865
406.597
408.691
411.328
405.663
409.671
408.191
412.038
413.941
410.556
418.423
412.529
412.738
417.919
412.592
413.048
413.924
411.107
412.083
413.688
409.353
415.069
412.328
409.924
409.038
411.657
409.202
406.97
404.734
400.717
402.005
408.654
407.701
413.506
412.314
411.493
411.224
414.481
402.533
397.341
398.571
399.449
406.044
403.348
396.369
395.112
394.332
390.426
390.803
393.45
394.738
396.838
396.922
395.326
398.251
407.465
413.11
408.001
405.744
399.8
400.548
397.3
403.86
405.643
409.548
407.758
403.151
400.953
398.962
396.912
394.161
394.353
392.204
392.842
397.894
399.723
400.169
404.28
404.021
404.937
401.265
401.208
401.552
399.63
401.211
396.174
388.904
385.071
384.839
386.375
386.947
390.27
393.873
391.596
394.092
393.388
396.385
389.085
389.491
396.049
392.514
390.407
389.513
386.326
384.04
387.637
386.953
379.317
384.045
388.481
388.324
383.968
389.098
391.573
384.19
384.035
380.941
382.013
377.018
378.316
377.645
381.625
386.732
382.917
387.947
388.101
385.412
385.156
386.648
384.145
381.722
384.141
387.319
386.781
384.888
383.243
381.244
380.464
378.504
383.411
381.709
380.375
384.788
381.774
379.707
379.621
375.378
375.079
378.651
380.718
384.631
384.995
386.236
384.479
382.657
390.04
380.82
379.976
381.586
387.927
392.438
395.537
390.193
389.831
384.466
379.063
379.002
381.609
379.485
377.219
375.17
373.604
371.041
368.035
370.526
370.662
374.741
374.928
377.13
375.122
379.521
375.741
376.918
373.069
373.067
370.831
368.487
373.572
375.731
371.853
370.818
372.705
371.026
368.738
364.385
364.614
367.799
370.913
369.912
370.334
371.768
371.26
365.416
364.833
365.494
369.868
369.411
372.263
374.818
372.854
366.878
368.745
371.352
368.532
372.485
368.133
371.45
367.33
367.788
370.581
373.109
371.008
372.024
371.694
372.948
373.417
371.6
368.176
362.881
364.077
359.534
365.517
364.642
366.582
362.467
361.775
365.001
361.254
354.792
357.168
358.832
360.206
361.227
360.956
360.471
363.137
362.591
360.183
364.2
367.003
368.085
367.909
364.591
367.786
365.577
364.075
363.39
362.303
360.823
355.016
358.588
360.258
363.395
363.742
362.431
361.909
361.324
362.153
365.62
360.751
360.424
353.399
351.974
349.267
349.644
344.414
342.004
345.366
348.532
347.88
350.137
345.131
346.115
347.205
350.694
352.681
357.71
359.926
359.288
360.552
357.732
358.724
355.988
354.785
360.562
361.704
359.086
357.108
356.124
353.961
361.084
360.937
364.763
360.664
365.137
368.282
366.003
362.489
356.421
355.938
354.278
351.124
350.929
348.421
347.125
349.887
351.891
349.359
345.865
343.354
346.04
345.631
343.413
349.137
348.617
344.705
344.633
347.475
347.331
354.488
352.273
348.647
347.982
348.164
350.309
349.346
345.954
344.83
347.002
347.503
346.81
346.132
348.534
348.835
349.93
351.813
349.347
348.292
347.057
346.443
352.427
349.326
348.082
349.122
348.579
349.766
347.556
348.726
345.713
350.385
349.745
348.888
349.802
349.015
348.015
352.744
350.174
350.608
353.238
354.61
357.577
353.18
352.33
351.338
347.48
347.773
350.792
350.469
350.788
346.486
351.317
361.027
355.162
357.74
355.357
351.87
352.719
351.029
348.135
348.684
349.854
351.218
352.704
352.147
349.919
350.036
346.499
344.563
345.595
344.975
344.798
345.861
347.274
351.572
354.704
357.886
355.361
359.244
359.573
355.814
355.303
360.243
358.286
356.812
353.371
356.41
355.899
355.043
353.165
353.938
349.989
352.709
350.094
348.308
353.512
353.417
352.053
350.741
352.268
344.986
346.271
342.971
343.992
343.887
340.117
342.751
343.28
341.202
341.889
343.59
343.966
343.542
339.604
343.393
344.384
342.755
340.488
344.083
348.457
346.053
339.795
340.5
341.345
342.918
343.027
345.389
344.391
342.494
344.108
345.874
349.569
347.619
344.879
345.925
348.823
348.68
349.246
351.533
349.576
347.127
349.495
345.317
346.613
349.065
348.475
344.77
340.775
343.475
340.951
342.531
340.438
337.786
334.137
334.431
337.013
338.142
334.671
337.639
338.004
335.599
334.109
336.407
337.044
337.143
338.993
338.671
339.641
342.057
342.494
341.581
340.609
337.238
334.846
336.74
336.486
340.259
339.628
341.564
342.559
344.347
346.845
348.271
349.908
354.798
353.587
351.761
352.993
348.665
347.795
345.636
345.988
347.974
349.924
351.249
349.266
349.388
348.627
344.696
342.918
344.521
342.462
340.303
338.932
339.446
344.394
338.355
338.094
337.711
337.641
333.27
334.559
334.239
333.127
334.273
330.908
330.894
333.88
334.928
339.375
339.773
339.412
335.37
333.22
331.397
334.695
333.353
334.05
332.5
330.595
325.856
322.798
325.203
327.439
328.85
332.261
329.964
330.995
328.035
330.316
328.098
326.341
327.062
324.723
324.533
322.188
319.367
320.128
319.017
319.319
321.905
320.389
320.515
319.699
323.271
325.877
327.491
330.696
327.278
326.448
326.006
327.123
326.816
324.749
324.966
328.082
330.926
326.162
326.666
324.674
322.075
323.578
319.025
320.958
318.944
321.646
325.453
326.357
325.331
324.394
324.704
321.793
321.657
318.204
320.372
324.19
323.288
321.177
322.681
322.984
318.345
321.625
323.589
322.87
323.745
321.487
321.405
320.01
317.905
316.796
317.985
319.09
322.155
321.854
316.275
314.177
315.968
317.946
315.763
314.422
312.779
315.976
320.752
320.272
319.492
320.383
319.136
317.651
316.09
314.757
313.159
312.486
310.94
313.213
309.608
312.508
311.841
313.474
314.302
311.648
312.098
312.766
314.928
312.837
315.964
314.454
313.713
313.146
311.566
311.855
310.053
308.855
311.428
310.141
312.326
312.387
314.663
313.692
315.366
314.11
314.089
311.877
314.405
315.999
312.701
310.231
312.188
308.655
312.03
311.048
310.82
310.573
309.128
306.609
310.694
311.317
310.804
306.61
306.541
311.398
307.763
307.136
310.581
310.537
310.106
309.401
310.002
307.695
302.785
303.756
304.832
304.193
301.96
300.267
303.844
302.432
302.614
302.13
302.509
302.942
304.257
302.867
300.659
298.49
296.686
297.599
300.316
301.089
297.491
296.641
298.317
298.564
298.87
296.724
296.555
298.678
301.649
300.163
301.371
298.33
300.154
301.091
295.788
297.99
300.25
298.142
296.539
296.877
302.586
302.626
302.41
302.888
302.025
302.029
298.44
298.276
298.919
300.363
301.126
301.863
300.875
298.135
298.659
296.847
299.286
298.874
300.426
302.676
302.184
301.048
300.83
300.117
301.119
301.975
300.29
300.779
299.219
300.975
300.644
297.754
301.535
301.438
302.506
299.583
300.248
299.557
300.223
298.085
300.374
300.046
294.351
295.548
297.029
298.953
298.652
295.528
301.688
299.984
300.891
300.554
303.789
300.231
302.211
302.27
306.485
304.218
305.274
307.126
304.892
305.37
303.684
303.709
301.77
303.158
302.919
301.655
302.734
305.69
306.108
306.587
305.794
305.77
308.1
306.717
306.584
301.266
303.994
304.846
303.958
301.354
299.971
300.367
299.966
298.873
299.477
299.813
299.538
300.678
299.651
301.676
303.358
301.427
300.276
304.279
305.439
303.456
301.922
303.585
303.403
306.908
303.629
303.363
301.215
303.261
301.544
300.36
301.533
304.895
305.188
304.518
303.02
302.963
301.807
301.172
300.134
300.165
298.816
302.354
304.189
304.036
307.298
307.312
303.464
302.711
302.994
304.804
303.868
306.213
303.693
306.157
305.229
306.348
304.018
303.025
300.453
299.074
301.759
299.963
300.186
300.128
298.44
297.748
296.023
296.134
299.109
297.365
296.934
295.608
294.698
295.347
296.419
297.116
300.02
297.114
297.689
298.751
299.918
299.088
300.137
298.522
297.973
297.269
298.47
297.988
299.206
300.046
298.442
297.003
295.934
294.654
296.49
298.261
298.761
300.362
298.923
297.598
296.756
297.807
296.615
296.568
295.365
296.585
294.573
293.285
291.224
289.695
288.068
290.396
292.578
291.956
290.859
292.027
293.465
292.392
292.798
293.032
293.846
294.285
295.601
293.912
293.413
293.378
294.635
296.419
293.328
291.945
291.682
292.868
294.211
292.586
292.006
293.486
294.422
294.349
296.718
295.735
294.971
294.963
292.819
294.364
293.641
293.991
293.15
296.09
294.161
295.926
296.862
294.866
295.015
294.862
290.663
292.626
293.76
295.343
293.981
293.713
293.814
295.05
293.034
292.207
289.722
290.125
291.128
290.043
289.076
290.109
286.174
286.818
287.418
287.339
289.998
288.868
290.514
290.433
291.36
291.734
289.711
289.116
288.223
290.47
292.904
289.575
290.479
289.685
288.718
286.768
286.398
287.125
287.778
287.198
285.671
285.93
287.436
288.068
285.846
285.826
285.336
284.714
283.397
285.553
284.093
282.066
280.369
280.235
281.842
283.301
282.923
285.814
287.963
288.513
288.648
288.811
290.065
289.077
288.533
288.496
286.244
285.939
287.901
286.619
286.092
288.103
288.65
288.113
290.797
291.754
290.216
290.376
287.213
289.604
289.303
288.846
289.199
289.105
291.294
292.867
295.975
292.484
290.402
290.885
289.741
288.922
287.529
285.892
288.748
287.126
287.557
289.941
290.366
288.609
285.959
285.395
284.317
284.941
283.72
282.841
283.799
285.309
283.756
284.107
285.585
286.639
287.06
286.638
287
287.236
288.797
288.359
287.392
286.551
285.789
285.911
286.575
287.169
287.13
286.97
287.434
287.339
288.355
287.291
285.656
285.337
284.967
286.309
286.682
285.419
284.758
283.761
284.944
286.154
284.808
287.214
284.785
283.939
284.468
283.192
282.585
282.848
282.738
282.219
283.285
285.13
284.78
284.981
283.565
282.868
283.018
284.746
283.669
283.764
283.634
282.734
284.044
285.374
285.149
285.436
284.912
284.508
283.111
284.4
282.53
282.59
283.166
282.661
282.375
282.193
282.099
281.645
282.268
282.46
281.631
283.55
282.626
281.337
282.044
282.608
285.168
282.359
281.904
282.772
284.263
285.01
284.286
283.495
284.038
283.769
283.454
282.763
282.993
281.357
282.908
280.715
281.298
281.101
281.204
281.428
281.396
282.652
284.192
283.539
284.304
283.182
283.556
281.166
281.384
281.363
281.215
280.092
280.269
281.249
281.52
280.725
283.385
282.695
280.914
280.942
280.096
279.355
279.091
279.219
281.801
280.993
280.507
279.638
280.015
278.499
278.753
278.076
279.861
279.78
282.159
282.514
282.622
283.305
283.994
284.164
282.131
281.739
280.294
280.948
281.701
280.53
279.587
277.688
278.289
278.37
280.285
281.94
283.297
281.512
280.573
281.457
280.81
279.646
279.595
280.951
281.03
279.851
278.858
280.097
279.643
280.86
282.495
281.842
282.201
280.841
280.957
281.539
282.08
281.544
282.762
281.877
282.753
284.038
282.675
282.578
282.661
282.622
282.596
280.818
280.866
280.65
279.279
279.616
278.82
280.364
280.593
280.662
280.512
280.593
280.832
281.393
282.443
283.872
282.266
281.725
280.389
283.169
282.897
283.142
282.271
282.136
282.503
281.708
282.074
281.824
279.724
279.26
280.541
281.26
281.155
279.952
280.088
277.973
277.994
277.653
276.653
275.368
275.628
274.948
275.083
275.126
276.276
278.261
277.687
277.331
277.274
279.271
279.854
278.88
278.873
279.353
278.119
277.751
277.35
277.194
277.808
276.3
276.655
275.486
276.405
276.215
277.469
277.262
276.769
278.111
276.385
274.733
275.868
275.629
276.973
277.808
277.663
277.46
278.212
276.765
277.984
278.66
278.216
277.445
276.969
278.291
278.555
277.967
276.239
275.164
276.06
276.754
277.481
278.382
278.373
277.836
278.836
277.554
276.244
276.041
276.945
275.317
275.395
275.291
274.899
275.495
275.833
276.905
278.756
278.117
277.056
279.3
277.354
277.047
277.062
278.663
277.732
277.731
278.154
278.82
278.061
275.282
274.045
273.622
274.087
274.01
274.624
273.388
273.005
273.141
271.854
271.772
273.316
273.793
273.944
272.317
272.454
273.125
272.813
274.131
274.925
274.662
275.488
273.336
273.763
272.875
272.222
274.279
274.246
274.658
275.52
274.653
273.841
272.237
272.868
271.481
270.877
271.56
271.964
272.191
273.538
274.792
274.361
274.273
274.41
273.986
273.319
272.859
273.175
272.879
270.757
272.185
271.366
269.57
270.928
269.603
270.248
270.467
270.622
270.76
269.769
270.294
269.551
270.683
271.55
271.551
272.834
272.047
271.96
271.035
271.657
271.712
270.838
270.962
272.242
271.653
271.28
271.972
271.439
270.601
270.729
270.447
270.435
271.806
270.158
271.132
271.197
270.692
271.691
271.469
272.058
271.709
271.892
271.442
272.852
271.812
270.631
270.319
270.914
270.32
269.757
269.31
269.742
269.271
269.39
268.722
270.081
269.862
270.479
270.911
271.036
272.53
272.086
272.979
274.922
273.974
273.869
272.569
272.029
272.345
274.194
272.864
273.425
269.965
269.203
267.318
268.339
268.949
270.251
271.562
271.032
271.631
269.657
269.768
269.824
268.784
268.243
268.594
269.363
268.166
268.593
269.16
268.426
268.241
268.652
269.713
269.514
269.094
269.81
271.256
271.582
271.711
270.404
269.843
268.879
268.219
267.83
266.557
266.789
267.192
267.113
267.138
267.621
267.311
268.076
269.077
270.301
268.832
267.883
268.151
267.572
267.986
267.256
268.665
269.399
270.287
271.082
270.975
269.709
270.976
271.747
269.683
269.467
268.078
267.456
266.412
266.306
264.587
264.793
266.124
265.169
266.199
265.16
266.02
265.842
265.27
266.108
266.099
265.571
265.472
265.638
266.024
265.576
264.306
265.638
265.217
265.855
266.236
266.989
266.9
265.924
266.557
265.976
267.358
267.493
266.228
267.289
267.091
266.941
267.677
268.384
266.586
267.144
268.21
267.697
267.788
267.159
266.667
267.066
266.018
264.772
265.722
266.732
267.164
266.115
266.54
266.745
266.471
266.496
266.765
266.632
266.888
267.129
266.718
266.324
266.308
266.206
266.153
265.93
265.9
266.908
267.337
265.445
265.031
264.356
265.197
264.823
265.784
266.64
264.076
264.207
264.17
264.254
263.277
263.51
263.904
262.811
262.771
263.101
262.44
262.688
262.682
262.724
262.386
263.157
262.743
262.41
262.1
262.61
261.539
262.014
262.05
262.902
263.296
263.356
262.494
263.198
263.318
263.085
263.623
263.363
263.649
263.573
263.653
263.444
263.368
261.716
263.004
263.181
262.744
263.28
262.515
262.85
263.418
263.999
264.41
264.678
264.45
265.318
264.155
264.412
265.474
265.828
266.316
265.534
265.799
265.618
264.173
263.997
263.544
263.175
263.409
263.576
263.468
262.94
263.533
263.52
264.03
264.279
263.489
263.182
264.002
263.442
262.749
262.104
262.116
261.467
261.666
262.903
262.992
262.904
263.986
263.931
263.666
262.706
262.966
263.849
263.604
262.949
262.884
262.993
263.919
263.35
263.572
264.081
263.61
262.791
262.088
262.006
262.58
262.796
262.454
261.797
262.167
261.54
261.164
260.926
261.094
261.359
261.193
261.742
261.562
260.984
262.668
262.179
262.075
262.08
261.897
262.575
260.784
261.263
261.096
261.408
261.033
261.286
260.151
260.54
261.618
260.87
260.593
260.402
260.492
261.447
260.9
260.662
261.043
261.733
260.976
260.519
261.324
262.322
262.06
262.257
260.348
259.833
259.612
260.17
259.486
260.667
260.611
260.784
259.159
260.103
261.093
260.558
260.412
261.788
260.588
260.031
260.098
260.255
260.036
260.049
260.596
260.969
261.147
260.833
261.57
261.665
261.482
261.196
261.027
261.323
261.092
260.849
260.339
260.881
262.568
261.492
261.142
261.912
261.913
262.063
260.727
260.686
261.198
261.004
261.072
260.984
260.683
260.329
259.705
260.008
260.304
260.56
260.945
261.057
261.46
260.619
260.123
259.277
258.932
259.311
259.265
259.647
260.818
260.104
260.746
261.523
261.193
261.536
262.01
261.164
261.193
260.943
260.65
259.988
259.202
259.699
259.324
259.437
259.82
260.295
260.689
261.107
261.69
261.938
261.725
260.443
259.704
260.107
259.934
259.86
259.638
259.634
258.586
258.565
260.144
258.848
259.374
259.859
259.301
259.285
259.392
259.135
259.366
258.958
258.081
258.068
258.832
258.484
259.104
259.078
259.569
258.966
258.839
258.848
259.333
