Mut_X Mut_Y Mut_Size Mut_Rot Mut_R Mut_G Mut_B Mut_Type Time_Sec
143720 141371 166422 146362 165783 165923 165744 136139 3067.54
0 0 0 0 0 0 0 0 3067.54
--- Historial MSE por cambio de temperatura ---
16372.2
16262.2
16480.5
16747.6
16705.4
16645.6
16409.4
16827.1
16955.2
16952.3
16734.3
16521.1
16518
16666.2
16560.7
16316.5
16429.5
16156.9
16262.8
16682.8
16178
16054.2
16149.8
16001.3
15930.4
16092.6
16409.2
16399.1
16653.1
16436
16497.3
16448.2
16506.3
16629.5
16212.4
16383.9
16123.5
16670.9
16647.7
16839.6
16444.6
16543.8
16619.6
16707.5
16432.5
16194.9
16486.2
16347
16316
16794.5
16322.4
16239.4
16346.5
16227
16505.6
16360
16302.8
16339.7
16424.3
16276
15855.9
15905.4
15579.8
16202.7
16307.6
16012.9
15972.8
15825.6
16390.7
16108.1
15826.2
15775.2
15898.1
15593.9
15677.4
15827.1
15874.8
15794
15846.5
16084.2
15913.3
15849.8
15620.8
15739
15942.2
16387.6
16409.1
16620.5
16498.8
16970
17021.9
16493.9
16559.5
16455.4
17061.4
16894.3
16551.3
16586.4
16662.7
16268.5
16258.4
16471.7
16318.3
16149.1
16067.8
16847.1
16794.2
16738.3
16652.3
16156.6
16030.7
16110.4
16029.6
15671.1
15957.3
16169.5
15980.4
15623
15955.4
16136.6
16243.3
16089.3
16285.8
16269.1
15981.4
16202
16131.2
15738.8
15656.8
15452.5
15698.1
15174
15645.8
16067.6
16162.6
16095.4
16101.2
15398.5
15692.8
15611.6
15400.4
15804.4
16050.4
16257.8
16292.8
16089.8
16259.1
16430.6
16357.5
16282.5
17010.5
16972.4
16844.5
16955.4
16869.1
16905.9
16774.7
17013.4
16949.6
16767.4
17042.4
17207.2
17093.2
17104.3
17084.1
16821
16640.1
16549.6
16563.6
16643.5
16517.9
16394
16321.8
16160.2
16220.2
16308.5
16525.6
16177.8
16099.9
16475.2
16241.2
16160.9
16165.4
16121.8
16306.1
16535.1
16303.4
16124.3
16209.8
16484.8
16494.4
16669.9
16698
16530.1
16315.8
16334.3
16503.9
16282
16146.3
16751.8
16686.1
16999.7
17078.7
16885.7
17042.5
17153.6
17517.9
17424.7
17348.9
17325.9
17508.6
17357
17166.9
17221
17507.1
18019.7
17774.7
17650.6
17744.1
17900.1
17639.1
17785.7
17530.2
17663.5
18097.4
17820.4
17832.6
17944.9
17748.9
18054.4
17834.7
17899.5
17936.4
17853.2
17896.7
17878.2
17436.7
17662.8
17596.6
17476.1
17595.3
17555.3
17334.6
17503.3
17455.5
17243.4
17136.8
17121.4
17079.4
16662.9
16622.2
16694.1
16584.9
16606.2
16077.9
16001.4
16327
16343
16309.9
15795.1
16222.3
16217.8
16409.3
16025.5
15922.2
15761.5
16350
15795.9
16342.4
16229.7
15909.5
16136.6
16338.5
16184.9
16263.8
15843.1
15734.1
15746.2
16219.9
15659.1
15774.8
15516
16129.9
16066.9
15799
15709
15839.6
15825
15410.3
15423.7
16247
16265
15857
15386.1
15696.7
15970.7
15726
15639.5
16146.2
15773
15627.1
15532.7
15553.8
15579.6
15320
14828.6
15159.4
15653.4
15308.4
14853.2
14971.4
14976
15018.1
15245.9
15189.5
15465.7
15110.9
15257.4
15404.3
15498.7
15424.9
15271.9
15028.4
14672.1
14695.5
14717.3
14838.2
14778.1
14809.3
15122.2
15431.9
15192.1
15296
15785.7
15509.7
15312.9
15054
15640.9
15419.1
16058
15913.9
15914.8
16274.4
16056.4
16036.1
16280.1
16463.9
16074.9
15137.6
14420.5
14308.3
14624.6
14827.3
14518.1
14533.8
14812.2
15176.1
15483.7
15565.3
15054.4
15094.5
15220.3
14929.9
15021.6
15144.4
15164.2
15457.1
15280.6
15126.8
14747.5
15161.9
15656.1
16070.4
15893.1
15724.5
15966.8
15619.2
15422.3
15333.8
15163.1
15646.3
15669.8
16312.1
16060.6
15642.9
15811.2
15884.6
16100.6
16059.1
15860.2
16198
15885.4
15714.2
15666.9
15706
15434
15340.8
15617.6
15479.8
15186.2
15661.5
15992.1
15577.6
15335.9
15254.8
15335.4
15671.5
15799.6
15195.5
16014.6
15661.3
15247.4
15618
15505.5
15652.9
15707
16086.3
16218
15594.2
15095.1
15527.9
15669.5
15390.2
15062.7
15175.7
15356.7
15649.4
15170.2
15395.8
15086.6
15157.9
15112
15137.9
14546.8
14430.2
14561
14664.6
14957.2
15073.3
15140.6
15258.7
15155.8
14413.6
14493.9
13937.7
14349.5
14080.3
13997.1
14224.2
14697.2
14304.7
14680.7
14835.1
14734
13939.9
13825.5
14202.8
14720.8
14416.1
14543.6
14018.1
14708.1
14618.2
15168.8
14449.7
14458.1
14715.9
15257.9
15454.1
15324
15268.8
15053.1
15049
15088
14883.7
14321.5
15099
14564.6
14468.3
14109.7
13990.8
14425.6
14394.5
14215.8
14492.7
15049.9
14818.3
14917.5
14525.2
14442.4
14662
14496.4
14255.4
14445.3
14697.6
15152
15011.8
14360.1
14761.2
15078.7
14989.1
15205.8
14669.7
15035.5
14596.7
13978.6
13928.6
13835.9
13833.9
13683
14096.3
14190.8
14581
14698
14360.6
14344.4
14370
14198.8
14294.7
13989.2
14509.9
13984.4
14313.2
14729.6
14618.5
14856.1
15322.6
14854.2
15167.6
15180.8
14637.3
14549.6
14706.7
14475.4
14565.1
14267.4
14682.2
15237.2
15322.7
15520.4
15256.3
14751.6
14292.1
13688.4
13660.9
13858.2
14196.6
14111.7
13874.1
13851.5
13679.7
13947.2
14096.8
13925.1
13741.3
14160.3
14071.9
14363.4
14354.6
14250.8
14454
14160
14338.2
14654.3
14157.7
13817.9
14251.7
14361.2
14278.4
14285.2
14262.1
14550.5
14806.1
15059.7
14991.2
15396.8
14858.4
14673.3
14495.1
14410.2
14100.8
14067
14015.8
13883.3
13535.2
13599.5
13842.4
14010.4
14275.8
14113.3
13932.5
14386.2
14403
13637.6
13560.2
13569.1
12752
12700.3
12808.7
12766.6
12439.5
12970.2
12643.6
12620.9
12921.9
13074.6
13589.1
13451.3
13598.9
13895.2
13398.5
13306.6
13564.5
13257
13132.4
12770.9
12526.6
12859.4
13088.6
13312.8
13531.2
13461.6
13644.4
13530.7
13767.3
13494.2
13985.9
14171.6
14166.4
13658.9
13944.3
14026
14097
14201.9
14405.5
14537.5
14722
14534.3
14091.6
14532.5
14609.4
14371.8
14385.7
14226
13239.5
13848.5
13506.4
13877
14648.4
14578
13809.8
13561.4
13946.2
13818.9
14282.2
14186.4
14379.5
13833.9
14443.5
14556.7
14831.9
14593.8
14311.3
13956.4
13839.9
13363.9
13797
13328.7
13525.6
13544
13627.8
13501
14021.8
13429.8
13564
13328
14030.4
13416.2
13170.8
13120.2
13264.9
12691.8
12856.3
12910.9
12999.8
12883
13068.8
13381.1
12756.7
12897.8
13228.7
13348.8
12868.4
12932.9
13184
13764.5
13263.7
13223.7
13602.7
13220
13221.7
12731.9
12703.1
12996.6
12972.2
12990.9
13243.7
13810.3
13876.3
13545.9
13486.1
13013.3
13170.5
13026.8
13184.5
12886.8
13474.4
14299.4
14360.2
14268.3
14690.7
14271.8
14565.3
14572.5
14024.1
14144
14461.3
14382.2
13865.5
13624.8
13782.4
13509.8
13054.4
13486.5
13419.3
14008.6
13598
13735.4
13848.1
14434.1
14227.1
13770.8
13323.3
13125
13547.1
13432.8
13625.6
13088
13388.2
13270.2
13679.7
13645.7
13995.3
13669
13296.7
13030.3
12646.2
12988.8
13383.8
13228.1
13487.9
13891.9
14130.8
14363.8
13856
13417.3
12876
13261.3
13926.3
13750
13578.1
13822.2
13299.6
13519.2
13172.6
12940.8
13319.4
13520.7
13344.7
13378.8
13166.2
13024.8
12521
12318.7
12471.8
12325.5
12399.4
12320.2
12347.2
12550.3
12648.2
12856
12934
12658.5
13001.5
12321.1
11877
12629.9
12583.6
12720.3
12888.1
12726.4
12591.2
12946.8
12453.6
12376.4
12567.7
12561.6
12561.7
12131.7
11923.4
12021.9
12150.9
12155.2
12480.8
12697.3
12483.1
12209.2
12355.8
12636.2
12481.2
12907.1
12855
12612.1
12583.4
12882.4
12556.4
12692.3
12950.5
13041.7
12893.9
12633
12527.5
12294.9
12910.7
12648.7
12347.6
12504.6
12217.3
12440.1
12231.6
12232.5
12057
12032.8
12297.6
12012.5
12406
11912.8
11700.6
12285.2
12558.1
12679.4
12499.4
12736.8
12748.1
12793.6
12229.9
12138
12184.3
12143.2
12685.9
12816.3
11530.4
11930.6
12231.6
12548.1
12950.8
13285.3
12620.9
11989.3
12507.6
12068.6
12611.6
12762.7
12401.4
12220.1
12446.3
12403.9
12614.8
12144.7
12410.1
12230.1
11929.3
12221.8
12042.8
12418.5
12382.8
12362.2
12467.2
12976.9
12923
12577.3
12474
12626.6
12835
12028.9
11932.8
12364.5
11944.7
11691.8
11930
12425.4
12537.5
11918.2
12593.4
12084.5
12170.5
12429
12504.2
12423.9
12194.8
11558.4
11995.6
11820.7
11514.6
11619.2
11396.2
11615.5
12341.7
12467.6
12163.5
11356.8
11639.6
11944.5
12120.7
11909
11769.8
11647
11145.4
11198.8
10497.2
10836.3
10773.3
11040.5
11431
10935.1
10997
11619.5
11239.8
11264.2
11757.4
11303.6
11425.5
11047.4
10921.8
11101.4
10791.3
10890.1
10820.9
10974.6
11764.4
12232.6
12608.7
12384.5
11766.6
11858.7
11669.7
11502.3
11970.2
11181.6
11535
11171
11608.4
11673.9
11778.9
11791.6
11672.6
11409.2
11515.8
11771.4
11695.4
11514.2
11730
11710.2
11791.1
11595.1
11634.7
12136.9
12618.6
12592.4
12305.8
12031.2
12813.2
12296.9
12231.8
12604.3
12268.3
12350.6
12897.4
12757.7
12329.8
12506
11881.1
11741
11663.7
11693.6
11649.3
12491.3
12443.5
12569.3
12950.4
12878.2
12879.6
12286
12669.8
12403.4
12763.7
13419.1
13253
13181.8
13143.4
12742.7
12782.4
11894.3
11402.7
11490.9
11362.3
11476.7
11961.2
12352.2
12375.6
11810.4
12031.2
12339.4
12685
12448.5
12657.9
12484.7
12707.1
12707.3
12705.9
12701.3
13017.3
13578.2
13944
13450.3
14067.6
13658.7
13786.8
13760.4
13734
14012.8
14313.4
13681.1
13367.8
13140
13372.3
13360.3
13757.5
13599.8
13013
12879.6
13188.4
12925.6
12713.6
12306.6
12520.9
12701
12740.7
12970.9
13096
12950.4
12794.2
13186.2
13636.1
12675.5
12439.3
12721.8
12561.4
13173.4
13359.5
13090.5
13173.8
13432.8
13282.3
13569.9
13468.9
13737.2
14103.7
14160.1
14335
14136.1
14050
14380.4
14008.8
13660.1
14002.7
13549.3
13633.9
13592.8
13648.2
13554.5
13281.9
13444.5
13611.6
13143
13326
12981.1
13224.6
13292.1
13462.6
13238
13129.5
13372.5
13121.8
12948.4
13006.4
13423.1
13615.6
13498.8
12622.8
13174.7
12893.5
12883.1
12378.8
12828.4
11990.1
12587.2
12268.3
12476.1
13027
12997.4
12345.6
12689.4
12785.1
12124.6
12253.5
12286.4
12056.5
11655.2
11265.1
11540.6
11985.9
12030.1
11975.5
12086.7
11452.4
12051.5
12522.6
12572.3
12605.7
12487
12705.3
12704.8
12727.3
12828.6
12493
12922.5
12933.1
12534.1
12320
12621.4
12600.8
13394.3
13182.1
13015.9
13150.3
13133.2
13088.1
12972.7
12630.4
13588.1
13474.9
13186.7
13677.2
13294.3
13212.8
13387.2
13234.3
13733.8
13339.3
13191.6
12580.2
12915.3
12574.7
12890.1
13387.1
13155.1
12689.9
12592.9
13284.7
13919.4
13290.6
13756.7
13504
13480.4
13436.1
13413.2
13220.7
13661.7
13348.7
13242.1
13432.6
12622.1
11738.8
12602.7
12374.7
12265.3
12640.6
12036.6
12064.6
11986.1
11904.7
11728.5
11803.1
12314.2
12362.1
12887.4
12568.7
12681.4
12689.2
12579.6
12565.8
12651.4
13036.2
12969.5
13185.7
13003.5
12504.9
12302.6
13052.8
12488.6
12615
12491.9
13114.1
13199.2
13249.1
13047.5
12777.3
13097.6
13224.1
12972
12720.1
12687.8
13041
12644.1
12944.2
13052.1
12691
12447.7
12615.8
12428.6
12997.3
12872.9
12771.5
12655.5
13366.4
13358.1
13332.5
13272.3
13200.8
13109.7
13434.5
12824.1
12717.3
12556.4
12208.9
12199.6
12376.1
11978.8
12426.1
12117.2
12487.9
13194.4
12462.1
12706.5
12772.5
12876.6
12496.1
13072.5
12828.1
12967.8
12882.8
12611.3
12458.5
12291
12268.8
12278.2
12434.3
12242.1
12642.5
12650.5
13042.3
12989.4
13279.9
12533.5
12497.1
12653.5
11788.5
11881.5
11989.1
12443.9
12530.4
12262.5
12383.6
11941.4
11421.1
11530.5
11256.5
11263.8
10864.9
11231.7
12059.7
11698.2
11644.3
12087.8
11754.8
11946
11701.2
11244
12101.5
12280
12690
12309.6
12037.2
12604.9
12352.7
12113.7
12134.4
11696.6
12636
12006.3
11699.1
11945.8
12102.7
12311.5
12409.4
12237.7
11711.6
12202.8
12107.6
12170.3
11698.7
11343.5
11621.5
12244.1
12499.5
11987.6
11326.4
11449.5
11434
11601.8
11494.3
11479.6
11504.6
12205
12296.9
12550
11880.2
11605.4
11573.9
11786.5
10753.8
10874.8
11561.9
11836.9
11514.5
11381.7
11145.1
11023
11172
11516
10884.9
10738.1
10493.3
10564.5
10501.4
10603.3
11185.3
11068.1
10911.5
10986.7
10993.2
11639.5
11404.9
11004.8
11144.4
11456.8
11226.8
11382.4
10945.2
10533.7
10365.5
10329.1
10481
9683.05
10436.9
10468.9
10454.9
10463.8
10275.7
10601.1
10537.5
10461.4
10125.3
10567.8
10515.5
10640.2
11092.5
11803
12030.4
11051.9
11174.1
11471.6
11385.1
11196.1
11372.1
11561.5
11452.2
11441.1
11404.4
11862.1
11357.6
10756.3
10436.3
10635.2
11152.1
10843
11045.7
10961.6
10799
10675.4
11080.8
11198.1
10810.2
10518.2
10588.4
10927.9
11413.4
11166.4
10921.7
10537.6
11382.3
11370.9
11003.6
10447.8
10584.4
10461.3
9887.09
9397.21
9363.65
9626.4
9826.02
9976.78
9927.76
9559.86
10093.3
10159.5
10282.5
10725
10515.4
11127.8
11302.9
10934.7
11244.6
10491.3
10901.3
10881.8
10377.6
10797.1
10758.8
10772.9
11070.1
10957.5
10457.9
10505.5
10293.9
10398.9
10786.1
10620.5
10299.6
10955
10881.3
10766.3
10646.5
10844.9
11137.2
10912
11289.6
10845.5
10552.4
10487.7
11126.3
10723.3
10268.6
10758.8
11444.1
11098.3
10150.2
10130.3
10035.6
10853.7
10748.1
10784.1
10393.6
10314.7
10060.8
11166.1
11010.7
10515.5
10794.7
10961.4
10391.7
10903.3
10685.9
10016.7
9824.8
9848.39
9733.98
10229.7
9868.22
9917.39
9833.24
9684.16
9513.73
10239.8
9636.68
10188
9705.74
9431.23
9328.82
9877.42
9870.49
10542.3
10682.4
10988.3
10666.6
10001.5
9713.05
9817.36
9493.91
9390.32
9729.46
9315.53
9317.07
9359.8
9923.55
9776.64
9890.97
10403.1
9753.31
10519.9
10075.8
10237.3
9974.35
9843.99
9651.39
9590.63
9884.56
10122.2
9851.47
9624.02
9793.98
9956.7
9270.47
9680.75
9770.95
9920.18
10617.2
10827.4
10328.9
10019.8
10049.2
9991.18
10180.6
10180.1
9913.17
9550.47
9223.01
8995.5
9359.55
8602.99
8758.34
8235.6
8547.05
8763.08
8561.26
8128.11
7769.91
7609.63
7761.97
8038.29
8511.71
8625.82
8730.99
9077.4
8936.21
9058.35
9228.2
9344.15
8969.98
9489.61
8912.16
9072.1
8477.99
8601.2
9101.87
8365.33
8440.42
8579.51
8057.7
8216.43
8315.75
9007.74
9670.95
9333.68
9023.52
9098.96
8860.12
9071.22
8580.18
8730.81
8369.48
8469.1
8789.41
8611.41
9249.37
9308.19
8992.17
8951.95
8582.94
8250.81
8608.58
8461.83
8705.41
8790.17
8349.9
8295.7
9180.3
9373.6
9218.81
9476.07
9093.15
9535.3
8882.87
9218.93
9346.6
9373.95
9441.69
9358.53
9428.77
9386.44
9331.9
9375.97
9189.93
8551.9
8594.28
8854.71
9050.94
8670.37
9290.67
9523.89
9331.17
9160.91
9497.75
9536.13
9758.33
9287.66
9554.47
9522.71
9519.65
9384
8515.91
9132.62
9664.04
9115.27
9351.79
8959.15
8609.9
8511.7
8292.06
8198.53
8886.89
8538.21
8321.89
8231.24
8284.87
8357.12
8445.98
8527.99
8642.27
8803.58
8959.54
9270.34
8840.94
8622.04
8973.88
9158.96
9250.89
8969.66
8649.38
8646.28
8757.93
9093.08
9020.73
8712.71
9087.19
9134.33
8667.61
9317.13
9159.38
8408.78
8326.38
8679.36
8989.21
8697.98
7949.34
8338.22
7668.3
7699.89
7668.32
7515.41
8900.64
8939.73
8197.79
8920.63
8700.43
8617.12
8601.56
8625.31
8287.38
8145.38
8490.81
8630.99
8789.13
8541.25
8641.55
8289.79
9055.97
9160.37
8953.68
9185.22
8421.77
8160.51
8199.53
8115.07
7871.01
7957.91
7578.76
7169.93
6918.04
7281.19
7337.08
7509.53
7694.96
8194.11
8428.57
8728.45
8896.02
8217.99
7910
7827.1
7974.53
7576.89
7817.16
7230.09
7204.26
7429.5
8397.7
8639.37
8740.36
8489.16
8445.29
8502.74
8403.38
8718.82
9111.4
8681.18
8926.65
8816.35
8908.47
9227.9
8794.64
9510.94
9604.38
9161.59
9188.42
9150.09
8511
8832
8165.24
8757.15
8528.41
8597.98
8732.82
9197.45
9079.18
9443
9002.49
9523.9
9624.62
9212.53
8458.41
8453.59
9226.49
8840.95
9049.98
9002.59
9448.5
9149.03
9125.98
9036.19
8628.24
8412.66
8464.01
8446.42
8602.01
8620.57
8860.48
9239.83
8867.44
8891.01
8865.23
9061.55
9116.2
9650.37
9578.51
9625.02
10044.8
10020.2
9712.58
9748.24
9688.82
9249.25
9518.58
9303.87
9486.52
9085.04
9113.36
8661.74
8479.39
8214.64
8524.79
8720.64
8616.92
8798.56
8458.2
8168.9
8556.27
8538.24
8797.56
8937.61
8717.01
8373.95
8145.73
8123.9
8816.54
8705.37
8195.87
8370.04
8487.09
7867.25
7361.06
7610.27
7811.23
7872.9
7823.46
8165.66
8009.54
7955.35
8249.73
8013.13
8121.82
7621.92
8279.01
8366.96
7971.04
8021.88
7941.95
7946.82
8210.26
8429.21
8357.86
7756.17
7965.13
8394.02
8475.16
8434.73
7930.59
7447.08
7784.86
7558.55
8019.71
8460.61
8137.07
7766.47
8104.95
8581.76
8041.74
7860.77
7890
8105.34
7764.81
7396.51
7042.31
7118.69
7052.13
7105.54
7008.73
7130.22
6879.52
6950.86
7049.71
7253.88
7388.84
7431.85
7083.42
6695.37
7004.36
7372
7468.91
7798.77
7668.07
7418.84
7313.02
7286.66
8054.3
8052.61
7805.55
7595.25
7759.99
8046.74
8306.95
7795.35
8030.22
8313.53
8445.09
7998.55
7881.6
7962.4
7588.77
7058.34
6708.16
7033.94
7203.93
7206.71
7061.72
6306.6
6304.24
6605.57
6203.7
6086.47
6424.28
6737.14
6748.16
6793.69
7315.26
7331.23
7272.75
7484.68
7598.86
7589.19
7031.81
7183.87
7570.14
7615.28
7922.94
7509.18
7536.83
7416.05
7339.8
7437.5
7078.78
7291.58
7071.23
7116.61
7244.54
6869.68
6917.86
6780.79
7087.35
6776.97
7010.49
6311.17
6901.44
6746.52
6368.8
6333.65
6386.45
6561.97
6672.02
6807.18
7180.94
7717.71
7570.35
7071.55
7754.31
7407.56
6732.09
7020.1
6621.62
7032.77
7159.15
6571.36
6821.67
7002.49
6689.56
6590.31
6619.4
6324.27
6571.62
6499.1
7007.34
6723.1
7073.09
7212.45
7239.72
7218.69
6914.87
6775.8
6334.72
6250.58
6791.41
6619.69
6750.84
6560.31
6773.67
6619.16
6723.48
6282.3
6138.99
6632.07
6661.01
7212.39
6882.23
6984.27
6705.94
6965.26
6670.88
6875.68
6647.92
6564.56
6698.66
6672.63
6796.1
6729.14
7027.82
6974.83
6708.46
7076.67
7005.47
6645.61
7136.86
6949.88
6464.71
6317.19
6180.91
6563.85
6905.75
6352.64
6932.06
7305.23
6814.69
6732.9
6658.63
6500.01
6728.7
6844.91
6298.15
6115.43
6128.75
7010.91
6851.32
7021.95
6924.01
6729.82
6889.46
7305.5
7103.03
7110.84
7196.83
7446.94
7748.72
7697.69
7913.79
7276.48
7318.69
7506
7192.62
6574.11
6368.39
6317.36
6188.76
6416.28
6211.62
6183.98
6029.82
5940.53
6365.84
6317.71
6418.81
6391.69
6484.27
6679.77
6109.33
6194.98
6030.69
6571.71
6319.07
6284.45
6211.15
6338.66
6198.81
5888.34
5818.14
5799.54
5747.68
5672.22
5692.01
6155.54
6388.22
6530.37
6513.04
6215.09
5952.36
6000.97
6080.04
6299.12
6273.63
5914.98
5733.58
5881.46
5843.39
5341.3
5454.24
5523.69
5428.27
5544.22
5986.06
6083.88
6402.31
6505.59
6325.6
6309
6405.49
6608.02
6827.51
6352.7
6066.33
6274.47
6527.26
6681.87
6948.42
7110.59
7261.37
6800.69
6461.27
5918.8
5954.75
5424.8
5520.05
5760.79
5580.37
5642.21
5388.23
5628.83
5562.31
5822.79
5639.72
5581.86
5749.82
6286.39
6293.81
6059.34
5756.91
5909.28
5760.84
5584.36
5237.7
5715.66
5832.5
6065.38
6108.45
6292.24
5503.18
6107.43
6270.85
6187.45
5869.04
5963.74
6428.91
6400.16
6189.25
6411.82
6175.33
6820.07
7013.85
6951.71
6771.86
7103.45
6723.73
6402.09
6511
6596.94
6455.38
6435.83
6394.29
6025.71
5931.41
6186.96
6050.4
6303.73
6680.58
6564.08
6527.57
6053.9
6221
6351.49
6128.02
6165.4
6177.61
6610.79
6556.53
6222.84
6531.95
6487.53
6589.36
6177.21
6392.09
6840.87
6463.06
5881.71
5797.09
6022.7
5659.05
5753.1
5866.55
5878.6
5848.53
5752.84
5393.98
5510.84
5709.88
5324.7
5504.7
5603.93
5034.61
5020.77
4847.54
4887.08
5257.2
5426.72
5298.4
5605.19
5685.05
5686.44
5431.92
5263.57
5406.08
5376.08
5167.07
5275.76
5473.92
5239.53
5211.54
5465.31
5229.95
5637.1
5692.59
5764.54
5970.54
5522.37
5593.69
5867.91
6034.62
6276.65
5590.1
5679.27
6065.98
5887.61
5638.27
5922.38
5802.77
5578
5666.95
5555.29
5759.34
5618.43
5663.04
5610.29
5900.71
6172.34
5913.51
5319.97
5308.71
5910.66
5626.38
5590.7
5139.25
5420.9
5559.81
5486.07
5528.94
5459.35
5481.6
5575.64
5614.19
5259.68
5176.17
4981.85
5057.85
5154.03
4731.04
4818.83
4813
4858.64
4893.62
5124.56
5104.52
4801.07
4970.3
5385.78
5384.89
5231.93
5351.87
5256.95
5389.75
5492.68
5337.84
5335.42
5251.58
5217.79
5155.88
5375.45
5295.07
5399.72
5445.2
5410.04
5155.11
4917.75
5694.14
5375.03
5402.46
5377.28
5661.76
5388.58
5356.23
5045.86
5405.49
5451.69
5544.7
5527.09
5144.41
5572.96
5583.79
5870.4
5151.67
5240.66
5165.12
5263.79
5520.74
5832.34
5624.82
5248.03
5351.37
5465.12
5122.71
4904.63
5038.57
4815.51
5136.17
5122.91
4870.54
4932.84
4954.34
5078.53
4955.43
4948.83
4832.77
4696.81
4857.63
4670.53
4662.53
4661.95
5005.03
5204.45
5304.88
4991.8
4927.47
5048.6
5153
5464.25
5335.35
5228.18
4962.01
5016.52
4697.22
4929.36
4799.77
4336.93
4541.32
4829.94
4878.27
4830.02
4702.09
4592.28
4865.43
4755.34
4875.79
4898.04
4886.04
4777.71
4544.88
4400.38
4333.39
4284.95
4516.1
4350.41
4238.95
4658.48
4898.14
4793.52
4723.25
4723.15
4585.57
4583.36
4864.77
4739.33
4693.68
4385.21
4474.46
4215.41
4079.17
4170.38
3986.08
4293.17
4524.14
4437.11
4306.14
4406.16
4696.03
3889.59
4241.29
4068.86
3882.94
3751.22
3764.13
3918.84
4367.34
4281.63
4050.91
4043.29
4196.56
4455.68
4502.93
4592.05
4467.37
4315.31
4497.76
4523.64
4801.7
4575.11
4231.62
4333.84
4420.07
4587.61
4510.22
4511.32
4032.58
4118.51
4108.8
4372.34
4389.99
4407.47
4028.58
4415.34
4394.53
3939.94
3996.09
4307.52
4058.71
4379.37
4067.02
4076.91
4667.09
4298.84
4116.1
4092.3
4069.45
4196.7
4151.28
3928.46
4021.97
3985.37
4136.15
4341.04
4129.1
4224.09
4399.15
4219.27
4243.94
4174.74
4613.51
4505.73
4371.69
4253.68
4503.75
4218.37
4101.42
3705.36
3938.51
4158.23
4156.74
4008.29
4187.5
3927.3
3810.1
3999.14
4160.36
4094.83
4237.55
4185.89
4071.67
4178.56
3888.85
3861.78
3971.67
4130.8
4336.84
4050.6
4050.67
4008.29
3848.16
3868.95
3734.33
3743.2
3626.26
3575.04
3733.26
3507.44
3579.59
3455.22
3603.6
3644.53
3551.55
3513.86
3560.47
3486.54
3474.14
3542.54
3557.53
3336.55
3383.05
3463.23
3459
3609.15
3528.53
3532.92
3576.09
3465.49
3634.04
3300.93
3472.94
3478.54
3464.18
3326.47
3771.47
3475.46
3557.27
3638.85
3827.32
3904.57
3426.95
3442.4
3447.09
3853.53
3319.56
3302.14
3301.53
3506.19
3552.78
3585.37
3366.18
3391.43
3509.45
3262.52
3433.54
3446.23
3533.05
3469.54
3403.94
3353.54
3413.99
3458.41
3160.52
3018.15
3300.08
3112.87
3072.85
2981.52
2912.04
3242.1
3200.19
3185.47
3211.76
2939.06
3454.45
3352.9
3666.03
3678.02
3482.89
3424.99
3499.57
3601.62
3785.43
3602.57
3588.95
3578.11
3487.69
3316.58
3337.16
3618.88
3594.16
3577.49
3685.32
3597.05
3666.53
3722.2
3710.65
3638.97
3717.14
3786.96
3755.47
3902.61
3844.58
3982.23
4015.55
3966.82
3922.74
3957.71
3916.09
3725.19
4191.73
3818.73
4001.74
3918.47
3981.18
3751.49
3829.32
3785.48
3761.22
3826.34
3868.6
3598.45
3574.56
3532.33
3628.14
3477.84
3384.08
3419.47
3439.63
3551.75
3530.43
3679.73
3628.74
3462.03
3466.78
3650.08
3323.7
3303.2
3315.35
3401.25
3429.8
3468.43
3447.06
3556.59
3553.57
3537.76
3530.43
3466
3476.04
3396.17
3414.54
3399.01
3600.18
3589.43
3514.77
3390.57
3531.1
3431.54
3376.24
3420.26
3445.15
3501.24
3421.37
3658.47
3558.68
3435.91
3535.06
3336.01
3552.08
3619.62
3599.46
3738.54
3507.57
3678.46
3529.22
3478.49
3404.96
3284.79
3337.14
3381.94
3441.9
3397.99
3409.78
3293.52
3249.18
3152.05
3171.86
3153.74
3177.97
3116.01
3144.6
3154.09
3162.94
2942.76
2970.92
3152.54
3023.48
3270.08
3313.15
3292.3
3069.65
3184.66
3165.22
3182.96
3147.21
3192.72
3069.34
3297.22
3153.04
2940.09
3068.24
3423.43
3251.83
3152.14
3105.41
2979.44
3241.24
3117.3
3081.91
3050.41
3107.97
3210.73
3089.23
3125.94
3338.6
3525.22
3454.31
3315.5
3322.44
3421.78
3457.26
3333.48
3148.73
3277.85
3251.33
3405.1
3429.59
3434.86
3292.72
3131.9
3244.61
3228.46
3314.06
3228.71
3121.5
3211.36
3265.59
3288.65
3345.87
3262.8
3055.04
3173.39
3220.11
3211.01
3164.86
3268.68
3019.02
2972.29
3011.91
3066.26
2953.5
2960.73
2985.15
3018.6
3033.84
3090.74
3105.37
3251.59
3117.59
3164.9
3063.9
3002.54
2979.26
2854.43
2682.09
2680.32
2533.21
2646.63
2574.52
2714.94
2697.62
2702.66
2925.17
2875.11
2839.54
2829.93
2873.71
2956.36
3121.94
2998.22
3050.42
2875.52
3170.56
3102.02
3271.28
3221
3119.88
3104.15
2892.76
3046.19
2968.36
3057.19
2910.79
2910.84
2920.48
2898.48
2858.63
2875.76
2978.51
3174.54
3127
3205.69
3288.33
3397.05
3487.03
3414.11
3295.62
3222.46
3065.75
2997.93
2907.78
3005
2993.49
2932.45
2967.36
3027.97
2968.75
2783.57
2994.66
2877.77
2755.11
2847.08
2824.54
2834.06
2816.73
2885.68
2857.04
2938.69
2974.63
2847.88
2802.6
2766.69
2904.43
3071.28
3052.66
3087.25
3158.42
3130.45
3151.52
3208.56
3182.19
3176.95
3205.33
3227.65
3128.35
3069.46
3036.56
3106.64
3148.45
3276.03
3278.47
3270.95
3163.15
3259.63
3222.32
3137.31
3280.98
3023.75
2993.49
3126.07
3100.02
3104.19
2850.09
3028.3
3096.55
3101.85
3035.79
3219.16
3210.26
3054.12
3160.27
3076.42
3138.78
3031.46
3071.02
3148.25
3009.85
3043.94
3029.21
2809.82
2792.87
2796.87
2771.39
2750.18
2701.18
2824.64
2713.67
2882.29
2831.48
2857.54
2865.68
2855.05
2805.4
2664.14
2815.15
2803.95
2813.38
2898.81
2763.41
2822.78
2879.99
2776.18
2805.52
2918.75
2840.21
2906.03
2960.47
2828.79
3034.68
2989.61
3051.74
2980.4
2947.56
2878.91
2879.98
3052.45
2836.68
2748.15
2696.2
2669.15
2756.93
2688.76
2733.3
2720.72
2561.59
2695.18
2580.42
2548.95
2520.75
2546.57
2648.63
2701.36
2598.38
2673.22
2666.6
2636.89
2685.77
2629.86
2617.85
2673.1
2673.3
2767.9
2689.48
2620.71
2661.38
2669.35
2662.16
2678.61
2434.4
2476.27
2405.31
2395.49
2624.57
2469.03
2547.16
2576.38
2598.88
2524.97
2394.25
2528.37
2605.59
2598.39
2616.35
2561.42
2572.46
2500.44
2461.61
2385.01
2555.61
2663.76
2680.62
2525.34
2471.03
2609.51
2548.76
2614.88
2528.82
2532.4
2647.17
2552.88
2552.86
2507.15
2596.49
2566.64
2555.1
2534.2
2554.63
2462.2
2270.3
2291.74
2280.8
2246.61
2320.11
2306.26
2308.01
2362.55
2355.8
2319.78
2463.25
2548.29
2583.79
2651.4
2598.09
2514.94
2617.42
2562.41
2547.18
2467.44
2439.89
2489.59
2305.79
2288.3
2167.01
2160.91
2243.19
2304.73
2353.93
2394.83
2365.68
2505.47
2315.12
2341.74
2390.02
2387.71
2416.4
2529.67
2534.43
2410.99
2554.61
2471.34
2401.91
2346.25
2353.12
2331.38
2388.1
2470.2
2518.64
2409.08
2370.18
2390.46
2430.46
2483.93
2443.39
2531.38
2447.11
2437.91
2475.15
2485.06
2432.92
2486.92
2456.47
2476.2
2471.57
2444.13
2420.92
2359.84
2441.56
2456.7
2486.76
2304.22
2269.9
2412.51
2431.52
2344.57
2419.42
2410.74
2465.91
2393.69
2316.37
2323.39
2336.92
2269.79
2207.36
2268.22
2302.34
2375.14
2317.43
2227.93
2221.35
2188.14
2225.5
2272.22
2261.84
2382.83
2318.12
2297.52
2291.24
2214.14
2176.75
2205.63
2228.68
2268.97
2263.7
2188.07
2149.52
2179.58
2215.92
2187.57
2167.9
2146.98
2128.23
2202.87
2223.45
2256.4
2132.18
2147.8
2180.6
2299.92
2241.74
2240.68
2282.96
2313.22
2169.52
2211.17
2274.43
2287.71
2358.7
2284.48
2331.39
2311.12
2284.67
2309.21
2274.45
2202.87
2158.01
2296.18
2213.81
2204.33
2176.62
2188.83
2136.17
2133.22
2220.54
2157
2184.96
2197.36
2274
2095.9
2056.1
2055.25
2100.02
2070.61
2068.05
2087.66
2117.58
2283.69
2233.49
2274.33
2287.88
2319.74
2432.58
2328.43
2196.94
2136.86
2281.34
2265.44
2197.18
2110.97
2135.75
2166.39
2155.11
2107.56
2182.32
2018.49
1980.77
1981.75
2009.75
2014.28
1999.69
2055.6
2045.12
2028.14
1965.1
1963.82
1938.21
1975.54
1923.55
2039.29
2025.5
2028.2
2095.14
2119.36
2024.85
1968.68
2007.43
2067.64
2208.36
2214.05
2240.96
2147.8
2098.6
2092.86
2080.52
2028.61
2102.09
2151.8
2140.22
2128.29
2160.58
2081.74
2076.38
2087.3
2108.54
2064.44
2096.43
2118.57
2089.21
2225.44
2170.4
2092.6
2092.13
2137.41
2082.83
2146.98
2159.42
2234.04
2122.12
2146.07
2056.54
2132.02
2113.04
2004.4
2088.16
2057.5
2095.62
1990.14
1952.99
1942.07
1995.11
2063.79
1969.14
1986.02
2052.52
2024.53
2083.55
1977.34
2018.14
2016.75
2066.89
1974.6
1945.1
1928.47
1938.49
1927.27
1942.16
1961.84
1882.03
1866.06
1829.69
1894.94
1930.28
1919.02
1929.45
1907.95
1954.72
1958.37
1899.32
1877.81
1909.59
1871.71
1845.08
1825.24
1849.75
1917.16
2037.1
1969.35
1917.25
1896.17
1927.87
1855.27
1837.24
1849.04
1888.36
1861.94
1890.87
1932.36
1951.03
1895.13
1804.21
1795.28
1789.23
1742.27
1796.42
1752.86
1805.68
1821.49
1817.18
1777.98
1860.38
1850.38
1868.24
1790.7
1828.93
1818.74
1879.82
1883.48
1896.38
1971.3
1916.65
1837.65
1736.5
1714.54
1803.12
1796.72
1798.54
1751.9
1785.49
1828.4
1837.18
1843.42
1800.89
1765.27
1809.7
1835.57
1854.45
1726.35
1717.95
1704.57
1755.11
1770.33
1750.37
1674.55
1694.06
1834.43
1831.5
1811.13
1853.44
1872.83
1869.27
1779.39
1820.08
1744.97
1684.81
1695.01
1633.28
1701.86
1632.34
1636.96
1664.63
1730.17
1743.1
1767.05
1862.36
1890.52
1874.93
1790.82
1798.26
1792.43
1840.08
1817.13
1857.73
1788.71
1774.66
1732.88
1808
1830.2
1778.23
1726.59
1809.49
1813.24
1799.8
1772.56
1693.1
1703.14
1727.16
1744.92
1722.96
1666.98
1699.82
1656.03
1783.55
1757.12
1749.48
1717.96
1683.49
1694.7
1756.72
1823.76
1813.04
1799.51
1871.55
1809.49
1702
1736.72
1733.05
1723.03
1749.45
1735.37
1764.42
1733.51
1718.23
1773.14
1793.61
1769.65
1753.11
1774.6
1821.21
1744.26
1734.59
1742.3
1727.22
1709.9
1748.33
1748.18
1723.2
1736.88
1696.31
1728.49
1761.45
1783.14
1830.52
1779.52
1747.14
1782.69
1751.04
1840.76
1858.41
1845.43
1859.7
1767.05
1760.84
1695.57
1732.07
1797.72
1818.43
1830.3
1835.98
1854.21
1806.4
1767.28
1759.88
1743.89
1726.18
1716.18
1753.72
1665.99
1636.65
1779.06
1773.03
1749.6
1709.62
1725.09
1674.17
1665.86
1669.38
1685.39
1595.06
1613.4
1614.15
1617.78
1668.26
1695.84
1675.6
1665.8
1650.1
1753.14
1714.91
1689.52
1660.69
1693.95
1692.08
1711.26
1722.25
1745.68
1744.3
1768.5
1724.83
1768.2
1766.3
1817.24
1838.22
1843.34
1779.73
1833.13
1736.55
1686.72
1701.05
1692.41
1730.26
1721.96
1725.87
1673.25
1715.54
1685.38
1737.3
1758.84
1725.97
1717.67
1733.48
1698.66
1756.2
1689.03
1632.86
1616.24
1594.13
1605.31
1631.35
1626.51
1596.57
1611.29
1609.29
1613.94
1630.65
1626.12
1641.7
1657.47
1653.55
1623.79
1579.65
1568.55
1584.35
1513.08
1521.49
1485.51
1485.35
1523.27
1518.9
1532.93
1550.29
1506.65
1568.93
1519.26
1528
1535.11
1553.5
1575.42
1589.38
1575.34
1550.27
1584.51
1580.04
1631.46
1659.03
1641.55
1636.37
1651.01
1624.82
1551.59
1535.2
1548.55
1541.68
1566.45
1525.67
1498.25
1491.64
1499.4
1530.08
1530.77
1557.3
1543.77
1529.15
1514.98
1481.32
1501.28
1554.69
1579.03
1548.67
1542.39
1534.37
1553.5
1555.04
1568.43
1584.39
1532.86
1509.12
1487.11
1443.78
1497.95
1473.92
1475.5
1493.56
1525.32
1568.74
1557.02
1527.93
1490.37
1434.66
1442.81
1443.66
1451.02
1464.34
1465.22
1472.59
1492.89
1530.27
1498.76
1537.69
1548.12
1521.42
1505.91
1484.33
1498.06
1503.98
1532.68
1526.86
1507.94
1579.33
1515.91
1505.8
1498.68
1510.49
1526.82
1489.72
1546.15
1553.4
1573.04
1592.1
1575.88
1532.89
1555.03
1565.09
1544.69
1530.95
1520.32
1551.25
1502.22
1550.61
1528.86
1521.62
1561.15
1516.78
1527.66
1465.66
1486.06
1515.28
1529.15
1491.65
1441.88
1463.99
1470.08
1474.12
1496.26
1495.15
1481.22
1500.77
1515.02
1527
1500.78
1498.29
1530.38
1535.61
1526.46
1504.76
1512.37
1506.47
1511.04
1497.49
1498.32
1490.2
1472.45
1428.02
1451.5
1447.4
1447.36
1470.91
1429.02
1447.53
1462.85
1460.78
1460.97
1448.48
1490.02
1491.25
1536.76
1541.06
1520.14
1517.89
1503.62
1512.83
1489.81
1516.89
1489.36
1523.31
1466.17
1486.92
1486.61
1491.54
1484.08
1495.61
1518.24
1503.13
1454.68
1459.27
1439.9
1475.9
1503.39
1477.54
1447.28
1463.4
1464.97
1430.84
1455.72
1417.42
1443.7
1456.16
1470.1
1429.52
1440.74
1446.29
1433.66
1470.6
1479.2
1468.76
1442.63
1452.43
1442.46
1433.39
1446.79
1450
1441.65
1466.69
1448.18
1489.04
1477.45
1457.34
1455.3
1462.03
1468.17
1455.9
1485.47
1442.71
1452.23
1441.39
1456.61
1437.84
1435.06
1407.97
1431.95
1429.92
1428.02
1421.04
1420.01
1445.36
1411.2
1428.04
1424.31
1413.19
1434.36
1460.57
1475.7
1465.93
1470.81
1442.79
1408.58
1410.97
1437.22
1479.05
1464.42
1427.54
1413.4
1405.92
1411.34
1409.66
1416.78
1442.27
1468.96
1471.08
1420.86
1375.22
1361.23
1368.46
1330.09
1354.17
1373.59
1358.56
1348.99
1351.81
1346.25
1366.88
1429.93
1396.76
1387.87
1334.9
1352.76
1328.69
1315.23
1313.41
1324.56
1315.91
1306.28
1318.13
1314.94
1309.23
1335.25
1312.31
1303.33
1311.41
1300.59
1319.14
1330.07
1321.11
1330.31
1358.61
1353.32
1354.76
1355.02
1314.58
1319.16
1318.1
1338.81
1354.24
1360.52
1341.88
1346.74
1341.11
1366.06
1371.86
1366.89
1395.41
1391.39
1397.34
1384.06
1357.17
1359.99
1356.05
1386.29
1394.38
1412.56
1382.45
1405.86
1404.63
1379.65
1360.63
1375.14
1334.61
1352.12
1366
1350.93
1360.57
1327.09
1313.35
1297.61
1283.64
1291.05
1295.36
1269.59
1317.06
1273.71
1294.69
1268.93
1278.85
1290.68
1272.57
1297.59
1311.66
1312.93
1326.96
1305.94
1293
1303.46
1331.07
1325.26
1330
1359.23
1328.03
1320.21
1320.23
1332.9
1333.83
1316.76
1325.37
1292.52
1304.02
1292.81
1314.17
1313.22
1299.08
1314.63
1284.74
1293.31
1273.27
1273.59
1286.86
1297.53
1258.32
1245.33
1255.24
1270.53
1272.54
1252.33
1269
1253.56
1248.81
1301.12
1309.33
1312.73
1279.25
1310.76
1311.2
1308.1
1295.51
1294.07
1281.76
1308.23
1353.91
1317.4
1329.49
1349.67
1332.42
1345.23
1337.65
1340.6
1334.57
1317.81
1288.97
1297.94
1282.37
1284.67
1309.73
1283.85
1292.52
1289.5
1277.51
1295.55
1284.43
1277.27
1272.31
1278.22
1264.83
1260.84
1257.26
1256.23
1247.92
1270.7
1272.41
1282.88
1298.8
1277.42
1267.86
1245.19
1248.72
1250.49
1260.53
1246.67
1268.89
1259.57
1273.17
1260.75
1256.31
1230.16
1236.67
1251.57
1248.63
1239.67
1238.24
1230.62
1252.69
1258.53
1258.1
1282.93
1271.28
1266.37
1268.59
1273.58
1274.39
1290.39
1290
1297.33
1286.88
1293.22
1290.21
1281.27
1281.74
1298.31
1284.93
1267.09
1287.66
1282.59
1251.24
1271.01
1283.41
1297.85
1277.58
1300.58
1312.14
1301.17
1297.1
1281.19
1273.34
1277.78
1277.61
1249.88
1276.47
1282.48
1267.49
1280.18
1248.57
1243.82
1239.29
1263.34
1289.02
1277.11
1257.07
1253.29
1268.68
1291.14
1297.45
1263.64
1252.61
1233.71
1219.16
1226.08
1217.59
1221.4
1248.21
1224.22
1221.53
1231.1
1243.96
1244.87
1246.26
1240.86
1226.26
1222.56
1234.89
1217.21
1208.54
1172.8
1188.67
1211.1
1220.23
1207.07
1235.52
1232.52
1248.77
1233.93
1225.71
1209.77
1223.77
1245.08
1214.39
1214.63
1213.05
1210.65
1215.39
1226.5
1209.05
1223.2
1217.51
1244.43
1258.76
1243.4
1263.15
1237.31
1258.37
1236.64
1206.29
1221.6
1223.21
1220.19
1220.99
1240.28
1228.68
1220.16
1207.81
1223
1230.05
1224.34
1217.61
1225.42
1239.37
1241.86
1247.31
1264.12
1252.21
1263.91
1287.82
1285.96
1253.42
1232.97
1239.8
1219.86
1228.37
1212.91
1219.89
1196.78
1204.58
1211.45
1198.67
1208.08
1223.4
1220.1
1225.52
1220.66
1219.68
1226.24
1209.62
1222.23
1230.01
1228.6
1218.06
1213.13
1220.07
1226.73
1228.63
1245.84
1223.91
1234.56
1228.72
1217.68
1197.18
1205.03
1216.36
1217.03
1215.63
1202.43
1200.61
1201.84
1197.28
1213.02
1197.51
1201.9
1209.14
1212.77
1210.62
1216.68
1234.38
1237.24
1209.9
1205.25
1215.71
1226.61
1207.39
1190.65
1201.51
1187.62
1206.89
1202.65
1198.96
1195.8
1195.45
1209.04
1197.98
1193.45
1217.85
1198.82
1208.95
1212.76
1224.6
1226.97
1224.73
1206
1196.46
1198.15
1214.24
1200.15
1212.79
1214.65
1227.07
1207.8
1198.6
1194.27
1185.25
1192.97
1173.14
1179.77
1184.22
1187.76
1194.13
1190.33
1197.23
1193.51
1190.4
1186.02
1193.34
1202.88
1199.67
1213.74
1213.75
1200.27
1209.63
1216.17
1215.06
1203.68
1210.16
1211.7
1209.65
1190.93
1198.01
1178.23
1194.01
1189.4
1191.4
1192.88
1197.99
1196.38
1190.76
1175.28
1168.74
1187.91
1184.79
1182.15
1195.24
1198.1
1173.37
1151.67
1158.58
1164.85
1159.11
1169.6
1167.02
1165.95
1166.16
1162.3
1170.59
1151.08
1160.88
1168.67
1178.69
1174.2
1162.18
1155.61
1170.46
1176.99
1177.07
1179.62
1193.05
1180.51
1183.54
1171.68
1170.96
1175.78
1183.52
1170.94
1149.89
1173.88
1175.6
1180.67
1186.35
1188.41
1192.93
1186.39
1193.31
1196.32
1184.52
1202.14
1188.1
1200.98
1193.1
1193.36
1187.47
1158.47
1154.52
1162.46
1159.52
1157.1
1141.01
1138.88
1131.27
1135.21
1140.66
1137.59
1133.51
1120.15
1132.06
1135.11
1142.26
1155.03
1142.82
1144.92
1144.18
1140.56
1133.72
1141.67
1136.84
1138.02
1127.59
1137.17
1124.09
1130.08
1134.38
1124.97
1109.07
1111.36
1123.45
1130.64
1122.63
1120.4
1113.91
1111.25
1108.82
1109.92
1116.48
1118.81
1123.21
1124.62
1121.57
1108.72
1101.38
1095.35
1107.03
1107.07
1109.65
1105.99
1110.73
1131.27
1126
1117.5
1111.83
1112.31
1121.04
1127.29
1112.37
1105.55
1100.27
1097.48
1103.96
1113.6
1116.08
1113.07
1109.63
1103.42
1106.2
1100
1089.51
1091.1
1105.57
1098.67
1097.85
1079.61
1089.35
1097.38
1083.59
1078.16
1080.11
1079.88
1062.55
1059.25
1065.52
1061.91
1054.19
1052.33
1049.49
1048.47
1047.66
1059.01
1059.87
1061.74
1065.53
1067.38
1067.14
1072.69
1063.42
1049.04
1056.14
1052.74
1065.19
1067.59
1054.18
1062.17
1053.44
1044.31
1042.26
1037.52
1028.26
1031.39
1037.58
1041.32
1033.8
1039.35
1034.8
1038.13
1046.68
1047.51
1047.34
1046.47
1042.16
1049.12
1051.65
1043.09
1047.48
1048.79
1043.72
1055.33
1059.06
1058.8
1061.16
1062.97
1066.27
1063.68
1056.82
1062.12
1073.65
1062.35
1062.51
1052.38
1064.07
1065.56
1061.55
1054.47
1049.94
1048.92
1054.7
1050.79
1050.39
1048.58
1051.98
1064.04
1052.65
1050.79
1049.54
1043.79
1049.73
1041.51
1052.99
1055.63
1043.9
1050.41
1053.58
1054.52
1055.12
1054.07
1058.35
1060.34
1066.11
1066.43
1072.3
1051.88
1056.58
1048.21
1048.95
1050.05
1043.66
1035.82
1050.95
1034.49
1027.84
1029.43
1024.5
1022.74
1024.25
1031.96
1034.11
1042.85
1031.45
1033.93
1025.15
1026.91
1037.7
1037.66
1039.72
1043.1
1038.62
1041.84
1037.21
1033.07
1039.76
1030.21
1033.64
1032.76
1018.11
1020.86
1026.52
1031.94
1021.85
1020.97
1017.38
1015.71
1021.58
1031.87
1032.74
1032.27
1023.14
1022.37
1027.71
1026.97
1031.23
1027.94
1029.52
1028.03
1028.39
1021.46
1027.16
1033.07
1023.92
1034.74
1031.72
1024.21
1018.52
1022.69
1038.19
1034.38
1046.1
1046.6
1051.45
1031.03
1032.74
1032.36
1021.24
1015.92
1010.08
1010
1016.01
1006.75
1005.16
1003.24
1004.36
996.081
989.349
981.066
983.076
980.611
985.315
994.197
992.447
998.274
1003.38
993.052
989.426
986.222
992.447
992.068
992.798
986.952
984.928
978.699
971.857
967.339
972.09
967.426
975.471
979.558
978.984
972.118
972.414
977.277
974.381
967.439
957.771
958.248
958.861
967.194
977.311
984.332
980.688
989.699
989.335
990.073
989.413
998.318
987.29
980.345
980.425
977.845
969.006
971.031
969.09
962.868
963.879
956.296
952.479
959.852
954.343
957.579
956.754
958.09
960.081
968.968
974.143
975.523
975.17
970.778
982.294
984.442
976.012
976.346
975.224
975.043
970.267
970.921
965.044
975.931
976.269
967.559
974.323
975.929
972.322
973.037
968.932
962.626
964.367
970.22
971.08
969.001
962.5
957.772
951.221
946.279
955.868
954.914
949.971
953.003
951.283
949.465
953.686
948.641
947.598
949.926
951.514
955.63
956.483
954.759
953.046
948.066
947.153
950.163
950.547
947.524
941.352
952.449
956.238
946.793
945.83
948.446
955.258
950.803
957.755
959.876
958.435
953.516
949.917
954.189
957.33
955.238
953.722
952.216
955.044
962.434
954.557
956.938
963.277
956.821
963.478
968.593
957.696
958.701
957.668
951.951
959.047
947.514
947.574
943.03
942.985
941.705
940.139
939.7
940.873
942.348
943.375
945.739
952.836
957.048
955.912
959.346
953.123
947.49
949.543
942.808
940.228
946.881
942.339
948.096
949.037
941.21
949.908
947.029
947.885
946.728
943.593
953.363
937.54
936.731
943.418
944.235
944.98
946.864
944.713
948.083
954.282
954.492
954.839
962.609
957.203
960.649
955.273
951.615
949.429
949.394
947.077
951.03
947.101
950.096
953
948.136
950.758
949.904
950.15
948.54
937.529
938.772
936.895
937.788
933.745
924.423
926.748
932.364
932.468
929.305
937.285
934.187
939.023
940.602
939.147
942.241
944.279
945.488
941.645
939.539
944.866
938.896
938.151
930.693
932.703
917.478
923.037
925.736
924.283
922.385
927.84
929.278
929.294
930.252
929.71
922.971
916.907
915.538
913.771
911.633
916.736
908.709
909.601
917.776
917.843
915.538
916.527
921.062
919.181
929.454
927.19
928.181
932.363
929.814
933.525
927.889
929.898
930.132
924.66
926.946
925.267
926.561
926.049
923.664
924.642
920.756
916.4
919.121
913.16
914.53
911.985
908.222
911.928
910.549
910.563
910.793
912.612
919.821
916.846
910.734
908.319
906.981
904.345
901.491
899.241
895.539
891.554
895.965
897.671
892.431
897.753
893.798
891.446
896.334
898.759
898.594
893.411
896.756
889.364
891.378
890.998
896.85
890.618
885.738
880.947
883.94
888.66
886.674
885.549
880.082
880.873
883.268
886.047
885.465
882.075
879.308
876.995
880.85
876.151
876.452
870.681
870.993
872.276
872.939
877.255
876.401
872.774
877.691
877.406
875.322
877.801
869.9
873.681
866.873
866.663
861.944
859.152
858.382
862.03
862.973
858.743
862.717
862.774
866.356
867.31
865.87
865.257
869.377
873.503
867.054
867.225
861.778
863.436
861.103
857.434
861.345
860.47
861.03
859.738
858.72
857.596
854.567
853.678
857.735
858.706
856.721
859.687
861.456
859.363
861.084
862.301
865.972
867.173
872.08
865.642
865.453
862.711
862.009
864.41
855.902
857.384
857.719
853.958
850.234
852.637
851.052
846.313
844.936
847.828
842.768
844.81
848.878
848.182
844.658
846.978
845.312
845.502
848.658
848.183
848.282
849.475
846.864
844.245
845.095
845.283
846.22
845.355
847.496
843.307
846.083
840.633
844.093
843.174
841.775
843.248
840.925
844.96
842.732
839.228
843.142
845.496
847.896
846.05
848.221
845.419
844.649
843.209
842.074
840.271
843.07
841.92
848.944
846.06
841.881
836.481
835.761
838.458
835.552
837.282
832.475
835.457
837.731
835.671
836.381
836.857
831.279
828.462
829.553
829.616
830.245
829.541
827.124
826.519
825.985
826.767
829.359
825.669
829.106
824.162
824.541
827.639
829.739
830.436
826.024
825.747
827.846
827.571
830.132
832.131
830.882
827.431
831.581
828.864
825.786
826.963
831.426
827.7
825.842
828.082
829.36
830.719
828.575
823.504
827.123
829.141
827.47
827.236
826.262
828.976
829.942
834.813
828.687
828.13
831.844
829.204
828.774
828.799
827.755
826.432
830.023
830.166
827.151
825.06
825.455
827.037
826.992
824.729
823.178
824.147
822.839
822.772
822.738
828.496
829.647
829.625
823.134
823.249
826.102
823.463
819.936
822.347
818.503
818.469
815.492
817.984
816.882
815.715
814.017
810.734
815.825
817.845
815.174
817.326
818.58
817.324
818.687
822.893
821.945
819.596
822.864
822.406
823.356
825.527
827.95
823.926
821.963
821.708
824.515
823.568
824.081
825.892
823.323
822.369
821.723
825.765
825.621
826.19
827.531
822.068
822.036
826.155
823.194
819.777
817.932
820.723
815.838
816.253
815.012
814.294
814.719
816.367
812.956
815.038
816.003
818.725
817.594
817.161
818.249
814.911
816.781
816.836
817.619
814.691
811.851
809.279
810.35
808.621
806.596
807.637
812.315
813.237
811.934
812.537
814.136
813.18
814.024
816.225
814.616
812.129
812.726
812.671
813.93
813.178
813.915
814.581
811.214
809.551
811.775
810.751
808.745
808.44
808.894
807.817
813.647
813.564
815.16
811.793
810.077
812.505
809.751
808.639
810.068
808.827
806.705
806.723
806.92
804.124
805.491
807.018
805.371
803.703
803.864
804.362
805.665
801.855
803.969
804.007
805.935
805.237
805.749
804.218
801.008
802.405
800.482
800.102
799.949
800.855
801.207
802.803
804.245
805.168
806.365
806.269
804.349
808.005
808.633
807.493
806.79
807.231
806.476
805.274
804.307
804.11
801.831
801.034
801.399
799.448
800.493
799.425
798.703
798.401
801.002
799.437
801.335
801.231
800.896
800.838
798.98
799.77
800.407
799.493
800.971
797.817
796.904
796.265
798.791
800.624
799.11
798.835
794.623
793.406
792.416
795.258
796.576
792.861
796.447
795.259
794.322
794.445
793.574
792.248
791.804
792.696
794.413
793.344
794.154
793.95
791.366
791.919
791.259
793.255
791.845
790.92
793.924
792.302
792.658
792.059
791.751
791.524
789.051
789.702
789.221
789.735
788.253
786.571
789.086
789.037
789.745
791.001
791.96
791.653
793.6
790.401
790.132
791.185
790.669
789.925
790.49
790.966
790.317
789.629
789.122
789.5
790.121
790.149
787.376
791.024
788.901
788.959
789.431
788.663
787.675
785.306
785.15
786.299
787.403
788.262
788.823
786.618
786.888
788.484
789.503
790.319
787.759
785.042
786.167
788.485
787.048
783.266
782.567
785.431
783.835
783.65
784.448
786.401
786.919
785.422
785.147
787.415
786.945
788.844
790.46
790.021
790.836
792.049
788.895
788.984
791.361
788.722
791.711
792.137
791.601
789.328
789.454
789.984
788.843
787.029
785.571
785.147
787.141
788.277
786.797
786.352
785.894
785.873
786.079
786.27
785.812
786.019
785.159
784.675
784.73
783.41
783.401
783.677
781.618
784.078
784.239
784.989
787.335
785.58
783.153
781.713
781.707
782.936
784.202
785.491
786.073
784.797
785.201
782.995
782.42
781.849
778.386
778.336
779.525
778.763
779.582
780.103
778.751
778.609
777.409
779.016
775.79
775.43
774.77
774.514
774.422
775.526
775.396
773.2
776.069
774.815
774.012
773.912
773.744
774.074
772.913
772.683
772.928
770.9
769.976
770.325
770.63
772.021
771.272
769.908
768.417
769.426
769.323
767.802
768.508
765.897
766.96
767.292
768.384
770.452
769.313
768.846
768.026
767.121
767.922
766.8
766.458
766.152
764.579
765.176
765.425
765.558
767.021
765.897
763.232
762.003
762.919
763.765
763.183
762.224
761.748
761.046
761.079
760.148
760.829
760.34
761.597
760.776
762.713
762.606
763.265
763.275
761.57
761.625
761.293
761.217
760.384
761.179
761.043
761.435
762.662
763.384
761.915
761.281
760.349
760.738
760.973
758.839
758.559
759.075
757.398
757.47
758.738
758.026
757.777
756.891
757.66
757.651
758.533
758.524
757.537
757.331
757.856
756.561
756.092
757.061
758.375
757.543
756.899
756.444
756.84
757.362
757.795
756.987
757.626
756.672
756.801
757.047
759.333
757.779
756.533
756.632
756.545
758.126
758.377
758.465
759.096
758.299
758.224
758.296
756.866
756.722
757.805
758.817
757.507
757.221
758.615
757.542
757.397
755.083
753.855
753.805
754.404
752.897
751.951
751.179
752.264
752.655
751.842
751.809
750.353
750.29
750.562
750.921
750.203
750.423
750.512
750.411
749.849
749.677
749.68
748.428
749.921
751.109
750.618
750.788
750.505
750.971
750.914
750.489
749.842
749.227
749.37
749.769
751.105
751.391
751.513
751.804
751.692
753.26
751.515
751
752.172
753.206
752.76
753.425
752.907
752.801
753.11
752.69
753.354
754.257
754.191
754.719
754.241
754.345
754.168
753.951
753.244
753.032
752.588
753.065
754.063
753.959
754.637
753.914
753.907
752.774
754.191
753.038
751.992
752.127
752.281
751.588
751.102
750.302
749.759
748.379
746.963
748.286
749.638
750.113
748.975
749.181
748.932
747.94
747.452
748.17
748.461
749.336
749.691
749.52
749.88
749.026
748.323
748.441
748.191
748.474
748.468
747.898
748.428
749.261
747.649
748.42
747.09
748.258
747.388
747.357
746.852
746.806
746.451
746.032
745.284
744.735
745.353
745.874
745.644
745.745
745.241
745.215
744.482
744.838
745.322
745.182
744.67
744.933
744.18
744.178
742.8
743.62
742.991
743.186
743.549
743.112
741.194
740.87
741.372
740.248
740.623
741.368
741.934
741.545
741.214
742.089
742.693
741.906
742.929
742.782
742.719
741.928
741.145
742.336
743.177
742.336
741.964
741.472
741.79
741.946
740.972
741.405
742.574
743.051
742.698
742.496
741.549
741.279
742.409
742.736
742.953
743.698
742.231
741.774
742.034
742.407
742.353
742.463
742.968
743.046
741.545
741.697
740.887
741.088
740.782
741.022
740.863
740.285
740.525
741.405
741.848
742.359
741.837
741.753
742.451
742.704
743.155
742.485
741.412
740.583
740.755
740.54
739.729
739.6
740.144
739.285
739.052
738.786
738.183
737.481
738.005
738.033
737.902
738.112
737.727
737.566
738.423
738.709
739.331
740.981
742.283
741.767
741.151
741.759
740.405
740.11
739.872
739.318
739.111
739.075
739.044
739.108
738.117
738.832
738.845
739.083
738.655
738.906
738.693
738.55
738.436
739.901
740.188
740.381
739.975
739.947
