Mut_X Mut_Y Mut_Size Mut_Rot Mut_R Mut_G Mut_B Mut_Type Time_Sec
300601 297056 333688 300947 338696 337010 336669 284661 4336.35
0 0 0 0 0 0 0 0 4336.35
--- Historial MSE por cambio de temperatura ---
14125.5
14069.8
14363.3
14618.4
14487.2
14107.2
14351.3
14331.9
14053.8
13989.4
14352.4
14613.3
14358.9
14591.3
14780.8
14730.5
15371.4
15406.3
15188.3
15151.1
15175.9
14875.9
15075.8
14835.7
14659.2
14917.6
14580.9
14395.1
15092.5
14621.6
14848.3
14492.2
14655.6
14867.8
14504.3
14555.6
14219
14294.2
14107.2
14240.2
14696.8
14771.9
14533
14473.7
14514.8
14689.1
14620.1
13900.5
14172.8
13968.4
14721.2
14400.2
14282.2
14773.1
14675.5
14686.3
14446.3
14351.2
14381.7
14177.3
14318.5
13991.3
14968.8
14780.1
14715.4
14879.8
14524.4
14374.2
14885.3
14969.2
15332.9
15268.8
15043.3
14664.2
14995.1
15286.3
14977.6
14766.9
14822.4
14589.1
14400.3
14052.7
14299.4
14345.4
14379.4
14273.7
14196.7
14028.4
13803.3
13992.6
13755.4
13980.7
14413.2
14128.4
13921.1
13367.9
13193.5
13701.8
13260.8
12934.1
12912.9
13497.7
13366.5
13294.7
13016.6
12711
13015.7
12657.7
12778.6
12932.5
13300.3
13072.8
13018.2
12954.8
13115.6
12780.8
12652.8
12596.3
12752.3
12807.8
12494.3
12546.8
12359.3
12408.3
12650.1
13154.8
12855.7
13341.6
13145.5
12671.5
13088.5
13113.7
13709.6
13371.5
13270.4
13335.8
13129.1
13162.4
13407.5
12952.2
12874
12968.7
13362.6
13175.1
13115.2
13395.8
13137.6
13130.7
13104.3
13086.3
13070.8
13184.4
13760.3
13692.7
13146.5
12988.6
13291
13870.8
13499.5
13636.2
14104.6
14326.7
13908.9
13909.8
13959
14960.3
14651.8
13838.7
14052
14550.8
14729
14708
14519.6
14066.5
14233.2
13848.5
14047.2
14023.4
14185
14767.5
14505.1
14821.6
14874.2
14984.9
14544.5
13731.4
13601.6
13498.5
13688.8
13799.4
14048.8
13991.3
14304.6
13652
13761.5
13270.1
13514.9
14049.2
14479.6
14983.8
14835.8
14491.8
14577.6
14506
14138.1
13970.1
14275.3
14514.1
14416.2
13737.4
14015.6
14182.9
14111.1
13827.6
14167.5
13993
13466.9
13644.7
13626.8
13811.1
13837.3
14281.9
14056
14243.9
13688.2
13632.7
13788.2
13619.9
13815.1
13597.6
13676.3
13861.4
13996.8
13766.3
14000.1
14153.8
14039.4
13595.8
13478
13172.3
13773.3
13772
13303.4
13144.4
12946.4
13008.1
13741.6
12969.6
13329.4
13353.3
13500.6
12992.6
13025.5
12886.3
12768.1
12742.5
13092.7
12886.6
12932.3
12844.5
13167.1
13152.3
12848.3
12966.2
13291.4
13281.1
13125.5
13276.1
12896.4
13249.8
13391.1
13060.6
13404.1
13435.5
13566.2
13569.1
13522.3
12960.4
13383.6
13132.7
12884.4
13003.8
13440.7
13712.4
13257
13622.2
13991
14157.2
13833.2
13657.9
13587.1
13371.3
12905.8
12984.2
13199.8
13307.5
13114.3
13110.4
13930.6
13903.2
13612.8
13586.3
13353.1
13272.4
12882
13066.1
13201.3
13135.5
12893.6
12933.2
13410.1
13060.2
13300.7
13320.2
13424.2
13283.1
13484.6
12818
12825
12573.5
12324.2
12313.4
12218.3
12038.3
11813.7
11905.2
11816.3
12081
12342.1
12191.7
12432.8
12655.9
12495
12717.9
12574.1
12801.4
12615
12195.3
12369.9
12474
12794.2
13078.5
13236.2
12611
12662
12282.2
12519.7
12608.3
12168.5
12741.4
12797.3
12576.5
12087
12290.6
12085.4
12113.2
12639.8
12642
12222.8
12222
12553
12099
11938.2
12162.7
12168.9
13058.7
12860.1
12754.1
12693.8
12577.1
12885.2
13059.5
12726.5
12918.7
12979.4
12680.1
12712.1
12623
13364.7
13158.8
13117.7
13689
13245.5
13363.8
13399.9
13171.9
12856.3
12533
13622
13286.3
13648.3
13593
13271.2
13496.2
13166.6
12650
12435.2
12701.7
12739.7
12975
13302.5
13048.2
12999.6
13385.9
13348.7
13352.9
13416.9
13519.8
13285.8
13523
13705.1
14071.8
14131.7
14202
14033.9
13317
13106.1
13513.7
13264.9
13259.6
13260.5
13396.5
13339.1
13628
13831.8
13466.8
13651
13550.8
13108.4
13522.1
13309.9
13085.2
12921.8
12581.7
13010.9
13059.3
13017.9
13116.3
12737.8
12440.6
12802.9
12906.8
12589.9
12408.6
12911
12746.3
12796.7
12894.5
12406
12782.2
12722.5
12399.1
11958
12759.6
12863.3
13170.9
12700.9
13010.3
12530.4
12634
12443.1
13110.6
12821.6
13122.1
12943.6
12802.9
12601.4
12455.9
12996
13067.9
13140.2
12980.6
12359.9
12427.1
12670.1
13180.5
12805.4
13084.5
12899.3
12732.6
12658.9
12429.4
12598.6
12787.6
12781.7
13053.5
13293.5
13147.5
14039.7
13976.2
13540.9
13562.2
13756.9
12956.7
13159.6
14136.3
13689.9
13569.3
13292.4
13547.9
13025.1
13558.5
13854.8
13099.4
13403.9
13513.6
13386.6
13490.8
13583.4
13979.8
13520.4
13038.2
13424.6
13384.5
13164.1
13042.4
13385
13217.6
13804.4
13902.9
13531.7
12970.8
13669.6
13444
13870.8
14470.4
13431
13542.7
13631.3
13477.7
13670.9
13329.1
14166.6
14191.6
14090.3
14307.6
14242.8
13301.9
13152.5
12983.3
13203.6
13093
13180.5
12499.1
13130.8
13681.2
12795.1
12677.6
12285.9
12952.3
12811.3
12765
12924
12148.7
12477.6
12327.9
11929.3
12007.8
12205
12433.1
11976.1
12359.7
12874.4
12463.5
12078.8
12203.8
12566
12440.6
12411
12735.2
12181.3
12414.6
12221.1
11997.6
12334.3
11996.2
12101.4
12100.5
11933.7
11740.2
12574.9
12799.5
12038.6
12138.9
12281.7
12041.6
12519.4
12392.4
12082
12100.8
12125.6
11966.2
12048.3
12464.8
11489.9
11580.1
11769.8
11762.1
11848.6
12101.6
12500.9
12778.3
12584.8
12398.3
12491.3
12251.1
12141.5
12328.5
12941.6
12641.2
12293.3
12448
11956.6
12572.2
13161.7
11598.9
11438
11426
11560.2
11586.5
11253.9
10947.2
11007.3
11547.4
11371.3
11147.6
11844.4
11507.9
11677.6
12213.2
12098.9
11425.2
12083.5
11641.8
11437.5
11447.5
11184.6
10609.7
10643.3
10517.9
10426.4
10832
10496.8
10045.6
9799.47
9833.58
10577.4
10390.7
10636
11459.2
10902.6
10363.8
10418.2
10792.6
10526.3
10759.2
10168.5
10448.4
10708.3
11445.4
11322.8
11324.9
10837.6
11291.6
11676.5
11051.4
10511.1
10585.4
10773.3
10539.4
10600.5
10694.5
10996
10776.4
10454.3
10566.1
10723.7
10309.2
10986.9
10832.6
12283.8
11635.8
11400.9
10948.3
11108.8
11146.6
11447
11120.8
12161.8
11843.4
11644.8
12059.2
11329.8
10912.9
11104.4
10838
11432.4
10374.5
10306
10337.2
10178.9
10462.5
10967.7
10792
11304.2
11223.7
12015.1
11781.7
11127.2
11941.8
11727.6
11961.6
11285.9
11267.5
10518.2
10701.3
10628.8
10660.5
10181.1
10954.6
10901.5
11014.9
10908.5
10499.7
10391.8
11415
11120.4
11457.2
11412.8
11639.4
11519.2
10905.8
11365.3
10945.8
11037.7
10955
10999.2
11003.7
11334.2
11987.5
11851.6
11026.7
10675.4
11300.2
11198.3
10893.8
11164.1
10730.4
11234.7
11989.1
11627.5
11882.1
10974.3
11159.4
11400.8
11634.2
11494.4
11746.6
11573.2
11114.5
11154.5
11595.4
11574.5
11624.9
11809.9
11522.8
11487.3
11066.8
10902.3
11040.1
10769.8
10661.7
10390.2
10692.1
10339.5
10819.3
11137.4
11148.3
11130.3
11948.6
12268.3
11775.5
11556
11677.6
11854.9
12012.7
11832
11964.1
11555.9
11574
11919.1
12107.5
12585.8
12290.3
12237.3
12553.1
12092.2
12736.6
12685.3
13110.5
12656.1
12774.2
12685.3
12697.1
12485.2
12449.1
12920.3
12266.6
11952.2
11797.3
11672.2
11829.3
12239.4
12044.6
12196.9
11754.2
11335.8
11964.7
11403.6
11112.6
11162.1
11827.9
11463
11696.7
11116.8
11584.1
11272.4
11151.7
11352.9
10736.6
11195.3
11600.6
11699.6
11414
11597.2
11432.4
11860.2
11192.6
11183.6
11096.7
11226
11136.1
11579.2
12126.3
11150.7
11781.2
11662.1
11834.6
12440
11871
12436.1
12359.9
12634.2
12307.2
11786.3
11632.4
11660.6
11973.4
11792.8
11654.5
11718.9
11665.2
11848.5
12234.6
12041.5
11806.8
11852.4
11656.1
11781
12058.8
11815
11695.8
12246.8
11964
11917.3
11930
11479.1
11500.6
11597.1
12083.7
12574.2
12346.7
11220.3
11151.3
11139.7
11266
10703.6
11066.1
11233.9
11085.3
10926.6
10867.4
11285.7
10869.2
10610
10712.4
10473.5
11443.9
10969.9
11022.4
11021
11145.7
11732.5
11483.2
11375.5
11186.3
10870.1
11174.8
11312.2
11852.9
11811.3
11753
11843.1
11832.2
11903
11242.2
11454.8
10796.3
10916.6
11444.5
11584.8
10982.7
11218.9
11529.8
11721.9
11580.9
10952.8
10965.4
10908.8
11423.8
11119.2
10563
10772.1
10819.8
11369.8
11476.6
11804.7
11414.1
11665.8
11924.4
11393.3
11843.5
11633.8
11458.9
11746.5
11804.2
10974.4
11408.7
11757
11506.6
12303.3
12013.5
12730.4
12507.2
12166.7
11455.2
11674.5
11901.9
11709.2
11974.3
11734.6
11716.5
12022.9
12194.5
12295.6
12191.7
11958
13022.8
12890.8
12880.2
12074.2
12195.9
11795.7
11367.2
11515.8
11854.9
12169.1
12168
12209.1
12415
13204.1
12727.8
13225.8
13087.4
12687.7
12650.6
12896.7
12959.5
13450.9
13675.7
13049.7
12710
12342.4
12186.7
12628.4
12748.4
12220.6
12041.4
12072.3
12259.5
12650.5
12705.3
12334.4
11806
12108.7
12367.2
12694.6
12065.4
11645.3
11580.4
12025.5
12153.2
12283.1
12760.9
13234.2
13014.5
13277.9
12942.8
12753.6
12786
12209
12287.4
12418.8
12343.6
12381.2
12342.9
12217.5
11423
11865.7
11750.6
12108.5
12383.4
12748.2
12048.8
11953.1
12404.6
12632.9
12206.9
12396.6
12572.4
12613.6
12490.9
12032
12290.1
12011.4
12638.5
12832.7
12404.4
12246.3
13038.8
12211.5
12561.7
12974.6
13239.6
13512
13051.2
12958.6
12939.8
12903.5
12616.8
12303.9
11534.4
11806.3
11408.7
11666.8
12100.9
11932.1
12104.1
12104.8
12225.5
11924
11912.2
11608.9
11237.5
11498.4
11511.8
11425
11923.7
12049.4
11958.1
12155
12118.9
11356
12213.1
12379
11900.1
12019.1
12169.4
11960.7
12778.9
12693.3
12822.1
12799.4
12754.2
12994.1
13320.3
13153.9
12928
12800.2
13157.9
13936.3
13388.3
13066.9
12808.1
12570.6
12579.2
13155.6
14063.5
13436.2
13230.6
13593.8
13364
13553.4
13603.3
13180.7
13431.9
13233.4
13512.5
13183.1
12963.4
12999.6
11365.4
11618.2
11252.6
11908.5
12592.3
12881.6
12530.2
13193.6
12834.3
13177.9
12503.9
12408.2
12844.8
12256.6
12117.8
11590.5
11433.6
11925.8
12354.7
12065.5
12473.3
12646
13101.2
13043.9
12909.8
12645.5
12490.4
13032.2
13174.1
13397.4
12098.6
12303.6
13218.2
13337.4
12755.7
12929.8
13166.7
13307.3
13059.3
13341.2
12459.4
13127.4
12790.5
12455.5
12762.4
12889.3
12262.8
12348.9
13047.1
13298.2
13077.2
12770.1
12756.4
12969.7
12620
11994.9
12276.3
12291.1
13152.6
12400.3
12861.7
12718.1
12077.9
12247.1
12392
12210.5
12261.2
12563.9
12748.7
13031.3
12994.5
12277.7
13094.1
12946.7
12853.8
13055.3
13220.2
12758.7
13193.8
13066
13438.5
12940.2
12804.8
12745.2
13082.2
13310.4
13857.8
13344.6
13272.4
14094.4
13542.6
13316.4
13477.9
12924.1
13245.9
13761.7
13977.7
13458.3
13103.6
12670.1
12779.5
12615.6
13209.3
13267.8
13209.6
12689.4
12662.9
12735.8
12263
11942
11918.4
11836
12259.5
12744.6
12778.5
12784.3
13244.8
13088.9
12089.6
11573.7
11703.6
11512.5
11529.8
11823.2
11556.1
12068.8
12039.4
11605.9
11765.7
12056.9
11811
11795.9
11600.6
12115.7
12292.9
11860.6
12419.9
12510
11888.4
12078.7
12243.1
12193.4
12044.4
11583.6
11762.1
11799.7
11672.7
11222.8
11588
11238.1
11237.1
11348.5
11254.4
11284.7
11191
10937.1
11544.7
11379.9
11202.1
11433.9
11532
11599.6
10758.9
10922.4
11334.1
11734.9
11561.4
11084.7
11544.3
11582.3
11845.8
12198.4
12541.3
12633.6
12292.5
12318.9
12646.7
12384.7
12286.1
12243.4
12571.3
12206
12079.6
12388.2
11351.3
11201
11080.4
11234.4
11184
11133.3
11301.8
12111.4
12411.3
12512.1
12132.2
12514.1
12613.7
11850.4
11444
11401.5
11819.1
12416.7
12032.2
12144.8
11298.9
12326
12026.7
11685.6
11845.4
11314.6
11701.1
11932.5
11071.5
11173.2
11174.3
10746
11057.8
11144.8
11541.2
11329.5
11834.3
11312.9
11156.4
11069.5
11173.8
11609.1
11564.4
11634.6
11332.1
11922.3
12029
12256.2
11957.8
11615.2
11460.1
11023.9
11326.3
11398.9
10852.8
11210
11320.4
11674.2
10891.5
11553.4
12130.4
12086.9
11634.3
11478.3
11164.5
11664.3
12033.9
11680.1
11543.7
11185.5
11343
11425.7
11324.8
11478.7
11790.1
11856.5
11860.1
11859
11971.7
12015.8
12480.9
11840.8
11573.7
11501.4
11440.1
11603.8
12155.4
12054.8
11998.5
12636.2
12206.4
12355.9
11995.1
11640.9
11662
12271.5
12571.4
12239.9
11868.8
12146.2
12431.4
12578.3
12718.3
12685.1
11958.8
12464
12507.1
11583
11683.4
11375.5
11788.3
12219.5
12418.5
12359.6
12672.5
13044.4
12948.5
12923.1
13008.8
12278.5
12248.9
12385.5
13025
12810.9
12635.3
13015.1
13329.1
13061.6
12614.8
12522.1
12725.2
12419.3
12458
12471.4
12600.6
13140.3
12746.6
12598.9
13183.5
13267.9
13418.1
13290.3
13142.1
12833.6
12679.9
12616.4
12124.9
11740.8
12093.2
11746.9
12227.9
12398.9
12570.1
12008
12245.6
12181.2
11108.3
10321.3
11177.9
10966.4
9937.53
10338.5
10575.7
10731.3
10575.4
10823.8
10447.7
11781.6
11571.5
11747.6
11620.6
11638.8
12146.9
11373.9
11576.2
10749.5
10674
10215.4
10868.5
10688.8
10980.2
10424
10858.8
11553
11466.3
11538.2
12254.6
12565.1
13099.7
12426
12264.7
12338.2
12289.8
12149.9
11977.5
11940.6
12244.6
12731.1
12553.6
11759.8
11936.4
12050.7
12482.7
12792
13024.4
12316
12248.4
12177.7
11428.2
11422.1
11828.2
11805
11729.7
12409.1
12008.3
11520
11596.8
12030.7
11854.3
11789.4
11700.8
11555.5
11825.1
11688.6
12002.3
12734.3
12727.8
12949.2
13552.9
13031.9
13109.1
13004.3
12074.8
12553.4
12922.7
12732.7
12887.6
12253.9
12158.1
12170.5
11928.2
11493.3
11476.6
11897.8
11656
11589.4
11384.2
11591.1
11330.9
11280.5
11609.3
12031.8
12420.8
12408
13039.8
12610.9
12979.6
13234.6
13519
12785.9
12910.6
12753.4
13220.2
13266.6
13812.9
14035
13743.4
14289
14053.6
14159.6
14217.2
13988.8
13877.6
13971.6
13967.2
13937.7
13496.5
13798.6
13930.6
13771.1
14635.2
14414.9
14132.9
13871.5
13970.5
13688.9
14559.7
14930.9
14589.4
15506.9
14969.6
14913
14360.9
14516.7
14796.5
14738.8
13893.4
14268
14268.7
14273.5
13929.8
13347.7
12642.9
13305.4
12774.5
12925.2
13056.6
12758
12251.7
12669.5
12038.3
12063.1
12499.1
12166.6
13316
12642.7
12475.9
12688.8
12823.3
13479.2
13049.4
12807.9
12680.3
12870
12484.4
12656.8
11901.2
12778.2
12677.1
12476.2
12151.9
12213.1
12659.8
12504
12212.4
12477.4
12416.8
12170.6
12033.8
11584
11914.3
11958.7
11403.4
11977.9
12093.7
12036.9
11931.4
11507.6
11342.1
11966.2
11673
11663.7
11619.5
11673.1
11307.1
11637
11142.3
10809.3
10870
11014.1
11525.9
11294
11302.1
11186.5
11370.7
11452.6
11736.3
11436.3
11505.5
11768.8
11863.6
11370.9
11334
11139.1
10776.5
11092.8
10987.6
11206.2
10888.7
10923.2
10816.7
11086.2
10887.2
10559
10483.3
11213.4
11269.2
11417.7
11318.8
11098.7
10840.6
10736.8
11029.1
11081.8
11985.8
11487.6
11100.3
12293.2
12765.2
12708.6
11989.9
12974.1
12929.2
12983.2
13011.8
12359.8
12540.4
12856.7
12271.4
12125.7
12300.3
12431.6
12298.7
12163.2
12129.6
12222.2
12262.6
11857.2
12131
12398.1
11276.5
11231
11912.4
12347.2
12376.2
11909.1
12129.2
12521.2
11831.6
11162.5
10587.5
10364.3
10725.5
10872.3
11575.3
11260.8
11845.8
11267
11891.7
11448.3
11650.8
12069.9
11825.7
11478.5
11554.3
11489.2
11503.3
11729.3
11766.5
11301.3
11440.3
11654.9
11531.2
11414.8
11594.3
11651.1
11322.8
11635.8
10825.8
11236.7
11373.9
10650.5
11275.5
10874.6
11064.2
10951.5
10515.6
11621.3
11401.3
12229.5
12111.3
11999.1
11876.5
11238.1
12670.5
12478
11967.6
12018.9
12321.6
12528.4
12573.7
12413.5
12100.4
12757.4
12690.3
12926.4
12567.8
12608.6
13092.7
12621.4
12980.9
13120.8
12522.1
12630.3
12415.2
12733.7
12768.7
13245.9
12693.9
12736.9
12311.6
12455.1
12739.9
12782.2
12838.9
12739.6
12596.6
12995.3
12494
12607.9
12102.2
12424.9
12463.4
12476.6
13127.9
13273.7
11917.8
11674.2
12115.8
12055.6
12292.8
12323.3
12315.9
13205.5
12655.8
12515.9
12354.5
12638.3
12869.4
12560.1
12688.4
12560
12901.4
12671.8
12833.7
12717.1
12701
12566.3
12579.1
13013.5
13511.6
13123.6
13015.8
13182.1
13778.2
13355.2
13231.8
12576.4
12588.6
12716.5
12046.2
13244.8
12807.2
12580.1
12931
12732.9
12468.2
12879
13205.5
13047
12305.6
12461.6
12284.2
12491.6
11971.4
11991.9
11625.3
11915.6
12495.2
12278.3
11985.4
12039.3
12105.8
12598
11924.2
11932.1
11979.3
11313.8
11260
11084.1
10578.1
10750.1
11846.4
11686.7
10921
11139.7
10754.4
11138.8
10535
10573.4
10541.2
11424.4
11060.8
11048
11152.8
11377.9
11252.7
10881.3
11048.2
11704.9
11609.4
12425
13062.8
12054
11758.6
11782
12312.1
12535.1
12477.5
12061.7
12052.3
11652.1
11778.6
12320.1
12221.4
12280.7
12275.1
12108.7
12215.1
12859.1
12421
12228.1
12078.5
12707.9
12842.6
12969.8
12910.4
12512.7
11880.5
11656.3
11060.8
10815.3
10828.8
11098.4
11294.1
11499.4
11290.3
11831.6
11661.5
11477.4
11430.3
11934.7
11728.5
11626
11595.1
11978.3
11788.1
11893.9
10848.5
10926.5
10783.4
11652.5
12327.8
11817.4
11701.2
11508.6
11987.6
11959.1
11830.7
11831
11792.8
12006.8
11866.4
11864.8
11210.2
10966.2
10893.2
11308.9
11128.7
11251.9
11363
11092.8
11272.3
11251.1
10956.1
10652.2
11044.4
11123.4
11932.2
11345.3
10965.7
11166.4
10786.6
10924.6
10790.8
10737.3
11303.5
10815.3
11250.7
11623.9
11363.6
11647.5
11783.5
11296.2
11375.5
12355.5
11836
11603.8
11038.5
10862.2
10616.7
11568.8
11517.8
12074
10469.4
10189.9
10668.2
10873.9
11278
12106.2
11697.3
11698.3
11218.3
11537.5
11045.2
11875
11523
11753
11784.2
11832
11151.5
11454.3
12021
11695.2
11829.4
12200.9
11997.5
11497
11152.9
11211
11197.8
10935.8
10833.5
10420.7
10986.7
11037.3
10793.7
11207.2
10909.1
10970
10846.8
10759.5
10924.8
10951.8
11862
11742.4
11727.9
12022.9
12370.5
11501.6
11294
11693.3
11429.5
11945.4
11411.8
11618.8
11956.7
11309.9
11584.6
11855.6
11172.3
11407
11598
11748.6
11808.9
12070.6
12549.2
12245.2
12527
12627.2
12669
12117
12723.5
12947.5
13323
13135.1
13296.4
13019.8
13795.2
13724.4
13504.3
13481.3
13951.8
13588.4
13563.1
13323.5
13135.3
12928.2
12848.2
12565
12745.3
12431.8
12312.2
12768.8
12853.8
12292.1
13091.2
13036.8
12333.8
12755.6
12699.4
12352
12704.1
12474.9
12300.5
12286.4
12209.9
11940.5
11794.9
12625.9
12896.7
12271.2
12380.4
12686.1
12495.7
12852.3
12657.9
12575.1
12574.5
12610.7
11958.5
11396.3
12125
12507.3
13024.5
13239.4
12805.7
12274.5
13003.4
12655.4
12807.7
13525.1
13433.1
13014.8
12269.4
13003.8
12881.3
12899.9
13049
12677.8
12080.5
11971.2
11643.4
12387.8
12547
12474
12399
12542.2
12650.1
12552
11979.1
11872.1
10798.8
10432.5
10971
11808.1
12206.8
11640.8
11935.7
12060.8
12202.2
12927.6
11494.4
11249.8
11224.4
11614
11392.8
11626.2
11543.9
11426.5
11238.8
11187.3
11504.9
10869.6
11840
11896.7
11855.8
12005.6
12291.2
11611.7
11372.5
11545.2
11690.7
11434.6
11357.3
11588.3
11669.8
11547.9
11727
11676.8
11741.7
12141.9
11938.3
11942.3
12123.7
12139.6
11834.8
11272.1
11476.7
11207.1
11428.9
11492.6
11712.7
12533.7
12757.6
12275.1
12449.9
12736
12499.1
12607.3
13340
13601.5
13415.9
13355.4
13419.6
13379.8
13367.6
13283.1
12513.9
12395.3
12832.3
12875.5
12377.1
12958.6
12482
11912.8
12344.3
12652.7
12331
12136.3
12319.3
12144.1
11847.8
11874.9
11365.3
11559.8
11525.3
11726.1
11460.6
11597
11748.8
11946.8
11469.8
10889.1
11073.8
11437.8
11402.1
11469.1
11511.4
11686.8
11787.1
11963.6
12060.8
11644.9
11859.6
12041.6
12142.2
12631.4
12040.5
12109.3
12756.4
12805.7
12301.7
12774.5
12743.1
11906.3
11801.4
11609.9
12432.1
12537.2
12611.6
13023.6
12846.8
12379.1
12590.7
12200.5
12509.1
12641.6
12718.5
12867.3
12128.8
11919.8
12260.5
12741.2
12927.1
13511.4
13255
13242.9
12896.7
12723.2
12245.4
12613
12786.8
12625.4
12946.5
12795.1
12416.8
12768.4
12922.7
12660.1
11756.7
12291.5
12474.9
12836.9
12823.9
13016.7
12923.1
12617.9
12169.1
11586.9
11394.6
11856.5
11934
11751.4
11477.2
11604.4
11464.8
11425.5
12031
11816
12454
11499.5
10994.1
11225.1
10970.7
11165.3
10949.9
11533.3
11417.2
11897
12318.8
11972.4
11835.6
11295.2
11383.6
11495.2
11092.9
11548
11228.3
10903.6
10910.3
10652.7
11005
11180.1
11253.7
11185.2
11457.6
11388
11969.8
11600
11322
11414.7
11485.4
11042
11004.1
11043.8
10664.7
10718.2
10687.6
11132.3
11350.3
11349.9
11786.1
10914.5
10738.7
10731.3
10574.2
10867.8
10918.4
11127.3
10957.3
10893.3
10513.7
10948
10638.7
11092
11150.2
11956.8
11718
12014.8
11363.6
11441
11740.4
12141.7
11919.3
11712.2
11618
11157.7
11009.9
11053.4
10868.8
10976.1
11035.9
10776.6
10963
11754.7
12514.9
13155.2
13621.1
12894.8
13575.8
13617.8
12990.5
12514
12499.5
12232.6
10347.8
10216.9
10162.6
11196.7
11555.1
10803
10389.1
10353.1
10980.2
10954.9
11323.1
10797.5
10892.1
11110
11210.2
10677.8
10596.6
10685.7
10918.5
11208.2
11949.7
12401.4
12409.6
11876.5
11696.3
11766.3
10525.4
10420.8
10711.7
9793.24
10731.5
10780.8
10657.4
10719.2
11110.2
10618.6
10215
10421.6
11010.2
11234.2
11395.8
11069.1
10560.5
10636
10406.5
11300.7
11267.6
11137.2
11022.5
11153.7
11841
11424.7
11380.7
10301.9
10914.9
11510.1
11370.2
11492.3
11398.4
11737
11371.6
11644.2
11629.8
11473.7
11627.4
11868.1
11527
11597.6
12300
12818.4
11444.9
11050
11738.8
11607.2
11762.7
12132.8
12075.2
11553
10825
10608.2
10998.4
11188.4
11280.2
10793.6
11626.7
11024.2
11243.8
11832.1
11289.7
11189.3
10875
10257.9
10447.7
9888.37
10421.4
9802.28
9777.95
10218.3
10348.9
9913.73
10343.7
10121
10333.4
10889.3
10754.1
10810.4
11337.7
11652.1
11672.3
11683.4
11895.7
11739.3
11800.3
11353.1
10894.4
11681.6
12122.4
12873.1
12553.3
12597
12612
12636.1
12651.6
12738.3
12350.2
11922.7
11689.6
11521.5
11925.7
12434.8
12814.7
12730.3
12298.1
12286.9
12165.3
12468.8
12356
12529.3
12179.9
12894.6
12741.1
12230.6
12805.4
13110.1
12599.9
12592
12785.3
13085.9
13005.4
12929.5
12465.4
12458.2
12563.2
12728.3
12783
12340.4
12662.8
12694.8
12893.3
12569.3
13086.8
13334.7
13409.5
12945.5
12013
12238.4
11709.3
11997.6
12322.9
12770.7
12562.9
12435.5
12973.7
11789.8
11776.4
12118.7
12524.4
12398.5
11744.5
11049.7
11480.4
11953
12379.3
11313.8
11902.2
11779.9
11670.3
11707
11943.3
11882.9
12079.9
11382.1
11346.8
11337.2
10807.1
11253.5
11056.7
11175
11141.1
11183.2
11447.9
10708.3
10963.4
11161.3
10945.7
9859.5
10756.9
10484.2
10447
10121.3
10437.5
10635.4
10589.2
10330.5
10303.4
10307.5
10185.6
9691.58
9959.04
10141.7
10185.8
9510.11
9692.75
10342
9856.5
10050.4
10434.5
10376
10203.8
10558.2
10600.7
10095.7
10320.8
9788.23
9354.47
9131.81
9025.91
9307.84
10198.7
10389.6
10171.1
10417.7
9684.2
9801.71
10523.5
9974.16
10481.5
10197.5
9998.99
10077.1
9993.43
10241.7
10407.2
9993.13
10042.5
9855.86
9436.34
9286.14
9458.24
10035.2
8929.56
9057.57
8568.03
8733.64
8747.25
9202.48
8846.8
8780.64
9341.21
9197.66
8737.09
9559.96
8981.14
9637.47
10501.9
10058.7
10034
10055.5
9918.29
9039.4
8704
9259.98
9719.43
8707.8
8524.4
8475.65
8511.09
7982.12
8036.66
8052.63
8634.66
8283.76
9164.1
8788.47
8091.88
7838.19
8464.6
8333.88
7964.9
8493.72
8466.31
8589.09
8629.58
8509.6
8679.43
8936.65
8644.29
8972.93
9144.14
8651.3
9120.54
8673.92
8870.54
8942.57
9197.34
8928.57
9522.77
9806.01
10202.3
9798.24
9366.74
9510.96
10005.3
9630.83
9870.6
9995.26
9960.75
9307.38
9511.03
9615.48
9773.71
9496.81
9776.53
9797.77
9852.88
9476.55
8858.78
9214.74
9919.38
9682.24
10126.4
9775.84
9905.09
9777.07
10019.6
9745.99
9517.55
9718.05
9708.65
9401.75
9860.76
9434.3
10175.5
10196.2
10229.3
10619.7
10168.5
9613.66
9694.86
10062.5
9597.26
9479.07
10387.3
9374.14
9239.02
9615.96
9533.52
9468.86
9272.49
9693.25
10327.6
9957.84
9980.86
9766.3
9776.68
9275.47
9716.64
9947.44
9975.81
9511.11
9018.71
9591.33
10039.7
10428.2
10420.9
10304.2
10439.9
9980.55
10135.7
10497.8
9489.08
9671.73
10094.2
10395.2
9764.52
9336.87
9366.17
9450
9229.14
8828.74
9341.44
8582.73
8996.85
9568.94
9641.58
9587.44
8699.46
9170.93
8915.32
9318.5
9150.2
9782.11
9775.17
9465.56
9280.04
9467.94
8614.59
8674.33
8543.21
8581.83
9434.56
9434.11
9004.31
9295.52
9698.23
10037.7
9851.67
9937.24
9946.47
9613.94
9373.36
9191.03
9506.4
9924.07
10244.7
10346.7
10239.9
9929.92
9071.03
9067.93
8877.52
9145.99
8529.4
8459.02
8813.93
9047.59
8934.88
8659.42
8462.95
8712.41
8319.17
8838.39
9212.75
9529.21
9756.72
9981.33
10123.3
10221.4
10305.7
10592.1
10667.4
10875.2
10835.6
10941.2
11501
10867.3
11306.6
11383.1
10960.2
10930.4
10518.1
10535.8
10495.4
10409.9
10277.6
10879.8
11112.2
11298.1
11742.4
10828.8
11274.8
11614.9
11500.4
11414
11865.8
11599.8
11278.7
11447.7
11189.7
11272.7
11216.8
10265
10039.6
10593.3
10810.6
10712.3
10328.2
10650.6
10249.6
10530.8
10411.3
9818.5
9783.77
9754.22
9998.27
9751.84
9891.88
9573.23
10381.5
10730.1
10841.8
10712.5
10451.9
9830.64
9871.82
10031.7
10203.1
10586.7
9720.24
9565.88
9732.42
9807.04
9543.71
8979.54
8703.99
8753.38
9182.83
9424.42
9335.71
9294.61
9662.26
9453.54
8740.67
8642.48
8737.42
8497.52
8764.29
8740.38
8607.98
8550.37
8853.87
9392.81
9717.35
9559.66
9654.52
9293.93
8702.98
9371.89
9521.62
8986.12
8899.48
9425.71
9095.97
9006.55
9864.79
9605.21
9628.71
10063.4
9928.23
10295.5
9821.13
10221.6
9925.84
9562.24
10338.5
10189.2
10245.3
10265.4
10095.8
10098.2
10246.9
9520.41
10002.9
9482.2
9315.97
9106.34
9477.91
9512.87
9168.1
9046.89
9833.11
10036.7
9965.01
9329.39
9372.29
9185.89
9249.81
9800.72
9275.41
9829.32
9668.52
9996.11
9951.01
9589.7
9826.28
9684.14
9572.86
9119.32
9094.49
8728.79
8550.27
9266.26
9058.11
9121.98
10255.6
9928.34
9815.08
9701.13
9976.95
10075.5
9465.04
9422.11
9617.53
9650.7
9573.97
9496.69
8990.7
9468.81
9478.26
9130.73
9415.83
9031
9569.13
9947.88
9764.75
9561.33
9591.45
9783.63
9213.76
9607.56
10069.2
9936.17
9715.04
9726.59
9930.13
10364
11222.4
10796.7
10765.3
10415.1
10674.5
10644.5
10157.2
10407.5
10596.7
10353.7
10819
11069.7
10989.6
10812.9
10787
10879.1
10335.8
10144.7
9615.18
9821.05
9616.59
10261.6
10329.3
10054.7
9676.93
10025.6
10358.8
10368.3
11080.7
10716.3
10809.5
11015.4
9952.39
9933.05
10271.6
10359.8
10072.3
10551.4
10681.7
10328.9
10432.8
10314.9
10089.8
9814.98
10070.2
10070.5
9990.6
9827.54
10213
9981.42
10258.8
10672
10573.2
10634.6
9456.45
9953.99
10061.2
10406.9
10890.8
10986.6
10926.8
10651.9
10316
10299.1
10498.6
10354
10774.4
11097.7
11092.3
10783.2
10545.1
10845.3
10790.3
11224.6
10914
10329.6
10169.7
9656.95
9818.01
9981.02
10009.7
10090.4
10049.6
10011
9892.89
9829.88
10281.9
10273.8
10097
10282.4
10015.4
10031.7
9905.74
9526.64
9754.68
9837.29
10069
10124.4
9749.94
10129
10097.2
9820.5
9363.72
9525.33
9134.94
9833.43
10061.8
9892.71
9652.53
9325.06
9040.9
8999.37
8810.59
8961.14
9347.47
9185.58
8898.49
8867.52
8445.55
8824.7
8573.77
8633.73
8594.45
8419.3
8353.74
8600.59
9211.67
9176.54
9546.49
9092.98
8874.94
8718.09
8667.77
9222.54
9717.86
9043.52
9154.4
8925.62
8953.76
9315.08
9172.28
9590.16
9400.29
9652.43
9883.55
9792.12
9968.82
10135.7
9726.65
9811.66
9652.39
9527.18
9223.56
8992.49
9265.32
8892.48
8982.35
9122.65
9427.53
9527.12
9571.05
9545.89
9912.39
10076.5
9896.82
9888.69
10213.7
10450.7
10398.1
10468.5
10464.8
10460.1
10438.4
10207.5
10716
10732.9
10376.1
10628.8
10615
10462.5
10582.3
10937.5
10853.3
10627.1
10592.1
10134.8
10456.8
9980.35
10106.6
10250.4
10000.5
9861.42
9810.57
10129.8
9642.94
9579.81
9926.82
9754.31
9840.79
9756.56
10339.5
10234.7
10587.5
10716.9
10638.6
10190.7
10434.7
10631.9
10715
11197.6
10792.4
10905.9
10605.5
10808.7
10805.5
10618.7
11377.3
10874.7
11045
10839.9
10561.1
10887.6
11341.9
11142.7
10905.2
10623.3
10457.6
10422.1
10416.9
10510.7
10802.5
11034.4
11579
11431.2
11253.1
10565.7
11259.8
11016.4
10758.3
11092.8
11787.1
12022.1
11860.7
11098.2
10978.2
10921.7
11894.2
11934.9
12157.4
11951
11481.9
11792.6
11653.8
11162.7
10621.1
10485.2
10778.2
11300.9
11929.5
12029.5
11621.6
11657.1
11856.1
11705.4
11386.1
11907.1
11626.3
11762
11651.2
11295.8
10681.7
10823.2
11806.3
11231.3
10757.8
10807.8
11319.2
11403.1
11117.7
11164.9
10802.8
10648.5
10902.9
10759.6
10702.3
10559.7
10595.9
10607.5
10524.1
10604.2
10081.4
10165.5
10223.1
10373.8
9932.65
9791.91
9494.55
9428.13
9668.71
10117.9
10205.4
10140.8
10106.9
9978.17
9938.66
9804.06
9694.11
9902
9577.09
9538.51
9578.28
9217.61
8919.87
8980.68
9419.38
10341.8
9832.65
9296
9505.97
8821.71
8893.32
9351.55
8790.71
8410.12
8382.51
8794.82
8578.8
8799.65
8875.88
8764.73
8219.61
8269.68
8551.73
8567.99
8159.04
8184.05
7867.2
7708.08
7612.16
7917.7
8066.89
8160.27
7970.23
8377.79
8146.49
8448.84
8352.4
8363.97
8780.43
8392.3
7608.2
7352.66
7580.42
7164.4
7502.41
7368.04
7092.17
7097.37
7733.33
7841.36
7579.24
7435.19
7157.18
7479.42
7482.34
7356.52
7266.77
7022.52
6804.58
6700.93
7356.57
7557.58
7588.06
8214.93
8564.58
8295.37
7702.86
8074.41
8420.07
8575.66
8433.53
8329.09
8027.72
8284.44
8098.58
7919.76
7663.36
7589.34
7743.32
7445.18
8092.97
8277.41
8088.6
8086.07
7866.24
7891.62
7266.87
7195.58
7288.78
7544.94
6817.48
6760.25
6625.21
7398.32
7574.49
7812.13
7211.28
6824.79
6905.72
7066.94
6742.44
6381.01
6581.44
6549.35
6692.3
6504.5
6228.69
7059.99
7025.59
6785.06
6343.53
5902.88
6565.48
6346.47
6501.53
6286.08
6226.63
6117.33
6283.24
7450.39
7405.21
7010.32
6932.68
7238.68
6890
6589
6965.73
7314.36
6929.04
6709.9
7048.78
6939.34
7267.98
7190.72
7259.03
7244.38
7594.94
7600.12
7361.34
7061.08
7053.09
6680.26
6961.63
6806.44
6436.9
6509.76
6495.8
6319.55
6226.11
6692.22
7027.15
6820.04
7192.92
7347.92
7336.38
7500.31
7301.04
7341.67
7144.77
6981.05
7268.15
7012.17
6919.56
6636.98
6734
6731.34
6714.95
7047.3
6830.7
6809.32
6776.93
7295.32
7179.59
7294.96
7470.87
7378.77
7231.79
7303.77
7126.64
7280.41
7135.59
7371.29
7245.95
6845.62
6921.07
7179.25
6927.7
7233.75
7185.79
7121.32
7254.68
7776.64
7813.4
7930.03
7657.94
7712.65
8158.12
8182.24
8245.76
8046.41
7858.41
7702.44
8128.26
7881.64
7829.41
7489
7366.05
7601.5
7725.3
7317.37
6757.69
7178.4
7186.56
6942.25
7422.51
6801.16
6457.98
6469.6
6625.01
6575.26
6692.01
6439.51
6987.74
7042.16
7049.68
6507.39
6486.56
6511.12
6780.45
6987.72
7022.65
7242.23
7405.87
7425.69
7599.39
7971.43
7829.47
7685.23
7334.63
7114.67
7310.69
7290.67
7778.45
7538.78
7679.34
7139.87
7354.21
7456.74
7474.29
7422.99
7440.77
7370.66
7297.31
7386.76
7419.92
6976.8
6953.36
6762.81
6744.78
6709.94
7114.06
7244.15
7026.59
7196.91
7534.9
7585.17
7475.34
7255.52
7147.95
7245.08
6788.02
7009.86
7117.98
7440.02
7425.93
7424.5
7914.39
7923.47
7737.99
8151.64
7801.28
7898.94
7882.69
7468.57
7502.28
7925.55
7825.13
7693.8
8285.66
7886.08
7672.58
7775.13
7705.33
7888
7979.14
8057.93
7474.37
7632.22
7844.14
7674.28
8181.78
8388.11
7713.09
8038.55
8109.5
7408.55
8010.07
7689.16
8178.94
7989.8
7870.96
7815.11
8312.14
9106
9152.19
8587.02
8210.97
8113.72
7832.18
7913.48
7643.57
7676.7
7629.78
7308.48
7364.95
7856.19
8229.08
8701.8
8778.74
8774.37
8585.69
8406.98
8358.72
8618.14
8345.82
8477.23
8012.08
8128.35
8232.94
7614.44
8170.92
8051.53
8270.87
8246.36
8353.4
8218.64
8354.6
8498.57
8535.52
8667.72
8421.66
8283.61
8208.38
8454.25
8781.48
9231.35
8992.82
9350.99
9104.17
9370.46
9208.38
8639.69
8973.14
9075.86
8691.43
8331.62
8460.32
8287.85
8295.52
8400.07
8569.87
8345.9
8413.84
8623.63
8692
8860.77
8660.04
9066.58
9238.27
9008.97
9155.53
9036.11
8979.54
8994.54
9107.1
9610.35
9419.06
8933.83
8745.23
8778.14
9217.8
9409.47
8870.76
8728.72
8973.88
9360.41
9364.02
9361.88
8478.67
8119.98
8055.44
8041.13
8194.84
7677.77
7680.65
7907.1
7804.39
7828.05
7622.33
7428.43
7389.18
7440.65
7700.03
7169.03
7083.17
7647.87
7725.27
8131.88
7819.12
7418.12
7398.27
7156.87
7381.32
6987.82
6978.1
6895.69
6731.4
6609.7
6591.56
6990.35
7361.49
7433.92
7392.52
7732.68
7255.66
6961.26
6562.88
7090.58
7223.4
7295.05
7426.21
7591
7196.61
7543.11
8156.19
7793.5
8184.38
8302.81
8783.46
8714.61
8384.53
7657.03
8007.63
7959.72
7238.71
7292.36
7401.49
7522.28
7469.87
7256.65
7408.33
7019.23
7600.31
7638.3
7127.65
7088.88
6973.23
7289.23
7450.17
7412.89
7216.73
7005.19
7365.84
7151.94
7844.64
8144.82
8261.91
7668.04
7948.44
7710.97
7517.74
7242.85
7514.31
7484.63
7376.16
7344.65
7209.13
6479.29
7043.39
7091.28
7295.04
7213.79
6395.11
6942.91
7250.75
6913.54
7066.44
7764.28
6870.12
6984.34
7016.06
7250.24
7467.77
7699.91
7342.68
7363.73
7444.41
7239.02
7559.15
7908.39
7753.76
7254.33
7643.89
7652.95
7494.28
7398.06
6877.91
7144.19
6909.74
6573.17
6749.11
6836.33
7052.57
6514.25
6506.78
6323.86
6940.16
6779.37
6949.68
7272.75
6827.08
6866.5
6571.16
6253.2
6258.82
6394.09
6385.12
6578.79
6281.99
7083.8
6214.3
6030.33
5772.08
5892.58
6165.71
6167.67
6112.68
6051.82
6247.53
6629.37
6910.81
7088.1
7406.88
7325.71
7198.02
7077.2
7165.26
7615.59
7940.53
7646.36
7407.63
6904.4
6626.63
6680.16
6598.62
6858.34
6913.78
6948.45
6967.18
6694.8
6965.49
7118.34
6994.95
6783.62
6631.3
6265.43
6092.77
5959.55
6737.27
6466.77
6534.52
6590
6641.68
6289.14
6146.31
6362.16
6097.63
6292.38
6782.23
6958.23
6545.05
5941.24
6140.29
6346.12
6838.67
7010.96
6750.47
6476.53
6389.93
6460.38
6765.03
6526.63
6191.77
6218.37
6324.55
5982.34
6106.54
6266.79
6073.67
6470.94
7100.97
7026.64
6976.16
6887.05
6911.53
6545.26
6423.35
6856.53
6899.6
6771.07
6798.69
6364.8
6251.31
6673.95
6294.71
6286.54
6343.46
6659.45
6501.56
6603.52
7191.72
7026.59
6928.84
7068.06
6891.64
7011.62
6917.45
7254.4
7135.84
6827.97
6820.71
6818.31
6650.79
6298.99
6415
6351.52
7082.65
7080.71
7247.42
6259.59
6271.3
6527.93
6086.93
6394.64
6210.07
6175.86
6061.93
6255.85
5813.2
5839.98
5731.81
5656.71
5713.77
6284.5
5959.52
6400.53
6111.22
6202.01
6129.09
6436.93
6417.52
6150.43
6011.66
6261.21
6091.37
5907.15
5579.82
5879.45
6196.8
6233.68
6634.52
6090.77
6072.14
5954.48
6555.12
6645.49
6163.41
5790.56
5937.63
6641.57
6642.35
6471.84
6180.6
6401.96
6052.09
5821.81
5882.17
6216.43
5824.66
6199.84
6198.14
5992.12
5578.8
5797.09
5644.12
5714.91
5705.42
5807.01
5692.17
5675.15
5492.34
5859.45
5862.97
5758.92
5933.02
6084.91
6070.72
5706.35
5471.23
6034.3
6136.75
6523.72
6447.07
6348.73
5933.49
5719.83
6042.79
5714.99
5685.33
6324.64
6130.56
6206.12
6498.58
6142.04
6004.27
5718.29
5302.84
5821.15
5679.85
5732.42
5702.94
6116
6503
6322.22
6153.22
6286.21
6517.07
6683.41
6137.59
6319.42
6655.22
6807.86
6484.04
6127.78
6022.02
5904.12
5588.19
5615.15
5658.58
5632.83
6299.7
6522.75
6643.51
6256.54
5941.29
5831.57
5411.9
6141.18
5836.58
5912.77
5694.4
5482.51
5480.49
5385.08
5224.28
5206.93
4900.2
5214.54
5232.61
5729.32
5416.92
5733.53
6559.4
6006.06
5987.09
6212.79
6023.51
5914.92
6135.16
5971.67
6018.23
6052.56
6308.4
5884.71
6077.95
5996.41
6810.54
6854.74
6882.7
6914.41
6575.2
6466.28
6616.56
6719.74
6461.46
6343.61
6521.95
6384.42
6118.89
6165.28
5903.66
5811
5840.38
5724.21
5785.23
5839.61
5740.52
5668.7
5497.8
5411.93
5516.62
5480.83
5672.1
6072.96
5258.17
5193.88
5574.43
5229.73
5033.25
5469.53
5252.76
5544.01
5876.42
5713.6
5478.26
5605.2
5454.81
4942.21
5093.31
4675.53
4709.7
5279.1
4782.78
4541.39
5042.72
5215.82
4975.85
5046.78
4973.93
5764.31
5425.58
5517.78
5321.6
5573.23
5229.01
5572.89
5330.81
5794.59
5820.12
5909.07
5562.49
5585.73
5547.37
5305.81
5384.04
5279.95
5312.25
5466.42
5646.98
5736.9
5576.43
5518.71
5617.63
5486.38
5470.4
5712.07
5435.77
5743.01
6026.86
5602.84
5470.73
5778.81
5872.85
5493.19
5543.23
5916.7
6089.13
6245.12
6036.1
6159.85
5842.93
5862.2
5604.47
5450.88
5839.52
6071.51
6439.25
6132.59
6287.47
5985.36
6081.1
6127.32
6037.47
5969.81
6485.26
6022.15
5536.8
5320.11
5297.69
5284.9
5460.23
5096.27
4924.61
5112.88
5234.8
5122.42
4899.67
4479.77
4632.27
4606.07
4664.42
4316.91
4318.53
4424.27
4526.12
4451.7
4747.73
4148.48
4494.33
4792.1
4814.08
4471.37
4687.56
4791.66
4579.81
5531.2
5106.06
4725.51
5218.4
4390.8
4501.84
5160.79
4697.08
4762.88
4809.09
4566.97
4586.45
4484.77
4549.67
4691.06
4527.83
4830.69
4837.47
5446.87
5533.79
5180.75
5106.97
5411.13
5610.82
5205.23
5854.89
5723.07
5547.52
5477.08
5588.97
5165.97
5223.77
5007.39
4812.34
4757.88
4557.31
4698.72
4694.23
5137.78
5150.5
4964.68
4956.13
5334.66
4892.73
4882.73
5082.27
4532.57
4453.05
4603.15
4770.98
4502.57
4086.74
3866.38
4300.67
4331.99
4358.19
4292.29
4513.94
4481.86
4681.82
4222.03
4425.25
4791.74
5062.09
4601.23
4768.37
4842.54
4188.12
4369.28
4587.66
4459.91
4671.72
4620.01
4207.66
4488
4370.61
4542.43
4842.42
4660.19
4729.96
4516.85
4361.29
4290.45
4464.17
4486.03
4231.93
4457.55
4459.52
4356.55
4400.67
4756.41
4440.83
4204.88
4342.54
4213.65
4112.2
4138.89
4779.23
4915.03
4990.29
4543.46
4038.2
4113.74
4051.84
4311.16
4005.76
4154.69
3925.55
4155.7
4154.13
4056.16
3793.57
4141.47
4194.79
4188.47
4314.71
4441.97
4559.59
4842.43
4977.89
4897.63
4862.26
5053.83
5070.5
5328.41
5130.06
5788.46
5605.39
5465.14
5271.83
5770.05
5296.47
5201.52
4931.9
5170.64
5019.45
4679.79
4622.72
5031.21
4884.28
5050.77
4610.47
5188.09
5144.12
5107.35
5074.89
5201.08
5446.8
5305.99
5189.25
4778.23
4806.81
4620.29
4801.42
5102.02
5319.16
5687.67
5562.18
6071.01
5429.09
5252.97
5557.89
5521.01
5732.08
5480.17
5638.91
5718.86
5411.46
5952.54
5720.56
6194.04
5701.67
5628.15
5573.5
5215.72
5063.13
5122
4850.15
5172.32
5281.57
5472.56
5168.08
5383.4
5477.57
5096.45
4906.86
5275.23
5236.63
4982.33
5228.18
5427.27
5444.82
5632.6
5357.35
5447.91
4951.51
5281.7
5043.62
5254.97
4684.55
4897.67
4935.62
4895.37
5096.98
5147.85
5255.31
5345.59
5335.58
5473.05
5472.59
5671.94
5832.6
5383.71
5257.37
5695.45
5972.26
5508.28
5644.02
5687.93
5397.56
5728.61
5449.23
5442.71
5170.12
4859.26
4593.82
4641.44
4754.52
4598.13
4692.9
4763.36
4634.34
5080.09
5201
5119.07
5209.97
5135.69
5039.54
5027.61
5203.5
5364.66
5094.6
4870.04
4873.57
4645.43
4667.82
4619.31
4644.9
4221.97
4511.28
4864.08
4722.46
4843.31
4944.06
4954.27
4563.49
4686.43
5048.31
4876.27
4945.98
5249.81
5237.93
5014.51
4928.74
5293.24
5360.83
5350.75
5076.32
5053.28
5357.29
5071.52
5414.03
5914.95
5782.89
5298.97
4879.37
4946.45
5073.02
4863.92
5251.21
5137.44
4912.39
5001.8
4839.73
5073.14
4880.37
5023.31
4747.82
4909.23
4644.09
4692
4924.06
4811.8
5089.84
5348.98
5593.87
5658.95
5987.4
5926.45
5749.44
5956.12
5489.36
5720.39
5487.7
5509.68
5680.18
5395.97
5117.3
4988.68
4785.24
4558.66
4718.64
4652.58
4372.17
4634.22
4551.8
4571.04
4971.92
5131.88
5162.62
5007.8
4905.46
4988.39
5101.79
5245.8
5188.5
4768.72
4785.6
5003.19
5241.17
5049.22
5108.48
4678.29
4969.75
5129.4
4980.25
4960.64
4873.81
5070.4
4917.51
4754.47
4769.09
4779.14
4963.17
4817.96
4707.79
4584.9
4586.57
4295.88
4203.38
4333.83
4366.89
4327.62
4379.55
4216
3679.38
3914.97
4223.96
4407.34
4632.72
4676.03
4571.87
4383.9
4253.19
4046.32
3887.16
3978.64
3925.22
3726.86
3616.42
3705.08
3944.06
3976.27
3648.14
3881.78
3996.25
3970.65
3846.14
3539.97
3440.25
3747.56
3398.74
3441.22
3502.95
3409.03
3605.05
3488.56
3188.06
3373.74
3144.24
3070.35
3139.46
3259.72
3270.53
3891.08
3995.66
3637.97
3479.82
3650.94
3625.64
3471.46
3413.32
3451.15
3338.23
3427.07
3678.96
3604.33
3999.27
3661.09
3491.96
3105.72
3368.52
3668.67
3561.23
3374.65
3340.56
3374.56
3691.58
3784.91
3514.52
3231.02
3678.29
3537.31
3775.15
3661.88
3566.28
3902.46
3586.05
3588.73
3366.28
3060.23
3253.37
3263.53
3258.26
3273.56
3255.17
3413.17
3447.05
3832.72
3841.85
3750.68
3924.4
3988.37
3798.18
3874.91
3610.24
3862.41
3906.19
4171.4
3803.41
3760.78
4292.14
4115.71
4098.91
4226.52
3980.92
3998.12
3961.15
3812.78
3695.17
3777.42
3649.79
3933.06
4073.88
4049.94
4067.39
4054.4
4100.92
4045.58
4168.68
3850.19
3914.35
4053.5
4089.04
4174.81
4126.56
4077.26
4338.85
4689.28
4754.51
4804.3
4680.81
4725.08
4580.49
4709.68
4556.19
4337.01
4184.8
4002.26
4101.66
4117.24
4329.93
4042.03
4216.93
4201.09
4286.14
3986.89
4008.67
4036.13
4000.08
3938.61
3776.01
3766.2
4317.63
4654.02
4480.64
4550.21
4688.72
4743.65
4779.24
4587.9
4533.13
4305.53
3981.53
3837.27
4043.73
3916.59
4216.25
3986.07
3946.06
3976.24
3881.11
3776.88
3979.1
3992.97
3900.29
4086.35
4154.39
4035.44
3776.42
3779.99
3850.61
4065.83
3924.16
4027.91
4145.55
4604.25
4499.13
4458.82
4332.01
3914.79
3977.65
3865.91
4170.21
4139.07
3902.87
3921.39
4024.79
3913.7
3817.98
3766.4
4164.42
4031.64
3998.01
4122.61
4126.22
3982.42
3672.26
3645.26
3888.46
3986.53
3658.81
3697.23
3854
4107.69
4133.72
4069.17
3848.85
3958.97
4134.12
4379.19
4247.32
3880.47
3707.22
3516.16
3643.41
3552.51
3577.59
3894.44
4134.76
4105.39
3885.9
3803.75
4108.15
4215.88
3947.37
3644.07
3535.38
3391.96
3353
3576.82
3695.11
3698.5
3786.95
3983.78
4241.1
4190.77
4144.89
4080.62
3889.12
3958.01
3704.48
3824.98
3980.81
3967.2
4068.29
3745.31
3897.03
4023.08
3904.26
4021.91
4083.78
4022.46
4000.43
3894.21
4066.65
4146.67
4230.31
4071.04
4179.86
3775.14
3516.64
3578.38
3574.87
3614.34
3512.87
3744.51
3861.68
4100.58
3863.8
3774.02
4013.69
3979.65
3960.83
3902.64
3916.09
4343.02
4399.82
4354.49
4216.39
3975
4078.88
4090.89
4223.84
4335.47
4235.42
4195.69
3863.17
3632.44
3496.93
3551.62
3749.88
3720.71
3679.88
4086.53
3947.05
3994.35
4022.93
3930.76
3882
4138.51
4180.83
4293.32
4421.85
4197.17
3998.06
3997.92
3828.25
3986.55
3830.98
3789.43
3584.06
3600.73
3788.64
4265.28
4259.62
4101.55
4270.22
3965.14
4064.73
4043.77
3927.68
3715.91
3626.5
3450.84
3646.17
3483.76
3601.17
3485.72
3536.6
3897.67
4037.56
3858.46
3698.27
3591.22
3602.77
3561.53
3375.09
3479.62
3470.39
3644.17
3892.3
3683.86
3635.5
3625.52
3819.32
3700.84
3576.05
3616
3845.51
3925.66
3843.91
4054.32
4027.38
3849.7
4073.48
4257.22
4310.8
4594.95
4748.6
4447.57
4617.72
4641.21
4856.4
4997
4932.15
4935.03
4954.32
4978.54
4964.75
4980.68
4756.01
4685.11
4975.82
4962.63
4952.31
4830.37
4759.55
4506.14
4610.35
4529.37
4652.04
4978.34
4754.87
4791.43
4671.24
4608.53
4881.32
4803.13
4941.72
4923.91
4830.99
4717.21
4462.61
4342.04
4377.97
4339.38
4278.69
4177.82
4161.6
4302.76
4092.81
4101.37
4006.44
3889.49
3944.57
4323.29
4403.23
4431.77
4369.71
4212.4
4220.44
4099.12
4154.09
4117.62
4040.34
4129.65
4243.93
4307.7
4290.33
4315.35
4181.63
4350.11
3946.48
4297.22
4002.64
4040.71
4211.57
3962.64
3997.53
4182.93
4005.61
4173.32
3724.76
3748.57
3938.19
4081.22
4040.42
3772.17
4026.38
3942.39
4023.53
3996.78
3889.08
3953.46
4195.74
4090.1
4089.46
4093.46
4149.27
3921.8
4041.24
3905.77
4088.61
4186.73
3794.92
3767.67
3785.91
3783.53
3743.77
3967.88
3618.17
3878.17
3761.63
3869.17
3520.1
3372.51
3220.24
3282.17
3202.04
3275.55
3354.1
3285.6
3173.74
3222.96
3256.81
3338.4
3259.8
3416.66
3365.8
3457.13
3574.7
3394.03
3341.16
3566.55
3247.22
3213.32
3446.77
3467.97
3862.24
3728.64
3520.96
3521.82
3329.59
3351.34
3425.87
3147.56
3103.81
3270.23
2983
3138.65
3299.58
3087.6
3014.94
3292.41
3446.6
3609.2
3890.48
3706.76
3405.86
3448.55
3400.09
3435.33
3317.17
3240.27
3061.26
3193.65
3274.99
3456.81
3284.77
3458.43
3585.07
3673.54
3674.07
3424.17
3597.06
3619.93
3755.58
3530.03
3643.66
3662.19
3577.99
3695.27
3342.93
3350.8
3585.21
3575.76
3280.49
3305.74
3389.11
3155.3
3314.61
3125.38
3187.36
3319.82
3362.59
3539.05
3272.22
3557.22
3696.25
3794.29
3726.74
3995.54
3726.63
3746.62
3724.28
3387.4
3598.76
3727.71
3336.65
3364.75
3531.27
3211.67
3166.87
3153.4
3125.46
3261.43
3298.47
3414.89
3569.28
3556.81
3381.51
3243.59
3069.2
3346.15
3389.93
3347.88
3286.57
3202.92
3317.51
3247.86
3319.52
3322.18
3383.15
3416.77
3454.86
3312.35
3161.64
3265.28
3282.24
3122.26
3107.93
3195.4
3147.33
3040.08
3149.18
2986.92
2826.07
2909.52
2872.36
3055.57
3213.58
3208.62
3045.37
3077.4
2992.93
3091.46
3116.33
3042.89
3053.18
2948.27
2975.67
3139.04
3104.52
3057.83
3190.2
3203.15
3363.52
3352.22
3348.57
3249.93
3242.39
3405.4
3302.99
2991.77
2992.98
3192.63
3371.86
3173.96
3093.67
3084.57
3270
3246.74
3116.04
3270.5
3251.05
3049
2875.51
3088.83
3096.28
2997.96
2977.07
3194.35
3277.96
3114.69
3097.46
3116.09
3152.17
3067.46
3176.74
3095.84
3064.91
3186.77
3044.36
3352.33
3419.59
3415.14
3386.84
3436.97
3357.79
3341.56
3195.8
3393.73
3581.92
3573.9
3379.77
3469.55
3558.76
3475.74
3526.41
3641.2
3540.24
3581.62
3201.63
3158.54
3198.14
3216.43
3065.62
3136.4
3186.96
3248.8
3201.71
3253
2952.47
3149.83
3148.66
3023.28
2973.01
3232.37
3159.72
3182.35
3443.91
3169.34
3327.7
3171.05
3111.42
3117.66
3246.22
3044.18
3177.27
3104.99
3161.85
3179.35
2997.54
3043.34
3083.21
3009.57
2797.48
2848.88
2972.56
3049.67
3260.05
3310.49
3243.64
3132.84
3146.89
3072.95
3092.21
3004.29
3030.63
3029.59
3107.09
3108.7
2977.77
2798.27
2666.15
2749.52
2784.5
2746.29
2741.87
2962.97
2955.92
3021.99
3159.01
3136.58
3345.96
3297.02
3290.38
3385.65
3550.32
3519.64
3439.87
3143.48
3176.17
3203.28
3290.81
3250.24
3178.89
3260.12
3189.39
2950.44
2937.44
3286.14
3517.66
3675.69
3891.06
4056.97
3820.36
3619.73
3587.91
3543.03
3453.58
3517.28
3377.56
3430.09
3628.56
3474.16
3294.95
3233.92
3285.96
3267.63
3433.38
3442.92
3505.33
3464.73
3436.64
3616.32
3592.93
3606.44
3584.5
3500.78
3415.29
3439.35
3389.06
3268.6
3345.21
3336.63
2988.21
3109.59
2986.44
3146.99
3134.73
3243
3250.19
3130.88
3134.5
3185.06
3148.99
3420.23
3090.65
2973
3026.76
2940.12
2931.26
2875.4
3003.52
2978.84
2906.53
2929.66
2950.81
2877.38
2840.17
2908.89
2779.29
2766.36
2884.37
2996.22
2857.53
2859.01
2583.22
2690.32
2491.71
2450.45
2516.82
2663.57
2609.52
2562.73
2428.48
2541.57
2533.04
2444.21
2554.01
2663.33
2742.33
2881.29
2889.58
2813.73
2852.85
2775.3
2725.79
2707.52
2616.7
2725.48
2610.16
2645.41
2545.4
2494.11
2703.07
2692.03
2749.15
2981.85
3062.2
2790.02
2894.8
3008
3101.11
3001.32
2878.36
3019.04
2808.7
2659.94
2781.91
2630.45
2723.41
2902.03
2789.27
2899.36
2787.53
2964.47
2736.73
2748.01
2885.66
2912.95
2761.03
2876.72
2804.13
2594.53
2728.35
2665.07
2670.04
2692.27
2445.67
2572.27
2481.82
2404.33
2320.52
2166.97
2214.31
2284.49
2351.22
2447.59
2533.49
2385.47
2430.55
2651.53
2777.8
2724.18
2718.55
2694.46
2682.79
2586.5
2605.78
2445.64
2475.7
2489.21
2423.63
2308.73
2412.38
2262.48
2372.72
2579.97
2587.73
2411.83
2348.84
2380.83
2529.69
2505.06
2771.32
2859.77
2820.6
2637.27
2576.63
2485.7
2532.82
2585.77
2595.02
2625.12
2640.45
2672.87
2846.94
2815.71
2672.77
2676.61
2516.8
2474.34
2520.51
2412.38
2737.39
2633.67
2653.8
2514.15
2918.47
2828.8
2739.38
2551.27
2379.46
2497.49
2427.99
2750.44
2533.82
2422.23
2478.12
2560.74
2744.98
2724.9
2603.01
2601.02
2665.76
2670.41
2594.72
2485.2
2526.73
2599.31
2672.92
2723.67
2781.83
2726.41
2683.24
2687.01
2766.49
2839.66
2895.56
2913.85
2688.28
2663.79
2664.63
2644.01
2705.43
2705.97
2732.19
2620.28
2650.71
2543.55
2384.75
2423.5
2362.34
2409.86
2497.33
2544.84
2587.72
2517.97
2475.89
2391.72
2323.73
2386.37
2516.25
2627.11
2421.53
2425.83
2533.43
2368.39
2439.02
2350.03
2188.64
2284.19
2327.46
2343.81
2279.36
2261.81
2239.51
2288.91
2324.23
2304.94
2335.44
2209.44
2320.26
2445.88
2254.27
2199.59
2320.97
2351.38
2331.87
2327.97
2184.5
2223.73
2143.34
2099.27
2250.56
2404.11
2406.55
2375.61
2444.05
2523.64
2500.57
2507.85
2440.83
2457.05
2597.24
2624.32
2535.43
2473.71
2430.49
2602.99
2553.87
2529.38
2730.57
2583.3
2637.17
2546.9
2550.54
2714.51
2688.39
2691.82
2927.72
2795.04
2776.6
2554.69
2644.71
2473.15
2438.9
2462.32
2633.02
2649.96
2553.58
2361.02
2358.73
2416.79
2572.62
2650.89
2671.62
2588.44
2440.76
2420.91
2603.61
2647.4
2683.16
2618.47
2794.64
3089.74
2743.81
2990.55
2834.06
2700.25
2664.34
2579.75
2563.02
2358.64
2327.94
2330.98
2451.56
2434.5
2535.6
2303.45
2292.68
2372.63
2223.3
2164.44
2272.37
2241.5
2270.26
2297.56
2466.94
2429.4
2543.12
2505.52
2458.72
2341.75
2496
2475.58
2689.19
2671.66
2700.89
2605.29
2699.77
2638.94
2672.34
2654.76
2619.94
2562.86
2673.05
2707.26
2422.64
2462.49
2449.99
2420.71
2344.56
2416.34
2464.42
2343.9
2185.18
2191.06
2174.3
2239.53
2331.24
2164.02
2330.92
2259.59
2288.33
2263.38
2370.48
2307.75
2284.41
2252.55
2300.29
2305.61
2343.39
2276.89
2061.49
2142.93
1961.73
2170.76
2141.63
2168.9
2259.02
2340.54
2384.16
2304.21
2428.72
2382.87
2564.65
2533.79
2549.91
2413.7
2550.41
2482.41
2478.24
2395.8
2236.92
2261.24
2289.05
2335.64
2294.75
2375.65
2200.48
2294.78
2359.78
2283.24
2138.55
2096.77
2024.11
2049.59
2122.65
1891.42
1957.41
1987.73
2012.71
2083.73
2100.48
2085.38
2026.85
2151.63
2038.28
2060.38
2103.46
2077.2
2129.25
2256.04
2167.76
2186.15
2192.33
2094.77
2143.95
2163.33
2141.72
1995.62
1921.56
1993.33
1947.66
1848.97
1896.25
1817.14
1968.51
2002.12
2021.27
1975.78
2055.48
2067.85
2011.56
2035.57
2081.7
2009.72
2022.96
2032.44
2204.95
2204.31
2346.7
2392.21
2568.29
2548.74
2464.89
2398.41
2281.2
2215.27
2251.06
2187.65
2279.84
2320.77
2248.08
2134.12
2264.1
2246.39
2208.23
2200.15
2261.87
2238.08
2127.53
2088.35
2106.29
2125.85
2090.12
2121.06
2046.09
2110.79
2154.9
2177.61
2150.08
2157.88
2144.53
2092.41
2127.94
2174.85
2163.54
2185.07
2317.73
2375.86
2419.33
2435.32
2468.84
2467
2459.77
2292.32
2216.07
2305.9
2249.84
2180.27
2142.24
2134.26
2058.71
2059.82
2005.15
2033.52
2075.65
2030.25
2081.41
1977.26
2060.69
1886.69
2040.95
2016.01
1875.1
1942.53
1979.18
1847.38
1864.23
1900.93
1973.67
1953.49
1898.45
1844.7
1860.9
1919.41
1909.98
1946.76
2035.41
1989.57
1895.65
2179.21
1968.87
1919.37
2014.9
2039.63
2064.32
1922.45
1922.43
1911.11
1790.6
1917.63
1964.33
1972.1
2007.8
1973.21
1982.01
2026.15
2104.56
2035.08
1872.27
1926.05
1940.5
2010.83
1957.56
1972.35
1876.89
1960.81
1961.9
1925.72
1968.54
2015.67
2003.09
2023.33
2133.87
2033.81
1777.8
1830.89
1784.08
1804.02
1901.81
1932.72
1969.77
2013.2
2056.78
2094.16
2133.14
1929.6
1943.75
2065.29
2148.89
2144
2099.62
2121.42
2201.64
2184.01
2218.9
2214.58
2148.91
1981.34
1871.7
1799.17
1870.99
1849.55
1874.29
1937.22
1981.72
2096.08
1980.97
1904.96
2059.19
2193.89
2158.47
2098.98
2227.95
2237.63
2156.71
2224.26
2143.24
2013.79
2013.35
1985.46
1998.76
2008.16
1938.76
1971.91
1982.93
2010.93
2146.51
2058.28
2088.78
2095.87
2156.05
2185.63
2098.23
2150.72
2140.77
2217.56
2259.19
2366
2290.57
2246.36
2267.55
2175.45
2141.94
2186.66
2185
2289.39
2262.68
2282.15
2272.4
2246.29
2197.3
2170.54
2157.99
2202.71
2172.76
2199.92
2209.04
2252.15
2310.97
2192.45
2227.44
2300.98
2319.92
2344.38
2253.92
2317.61
2255.55
2212.27
2176.1
2153.17
1990.05
2055.93
2065.77
2074.01
2070.9
2206.57
2138.78
2155.58
2068.53
2041.46
2147.19
2064.36
1977.45
1985.22
2011.13
2051.98
1944.08
1985.77
2030.91
2061.76
2050.93
2115.19
2058.8
2125.47
2161.77
2303.32
2221.39
2189.05
2297.29
2384.13
2288.14
2246.5
2329.57
2276.58
2323.12
2303.89
2506.4
2389.96
2337.64
2354.57
2364.59
2235.02
2311.42
2235.46
2279.74
2354.98
2293.46
2335.29
2256.33
2097.55
2040.12
2006.9
1997.83
2033.41
2100
1997.45
1968.75
2046
2024.79
1998.55
2026.12
2035.16
2124.29
2180.84
2172.89
2066.2
2042.53
2006.83
2037.6
2166.34
2146
2178.04
2272.05
2157.99
2064.61
2045.55
2095.65
2113.26
2160.3
2172.07
2188.89
2004.02
2026.43
1990.61
1932.44
1921.28
2001.62
1931.38
1906.08
1872.39
1900.44
1878.49
1753.12
1806.5
1851.97
1809.76
1792.14
1947.28
1937.71
1779.42
1853.86
1928.5
1983.94
1932.83
1927.54
1861.2
1916.06
1856.4
1770.41
1731.82
1736.32
1766.56
1556.31
1625.96
1768.96
1697.23
1703.4
1714.47
1641.97
1788.8
1857.9
1918.39
1910.42
1856.92
1726.14
1663.26
1658.12
1690.14
1736.05
1740.26
1702.9
1680.65
1738.17
1627.41
1604.96
1567.19
1538.36
1640.88
1687.01
1529.76
1577.03
1775.86
1676.16
1724.96
1742.17
1732.71
1699.14
1694.91
1759.72
1764.51
1753.74
1801.48
1911.5
1872.24
1825.92
1838.22
1773.49
1639.46
1739.94
1762.26
1756.23
1788.34
1756.48
1717.31
1783.37
1682
1826.55
1756.01
1777.4
1811.1
1766.64
1802.93
1871.74
1942.68
1840.4
1840.29
1786.23
1875.91
1993.52
2054.84
1854.06
1818.42
1709.96
1704.27
1644.49
1652.36
1774.99
1679.89
1664.16
1699.59
1817.88
1853.15
1824.66
1904.15
1970.6
1850.48
1833.9
1899.89
1869
1808.46
1774.81
1752.9
1751.28
1693.76
1732.41
1716.27
1720.66
1625.63
1611.57
1697.05
1713.24
1714.49
1706.35
1778.77
1934.42
1918.32
1843.03
1845.11
1808.92
1821.21
1772.93
1794.51
1790.02
1829.53
1723.87
1641.45
1779.21
1862.65
1847.48
1886.01
1858.46
1758.59
1684.36
1628.06
1603.24
1709.86
1734.18
1818.71
1755.07
1746.44
1639.72
1574.62
1670.12
1670.16
1686.78
1740.71
1690.13
1748.43
1862.87
1791.2
1776.11
1758
1713.53
1646.15
1637.05
1606.24
1700.01
1572.26
1574.83
1549.68
1665.57
1656.92
1644.66
1646.91
1766.41
1704.45
1759.45
1692.48
1750.8
1778.36
1699.73
1846.06
1877.38
1961.97
1796.54
1765.53
1801.74
1775.43
1751.88
1719.33
1706.37
1641.06
1588.04
1636.69
1662.54
1720.41
1619.47
1598.61
1627.4
1615.06
1699.47
1658.63
1683.58
1592.15
1565.4
1711.28
1675.24
1694.12
1664.89
1782.54
1858.97
1885.63
1788.73
1908.1
1881.82
1893.33
1840.43
1769.87
1832.71
1845.51
1795.84
1852.44
1823.42
1789.29
1793.49
1815.71
1793.12
1747.47
1718.1
1698.3
1664.26
1749.54
1871.82
1807.63
1827.4
1835.3
1850.56
1929.13
1941.13
1953.44
2002.04
1862.44
1867.65
1890.85
1929.09
1841.9
1758.5
1750.54
1748.79
1706.92
1700.32
1686.39
1687.39
1603.75
1494
1527.77
1566.27
1605.97
1649.01
1637.03
1731.33
1686.93
1759.47
1805.33
1602.87
1580.32
1559.36
1547.37
1537.09
1622.1
1628.5
1613.54
1742.08
1671.6
1556.1
1623.27
1582.76
1685.26
1688.06
1638.64
1605.81
1544.77
1469.5
1529.65
1551.9
1568.41
1495.09
1569.26
1494.93
1472.74
1515.98
1498.67
1575.54
1549.35
1641.71
1572.1
1527.69
1523.69
1469.82
1521.67
1594.82
1616.02
1569.43
1478.18
1458.44
1580.17
1468.92
1386.72
1460.11
1524.64
1503.93
1484.6
1534.09
1419.12
1457.89
1461.69
1509.59
1443.67
1383.89
1423.36
1499.52
1472.24
1511.6
1419.54
1427.99
1445.53
1508.7
1488.57
1473.43
1460.34
1364.04
1454.4
1487.74
1479.33
1472.02
1371.24
1359.58
1370.37
1402.1
1473.78
1477.89
1474.28
1451.04
1526.92
1519.98
1484.68
1570.1
1542.07
1578.74
1601.81
1603.9
1557.29
1542.9
1629.25
1563.55
1534.7
1631.96
1555.44
1500.25
1482.06
1490.99
1563.24
1583.2
1558.29
1475.46
1489.02
1503.98
1564.96
1516.64
1546.01
1542.54
1557.95
1583.31
1625.81
1728.22
1724.11
1656.2
1579.52
1610.68
1572.79
1571.28
1492.61
1585.46
1538.38
1507.25
1520.58
1568.71
1529.91
1536.1
1503
1499.05
1523.88
1484.53
1534.89
1479.56
1531.44
1509.22
1531.55
1434.65
1480.27
1487.69
1404.69
1400.31
1392.89
1397.74
1467.14
1410.55
1353.81
1334.06
1333.84
1384.73
1402.28
1415.87
1409.45
1402.41
1406.09
1387.05
1445.17
1510.23
1432.7
1462.87
1476.93
1472.43
1440.32
1372.78
1338.91
1303.79
1348.93
1356.25
1256.07
1233.45
1311.46
1305.69
1265.54
1207.19
1268.57
1263.85
1295.21
1312.06
1433.88
1398.35
1377.62
1359.31
1332.1
1278.5
1249.27
1282.82
1263.21
1300.27
1275.22
1281.93
1264.38
1263.86
1211.94
1241.14
1252.49
1320.03
1330.22
1344.08
1323.12
1332.5
1297.41
1296.38
1254.53
1339.45
1313.12
1341.34
1348.31
1318.45
1289.77
1344.06
1337.8
1399.19
1405.8
1377.75
1353.77
1344.86
1354.98
1401.61
1462.07
1312.41
1381.19
1397.9
1380.59
1422.41
1486.99
1497.45
1445.48
1431.35
1469.64
1466.8
1453.52
1510.5
1411.15
1392.8
1346.42
1404.83
1415.6
1394.09
1390.17
1453.39
1478.06
1429.83
1463.9
1501.53
1423.12
1388.07
1418.27
1334.05
1331.58
1335.01
1306.82
1276.48
1387.44
1429.05
1470.42
1433.91
1479.05
1406.46
1450.05
1459.11
1424.25
1403.95
1288.9
1274.05
1385.91
1345.9
1399.03
1338.15
1311.46
1280.62
1363.62
1309.83
1271.83
1272.08
1269.71
1251.58
1317.33
1403.92
1446.36
1397.61
1349.84
1348.73
1332.74
1325.36
1362.8
1397.13
1352.44
1239.68
1245.21
1264.81
1306.41
1346.48
1371.98
1334.37
1344.59
1364.52
1349.92
1367.43
1319.8
1278.89
1375.19
1319.3
1283.86
1283.02
1298.33
1318.12
1253.06
1264.4
1243.3
1279.27
1272.28
1201.29
1170.01
1136.79
1160.32
1154.76
1037.48
1040.57
1037.81
1062.72
1157.45
1124.59
1079.15
1098.69
1134.73
1151.88
1092.74
1111.32
1164.76
1139.36
1113.13
1088.73
1139.05
1139.2
1173.55
1165.73
1093.14
1112.17
1092.76
1093.64
1155.27
1110.67
1167.02
1159.06
1114.23
1114.61
1146.35
1088.3
1153.4
1157.44
1128.73
1133.57
1085.9
1056.89
1129.58
1067.32
981.984
947.16
991.73
983.288
1031.49
1060.86
1054.04
1056.03
1108.91
1198.63
1164.38
1078.16
1091.16
1088.24
1087
1122.84
1035.22
1029.32
1010.57
948.431
991.31
995.629
1027.56
1048.83
1146.99
1174.54
1204.39
1193.21
1143.1
1129.63
1133.48
1126.4
1152.68
1199.37
1161.94
1102.43
1140.81
1141.94
1131.14
1113.87
1126.99
1131.03
1178.86
1114.95
1113.69
1198.81
1156.38
1183.15
1158.24
1176.03
1154.5
1224.78
1227.88
1202.11
1209.29
1225.01
1199.89
1225
1292.52
1302.71
1346.53
1366.88
1381.33
1446.46
1311.09
1245.42
1262.15
1210.87
1222.03
1161.58
1194.66
1143.26
1088.01
1198
1271.41
1242.99
1217.82
1137.13
1110.8
1165.16
1142.07
1190.95
1201.34
1197.64
1186.78
1254.09
1220.15
1170.21
1144.99
1148.97
1179.86
1203.51
1228.04
1173.8
1200.14
1154.98
1183.62
1178.09
1157.72
1206.64
1163.08
1138.38
1185.43
1220.48
1159.66
1166.09
1177.89
1206.77
1183.59
1114.9
1154.11
1135.86
1191.75
1147
1206.88
1214.12
1242.17
1231.77
1155.76
1140.51
1104.12
1115.45
1093.73
1085.05
1043.55
1058.78
1050.21
1020.63
1017.76
973.867
1010.64
971.528
959.874
1008.28
1053.26
1029.52
1062.12
1108.22
1100.2
1054.68
1017.65
988.404
1013.44
1033.96
1134.89
1111.44
1079.91
1032.96
1016
1060.13
1121.17
1096.85
1071.86
1118.02
1083.9
1074.18
1067.12
1076.09
1016.85
979.786
992.208
987.976
1001.11
1046.1
1065.14
1033.02
1044.48
1049.43
1078.32
1036.23
1056.32
1048.95
1064.77
1050.51
1076.52
1047.16
986.79
969.122
918.287
937.669
936.198
925.513
947.092
898.039
895.792
881.444
898.07
945.5
900.539
879.84
904.377
883.819
895.429
962.603
940.281
939.482
1006.24
1019.7
922.641
876.399
895.498
906.347
902.191
895.49
907.069
908.969
959.481
989.705
955.688
996.061
969.479
929.529
932.059
939.043
869.455
892.826
932.409
959.133
944.322
985.037
970.08
997.515
992.222
1016.99
998.182
1001.54
989.546
955.863
912.752
908.607
926.873
914.116
900.569
905.81
887.007
895.212
909.672
865.709
891.788
898.232
926.655
927.935
968.489
949.116
974.029
955.252
978.824
933.652
938.664
933.477
946.329
977.964
1037.15
985.61
1012.94
982.512
983.662
1033.05
1029.99
1025.13
1044.64
1057.17
1041.78
1063.57
1075.12
1067.07
1065.6
997.984
1044.96
991.328
1002.77
1055.78
1002.09
1030.04
993.214
993.804
1014.18
1040.82
1030.5
1046.54
1074.81
1066.53
1044.46
1079.03
1105.82
1104.37
1028.63
990.95
1008.9
1056.49
1079.14
1093.92
1112.08
1153.42
1101.23
1091.26
1062.86
1062.57
1023.21
1059.44
1088.61
1082.03
1047.95
1056.09
1038.35
1034.05
1047.22
1022.72
1065.87
1061.58
1076.79
1087.43
1071.72
1073.67
1048.97
1063.28
1102.78
1102.17
1115.68
1119.23
1094.7
1073.22
1049.83
1033.79
1043.35
1041.01
1043.59
1045.77
983.956
993.402
1012.45
1004.04
994.918
959.807
941.883
945.089
977.155
957.109
993.425
981.453
1039.82
984.203
961.79
995.38
1047.64
945.197
954.565
940.192
934.886
882.628
880.887
892.675
880.994
904.003
858.425
880.232
925.165
941.711
1028.79
1003.32
961.399
971.062
981.35
979.397
1039.43
1044.27
1057.86
1030.9
1015.26
987.508
965.479
965.907
949.054
967.011
961.916
982.947
1005.22
1029.64
1040.14
1014.37
984.592
979.663
950.067
1005.66
996.377
966.964
938.196
921.721
916.409
910.766
914.514
920.889
895.712
906.098
899.151
947.77
942.14
971.546
972.555
939.488
946.768
957.367
958.31
973.243
968.504
996.382
957.954
967.319
986.143
983.755
970.291
930.06
868.004
892.535
947.255
982.824
977.494
935.637
964.292
969.28
972.443
983.979
960.963
975.948
923.472
900.132
987.972
895.238
940.294
929.004
899.831
829.959
820.32
862.258
897.836
893.94
919.25
938.921
884.538
900.943
881.6
911.585
893.882
918.446
923.278
881.344
878.045
883.573
890.996
899.729
871.252
837.442
856.798
875.954
811.868
781.9
770.026
786.572
838.365
827.669
794.775
770.507
774.052
781.53
785.824
806.066
822.288
883.416
839.263
794.855
797.192
807.001
845.562
827.527
829.994
846.944
862.002
888.392
867.407
861.466
798.235
833.119
852.978
839.362
835.514
855.046
845.918
865.91
879.145
876.842
899.34
875.019
877.267
872.3
844.473
859.223
835.974
838.556
857.227
841.791
843.801
809.488
846.063
861.794
866.016
839.918
838.729
802.317
817.785
821.145
797.022
788.625
766.654
771.279
813.39
849.596
871.112
893.29
853.586
875.888
888.368
871.081
870.943
854.815
854.917
840.45
825.469
842.616
862.845
853.058
870.282
857.944
847.012
880.558
863.484
820.353
860.921
825.287
790.047
811.399
798.357
787.139
807.795
809.496
848.154
871.541
906.889
906.018
898.746
866.411
877.377
834.189
887.982
877.074
914.061
898.631
879.565
876.619
840.226
829.402
862.4
878.62
842.214
870.108
895.137
934.992
882.887
871.486
911.852
883.699
874.306
859.097
808.1
813.37
835.215
778.133
830.687
853.794
836.316
834.678
848.305
807.704
838.331
835.559
834.282
826.929
809.797
841.314
854.099
836.668
843.913
840.897
842.169
810.3
838.035
802.073
821.243
821.68
848.317
856.169
865.957
857.824
853.907
892.192
855.934
848.279
901.984
912.974
914.861
907.768
937.97
916.671
930.822
881.679
877.409
881.15
891.426
852.143
913.827
873.362
851.887
890.691
883.224
921.733
924.736
920.833
879.919
924.908
889.684
938.943
922.603
911.438
899.691
908.999
876.778
921.604
887.658
886.021
882.6
887.269
887.649
903.89
902.382
878.592
905.8
918.684
890.034
896.252
870.546
878.664
878.667
907.29
881.604
902.624
901.026
886.117
892.647
867.96
913.74
920.837
944.001
960.826
943.048
884.546
848.747
861.7
849.248
842.314
883.987
846.731
850.256
838.122
831.881
828.056
869.095
835.123
822.218
828.891
808.059
807.835
818.652
829.632
828.196
826.029
836.35
824.902
822.949
833.429
838.969
835.826
834.717
844.829
804.669
796.123
819.797
823.963
831.283
824.786
828.175
822.008
834.742
794.846
772.977
765.6
801.484
810.492
799.059
800.982
787.188
805.147
810.179
818.518
870.582
890.595
888.607
807.592
784.907
785.449
818.254
847.832
876.924
851.05
814.965
800.195
788.029
824.13
832.612
780.486
773.026
784.914
809.296
831.572
825.895
786.267
774.738
773.693
818.294
794.643
799.479
788.198
782.931
814.878
771.504
799.822
772.339
780.706
739.71
769.767
758.307
785.382
785.889
818.471
784.238
825.47
818.607
814.019
849.726
815.264
812.872
808.251
810.283
845.499
829.642
830.629
815.339
854.704
820.798
811.869
823.055
838.507
829.896
823.395
840.91
840.091
865.263
837.811
807.671
812.407
819.077
807.448
791.609
785.68
792.593
812.082
849.391
855.35
842.271
843.952
800.209
805.466
805.566
823.023
835.112
816.099
819.192
824.279
823.012
835.55
795.001
820.879
815.388
788.685
812.999
809.615
777.048
777.025
788.614
783.592
799.845
820.96
849.57
824.052
818.321
815.87
814.134
821.323
816.55
828.384
824.553
820.98
774.782
782.713
766.051
758.209
746.511
771.578
756.52
743.088
777.654
797.5
803.961
793.254
765.099
779.728
794.466
803.586
775.701
756.207
773.817
804.26
833.749
857.487
827.371
788.052
770.046
740.902
743.956
758.106
758.321
778.281
760.276
764.898
760.924
746.008
782.502
759.072
759.192
771.692
776.484
783.253
772.627
777.288
765.4
758.682
746.362
720.927
737.336
741.558
734.819
749.361
761.373
748.325
760.569
778.23
789.106
774.709
799.669
799.876
833.736
866.427
836.658
818.803
840.269
837.124
828.781
803.808
814.936
829.619
833.515
845.323
811.858
792.594
752.912
787.009
744.108
756.305
791.239
774.743
788.85
776.852
751.616
719.891
735.307
723.502
720.605
729.089
738.066
751.586
748.455
731.535
708.738
721.673
674.275
708.116
722.357
747.428
736.525
719.397
715.847
743.091
753.122
744.328
740.39
733.681
741.617
738.927
714.722
737.782
757.342
732.684
758.908
767.318
750.223
737.016
718.567
727.039
712.979
715.615
733.974
745.323
748.276
758.251
764.405
756.926
739.532
740.562
709.135
732.91
753.205
745.935
729.158
745.429
742.978
749.024
762.763
719.18
703.622
726.446
713.481
712.162
728.836
725.949
728.158
729.32
710.075
695.31
687.579
689.9
673.596
703.617
733.088
713.822
704.258
674.159
693.145
720.281
735.745
745.057
729.57
708.654
697.462
703.679
703.09
702.403
693.348
681.481
683.708
687.725
650.096
654.125
679.862
683.445
676.803
662.699
667
704.243
653.245
655.672
640.397
659.408
657.633
652.532
656.919
629.041
628.348
620.912
634.978
644.444
670.904
682.438
675.174
700.545
714.288
692.182
646.761
653.885
663.262
661.281
669.578
659.558
680.277
697.105
692.364
687.882
716.984
719.337
694.981
670
677.22
702.43
671.122
673.365
662.953
664.579
661.257
679.708
670.321
670.744
668.636
683.645
681.053
677.904
690.675
659.947
683.203
696.226
694.586
702.766
708.965
728.928
718.803
712.174
734.814
727.595
719.051
711.43
699.566
703.792
707.946
714.076
706.375
714.908
730.029
726.377
733.317
725.523
742.112
737.763
710.164
702.05
703.535
735.437
721.488
742.812
742.604
761.499
722.01
724.53
718.105
706.17
717.308
727.848
762.098
762.718
738.358
752.904
738.371
749.029
750.772
751.856
742.888
732.394
720.453
720.324
723.119
718.796
719.952
722.512
724.6
728.534
714.542
715.16
713.265
746.907
742.322
720.122
758.197
739.93
719.199
719.812
697.082
720.347
720.043
721.068
694.438
693.283
688.339
668.174
689.592
688.629
719.158
678.025
692.909
666.049
662.623
664.784
653.241
636.427
642.503
642.463
656.344
634.999
646.662
630.59
639.974
630.532
647.93
632.938
633.629
656.472
662.358
667.32
665.16
655.544
653.173
634.899
653.643
659.053
673.478
660.248
672.973
683.243
660.868
656.039
665.863
662.333
670.375
673.033
670.845
682.236
676.687
670.636
679.945
678.816
667.939
666.163
650.992
673.539
682.429
673.24
655.23
659.974
671.433
660.579
663.39
678.43
678.326
659.459
673.627
687.653
690.864
680
666.73
664.417
678.883
686.075
673.667
661.767
677.139
639.152
653.643
659.231
652.27
662.483
655.163
659.854
643.467
646.132
615.62
617.773
664.244
660.195
631.391
634.893
666.484
661.215
646.11
622.861
639.238
626.61
626.195
631.151
656.075
633.655
631.408
640.504
650.224
651.03
659.553
661.318
657.361
654.917
662.422
662.079
632.341
629.277
632.041
633.544
624.669
636.024
643.042
652.771
653.701
650.947
651.85
641.688
652.201
634.248
630.316
612.654
633.698
640.597
637.861
633.857
619.062
633.362
627.933
630.795
638.614
642.486
660.683
653.127
670.726
666.795
656.339
649.436
670.2
694.447
684.837
676.3
676.931
678.276
668.521
675.618
674.008
691.999
675.217
674.829
673.877
710.507
694.973
678.788
682.879
674.273
660.79
642.74
648.031
657.879
663.83
654.326
653.289
639.12
640.732
642.512
671.49
675.548
678.775
665.87
658.95
669.539
669.925
650.384
629.801
619.234
615.173
613.478
598.577
603.053
598.176
622.881
623.685
604.836
612.133
612.513
618.273
612.554
630.949
631.868
638.217
632.642
635.548
620.64
621.228
620.268
616.861
618.205
626.471
613.992
622.307
605.504
599.756
600.407
604.651
601.737
599.992
601.502
618.644
609.507
601.718
581.938
573.713
571.27
572.081
589.56
572.769
563.778
566.505
585.599
566.562
582.289
590.95
583.955
579.826
564.617
573.94
571.264
549.528
556.963
556.127
572.108
563.507
562.505
553.745
541.907
560.281
565.858
573.429
563.448
561.374
545.473
528.586
549.612
533.811
538.385
539.669
548.446
571.777
579.514
570.931
560.413
564.747
580.229
602.478
576.767
596.485
583.461
567.87
558.28
565.707
590.302
593.322
594.661
594.629
595.017
594.193
579.571
607.412
599.734
598.301
598.427
591.998
590.954
567.445
587.15
588.437
581.809
586.235
590.754
595.544
576.94
587.736
582.438
593.099
605.639
596.656
607.928
593.344
604.292
576.493
556.414
558.507
559.756
566.437
556.426
556.44
554.329
544.107
560.576
565.713
562.015
582.728
586.251
602.404
603.9
584.034
582.498
574.752
571.641
578.523
582.18
587.81
556.626
567.214
560.448
542.287
541.975
549.747
565.402
559.529
557.497
557.705
564.384
568.052
587.966
577.803
597.947
576.958
585.382
580.593
554.806
533.906
537.432
542.752
552.737
547.296
540.395
554.346
578.077
577.592
570.92
565.088
563.097
559.065
535.947
547.336
546.86
546.634
537.987
565.505
582.648
572.365
552.882
551.663
554.632
538.599
518.055
523.918
516.885
520.287
521.904
502.255
528.773
518.58
523.811
537.655
535.327
537.74
536.929
537.961
542.305
536.792
552.339
558.3
574.199
576.13
565.271
563.102
565.56
549.325
543.491
550.741
539.171
540.928
538.971
534.385
541.451
541.655
542.625
553.91
537.149
528.538
525.891
500.365
497.614
499.753
501.682
505.47
518.944
519.406
525.183
526.172
522.83
527.763
534.667
523.932
521.733
511.434
523.415
525.088
547.413
542.768
533.283
555.004
542.535
540.897
542.266
551.647
543.474
544.982
524.094
520.768
514.34
523.596
531.049
522.995
516.654
510.683
503.813
506.119
512.752
527.302
531.911
511.994
500.111
503.028
511.434
519.372
528.995
526.386
532.663
522.738
517.704
516.229
511.716
504.657
494.188
491.173
484.75
505.924
503.59
499.022
499.282
492.759
499.262
505.347
510.997
509.106
511.048
498.572
486.542
511.907
526.994
529.607
531.608
516.47
510.554
508.764
504.485
507.859
505.818
510.444
537.01
527.907
529.076
527.561
529.776
526.079
520.801
519.769
504.516
510.076
500.971
505.603
512.443
497.085
501.275
499.013
515.185
513.858
515.215
530.791
522.673
529.913
542.617
535.966
530.408
528.043
534.907
526.537
531.207
532.316
522.018
518.428
527.433
524.339
514.09
503.694
501.718
503.086
499.82
502.614
498.298
488.468
491.305
508.713
495.881
498.619
505.474
510.2
507.006
538.172
538.994
516.413
494.041
497.45
500.013
500.115
537.37
518.032
528.635
539.149
538.624
537.661
528.995
522.88
531.331
511.91
509.074
499.903
504.823
496.709
496.044
499.104
497.17
493.148
501.413
517.696
517.791
510.204
513.859
499.802
500.592
498.285
506.514
525.877
523.515
543.11
529.31
533.612
516.332
515.28
516.139
514.428
535.987
538.53
522.1
526.181
522.963
523.645
530.625
533.239
522.072
511.057
503.687
502.644
517.525
507.417
504.092
506.876
491.03
499.087
491.923
499.553
518.103
509.603
510.668
512.913
517.93
523.11
517.792
521.736
516.061
513.116
525.476
526.848
515.624
512.43
511.529
514.069
500.361
508.776
501.302
503.343
504.785
502.381
496.956
499.099
508.793
507.674
501.209
496.164
505.638
511.741
502.804
500.593
514.608
506.998
501.244
505.824
510.448
516.294
512.569
517.789
523.606
518.35
517.858
524.373
533.386
518.377
506.519
527.209
531.371
524.649
535.359
526.214
536.951
533.69
538.412
529.994
534.158
526.662
500.077
503.081
506.447
503.118
499.173
506.99
504.471
514.039
513.545
507.287
508.099
500.554
506.83
514.022
510.287
511.278
509.934
522.656
523.703
517.314
518.488
519.148
521.097
508.875
513.933
513.76
519.69
512.203
505.26
501.46
503.377
511.916
512.573
518.3
513.969
511.196
500.999
495.701
478.518
485.606
499.958
502.244
498.488
499.107
494.604
500.967
497.167
498.537
489.514
484.567
484.409
471.196
468.105
473.891
480.533
483.908
481.258
494.831
495.454
495.908
502.485
491.726
473.543
465.605
469.61
473.639
485.99
490.751
489.965
494.161
496.465
510.718
513.851
507.356
493.78
503.956
497.935
507.458
520.595
510.945
503.871
504.288
512.192
504.555
505.261
514.225
505.686
508.93
501.587
498.098
501.062
498.912
494.01
497.403
506.15
508.213
492.417
498.008
507.787
503.308
491.706
492.176
498.609
491.572
493.279
485.959
500.043
500.13
484.098
481.66
483.001
479
484.065
473.324
466.719
467.525
469.13
475.432
477.006
487.674
490.662
483.377
480.463
482.486
485.975
487.639
487.121
505.905
493.979
479.389
478.821
482.066
487.86
493.535
479.347
465.641
482.019
483.002
484.225
473.418
460.729
462.197
463.566
453.867
455.134
448.383
451.104
453.775
456.658
457.159
458.204
455.688
452.463
456.436
454.845
463.704
457.721
470.63
459.701
458.099
457.625
456.043
448.837
448.201
444.455
437.846
439.431
440.512
432.189
434.152
432.131
440.474
442.621
449.78
454.157
453.295
445.134
460.802
467.998
471.233
471.714
472.389
477.283
465.303
458.699
464.271
452.755
451.99
460.841
460.971
459.243
455.817
456.996
452.659
444.965
447.502
455.072
467.201
460.296
463.728
450.312
455.044
444.764
439.81
450.55
450.265
453.644
453.257
446.632
457.541
445.512
458.571
453.817
452.378
453.034
465.955
468.828
474.771
479.746
481.01
483.063
489.847
485.363
479.18
474.352
476.249
470.157
465.178
468.749
461.281
455.56
453.996
459.03
455.589
459.285
467.891
463.754
463.629
463.232
452.937
458.312
453.627
459.38
474.218
470.998
464.233
467.031
455.029
453.018
455.206
454.273
462.776
452.27
455.306
449.719
447.458
448.951
459.982
456.343
459.427
458.554
451.127
448.306
451.485
447.357
447.592
445.383
452.206
447.754
442.783
442.654
440.519
439.991
437.248
437.752
447.894
437.049
432.55
432.066
432.888
436.983
437.494
439.432
438.214
442.004
450.006
459.971
452.547
447.688
455.818
455.981
455.705
465.116
458.367
460.947
459.599
448.097
451.044
450.355
451.92
454.528
456.048
459.09
454.896
448.78
444.011
446.268
450.651
458.571
466.558
463.527
451.637
460.022
468.102
463.237
467.323
466.122
457.168
455.667
447.949
437.45
440.921
437.387
443.482
442.029
441.202
445.784
455.741
464.522
462.847
457.77
465.464
463.989
462.02
458.561
459.059
458.392
458.448
467.288
472.891
461.678
462.875
456.224
454.982
449.242
446.452
443.817
439.799
447.872
448.862
447.21
450.831
454.431
461.346
460.443
464.651
458.279
467.935
459.583
452.269
455.802
463.716
453.862
460.623
461.824
456.529
451.342
449.841
451.408
460.354
450.535
443.127
434.16
436.905
445.294
441.515
439.874
437.108
437.003
440.234
437.075
432.694
430.913
433.971
433.098
433.276
431.312
427.474
436.324
434.66
439.035
443.61
438.426
438.76
444.485
441.555
433.838
440.279
430.317
425.168
433.754
432.05
429.233
429.339
430.789
420.744
418.23
415.675
428.85
438.441
435.561
434.118
428.258
426.835
433.862
439.969
438.806
435.295
427.589
424.805
429.305
428.499
430.012
428.421
440.334
449.608
442.344
440.188
445.487
440.344
439.343
431.576
438.93
438.325
437.008
426.458
428.886
431.664
433.728
435.361
442.526
442.265
444.151
446.97
440.853
439.47
429.915
430.865
430.245
429.702
424.303
423.698
434.657
436.513
441.74
439.313
435.45
430.348
438.2
433.618
421.346
420.85
427.929
424.428
422.044
415.206
415.669
420.015
420.033
419.137
418.675
421.22
417.077
408.009
411.159
411.42
416.265
420.479
423.746
417.72
416.702
414.979
422.118
413.209
417.836
421.303
424.26
421.697
422.879
414.287
409.999
415.32
423.547
418.522
414.9
412.719
419.725
406.487
401.1
402.668
398.244
402.346
398.998
400.603
395.715
401.007
400.771
400.832
400.918
403.129
405.036
404.449
407.763
411.026
402.933
401.378
405.034
404.054
403.929
405.275
408.401
408.156
400.341
395.116
398.078
391.011
396.396
396.289
394.003
394.786
395.274
389.866
399.331
400.692
396.516
396.006
399.546
398.826
396.635
404.38
399.924
396.229
389.655
395.153
393.357
386.525
394.382
392.501
394.067
396.067
391.471
400.489
402.779
393.275
393.901
392.376
402.61
408.596
411.196
412.215
409.032
400.046
405.033
399.452
399.063
395.445
390.463
387.028
394.897
386.195
384.427
389.373
384.384
382.852
385.588
392.892
391.221
398.451
392.677
385.732
388.69
384.389
388.151
390.849
400.702
391.257
394.318
393.595
386.049
386.33
385.348
392.008
397.648
392.654
399.554
397.68
403.652
397.324
387.429
387.9
386.894
390.135
382.753
384.935
385.336
385.683
392.923
392.964
393.508
387.957
387.807
383.532
385.514
379.453
383.593
386.431
386.122
380.368
388.508
388.364
385.844
383.059
380.871
384.308
382.974
379.487
382.481
386.918
387.672
389.315
387.327
387.764
385.494
385.389
385.345
391.594
396.743
395.625
390.166
389.022
387.354
395.604
389.369
388.623
384.15
381.934
388.225
389.235
384.914
387.389
386.662
388.181
390.882
383.55
378.154
377.634
377.859
379.337
379.653
375.562
386.443
380.605
383.997
387.284
386.474
379.303
370.261
372.383
368.884
366.283
358.011
357.187
363.11
358.914
362.265
371.792
361.3
362.241
358.508
362.638
360.864
366.164
366.025
375.735
378.522
379.654
373.052
375.568
383.076
380.772
375.496
374.879
371.323
364.12
365.353
364.359
364.089
371.93
375.777
372.488
366.875
365.168
366.966
365.342
366.993
369.135
368.994
372.388
369.402
372.794
375.401
376.799
369.191
367.804
369.218
365.593
369.628
367.665
362.936
357.968
359.82
362.304
354.958
351.304
348.759
342.99
350.067
354.806
359.325
352.775
350.618
348.896
352.902
355.875
352.674
353.165
359.122
356.598
357.891
354.134
354.741
354.805
351.311
352.565
351.941
353.92
357.277
353.405
355.267
356.99
352.318
348.091
346.047
348.974
346.062
351.712
357.387
348.998
349.332
356.106
360.663
360.686
351.181
351.311
352.991
359.308
355.115
362.374
359.789
359.387
353.837
355.554
354.851
360.385
356.424
362.093
363.783
360.992
364.731
361.577
365.83
359.545
361.193
357.803
357.658
357.503
357.689
354.226
352.87
353.445
348.791
354.797
350.814
353.771
352.328
352.694
360.174
358.183
358.57
357.729
361.584
364.65
362.837
358.719
354.184
351.38
358.079
356.498
354.161
356.23
354.823
354.657
352.891
355.641
356.585
349.441
352.137
355.606
353.204
351.075
350.289
350.842
350.967
341.847
340.361
336.958
345.191
352.926
353.064
352.018
350.116
356.097
358.493
355.088
353.494
355.653
352.664
352.507
349.757
350.578
354.917
355.55
355.94
352.723
355.596
357.415
353.442
362.753
358.748
356.589
358.54
357.973
358.079
362.061
358.652
354.485
348.265
344.822
343.194
346.581
340.748
344.697
350.795
350.501
352.206
342.071
340.556
345.701
352.868
351.155
356.315
359.577
357.127
359.439
355.436
356.039
360.444
362.279
358.622
354.72
349.194
343.04
347.916
342.549
346.632
349.194
350.794
343.996
357.196
349.618
344.829
347.158
345.36
352.054
349.928
354.685
354.718
343.36
347.497
342.212
342.938
346.716
348.443
347.457
345.702
344.561
345.835
343.693
341.029
340.05
340.268
349.719
349.138
346.671
346.509
345.326
340.064
338.796
334.179
338.354
333.721
335.765
339.095
336.597
335.328
334.851
334.511
342.627
335.214
334.722
333.521
336.168
329.66
327.694
332.05
333.822
329.584
328.822
325.077
323.242
319.885
323.751
324.811
326.837
325.375
324.491
324.745
324.531
324.303
318.99
316.817
317.974
311.095
310.827
308.052
312.787
308.684
310.979
307.655
309.321
310.588
311.336
311.96
311.926
315.548
315.701
312.231
315.243
314.824
315.488
318.279
320.263
325.974
326.083
324.629
325.425
324.753
321.309
317.511
318.486
319.721
312.802
317.115
317.619
316.03
312.06
315.164
317.517
316.134
319.609
315.073
317.152
316.478
313.103
310.331
311.547
313.601
308.779
315.266
315.941
318.295
314.632
321.52
318.921
317.207
322.476
325.896
320.776
319.883
320.613
324.382
316.347
314.44
314.611
317.925
315.815
314.195
308.194
308.513
307.136
304.755
308.308
311.126
308.415
309.022
311.887
313.547
318.655
315.424
315.84
317.666
313.906
312.581
307.772
308.109
310.535
302.906
299.951
296.9
293.903
291.93
294.615
292.095
293.593
299.663
298.156
298.393
295.26
294.467
296.476
296.848
292.198
296.158
296.86
297.733
295.071
295.245
293.2
296.649
293.225
290.351
291.895
295.112
293.037
295.526
297.327
296.303
301.122
303.721
305.843
304.505
301.19
297.464
297.386
301.348
306.468
302.631
301.829
302.062
301.288
300.258
298.027
298.308
293.735
295.044
301.418
298.141
295.883
296.464
293.893
294.297
297.498
295.937
299.827
299.051
298.83
301.882
301.2
299.901
300.198
301.065
302.449
298.671
297.329
297.289
297.528
294.551
294.184
297.097
295.752
292.057
291.683
292.669
294.882
297.772
295.638
298.611
296.186
299.102
297.667
293.871
292.629
290.194
290.511
291.039
296.353
294.132
291.245
295.751
302.785
299.703
299.964
297.623
300.818
301.725
307.23
305.767
306.332
301.607
300.01
297.794
294.503
293.796
292.832
297.383
298.167
292.816
293.456
300.016
302.343
301.28
303.852
302.784
300.351
301.601
300.133
297.128
300.127
293.313
293.462
294.691
293.62
290.183
290.415
296.034
292.171
294.129
290.33
290.241
292.583
294.396
297.076
296.364
296.812
294.148
293.549
292.036
295.908
295.205
290.845
289.669
286.696
287.76
288.899
286.374
285.579
288.108
288.852
288.38
284.113
285.414
290.438
286.345
285.132
286.054
286.478
289.653
291.637
291.15
288.91
286.666
287.119
289.352
286.199
289.319
289.456
295.257
297.79
292.9
293.433
293.998
293.05
298.446
292.948
293.547
292.896
294.66
291.715
290.029
287.846
289.656
293.451
293.357
286.826
287.25
288.429
287.112
287.472
286.005
284.603
290.179
287.862
289.718
293.741
290.36
287.066
289.138
286.118
287.092
290.378
291.082
284.434
285.189
284.257
283.899
282.906
281.747
281.872
281.988
284.778
290.108
286.481
288.17
291.656
289.407
289.897
293.092
293.27
293.456
288.083
284.828
283.787
281.99
280.903
279.208
279.025
278.613
281.697
288.219
283.34
282.715
282.373
287.161
284.607
280.12
278.888
275.038
274.442
275.839
278.481
280.488
280.084
277.227
277.152
280.698
279.304
278.775
278.4
279.285
278.322
280.1
282.438
281.963
280.173
279.444
273.52
277.18
274.78
274.19
271.986
271.585
273.472
275.227
277.574
276.182
278.967
280.256
281.476
286.992
285.491
281.117
275.854
281.592
278.426
282.837
289.156
283.185
275.439
277.257
277.236
278.343
281.351
283.295
283.856
282.497
282.072
280.286
277.987
278.377
278.677
279.898
282.572
283.296
282.179
281.113
283.925
281.248
283.843
282.388
282.794
280.352
280.703
279.115
279.159
280.441
281.745
281.861
282.577
280.409
283.713
281.949
281.491
280.644
281.631
279.539
273.132
275.048
272.805
273.074
273.755
277.286
271.829
274.165
271.936
264.904
266.44
267.594
270.552
271.636
273.31
277.331
274.825
270.387
269.089
268.091
267.542
266.131
268.907
267.339
267.497
269.339
271.427
273.427
276.858
280.808
279.442
278.336
278.657
276.258
273.464
269.546
271.772
267.8
269.965
264.821
267.805
267.375
266.14
266.428
271.881
273.249
273.434
273.323
270.271
270.301
271.894
272.077
268.792
268.229
267.493
265.315
262.568
264.229
264.419
262.488
262.341
262.734
262.756
261.178
259.517
260.961
258.931
259.529
257.488
257.06
260.891
261.842
262.783
264.316
263.605
263.397
263.396
264.788
264.679
267.333
266.255
267.983
267.177
268.021
269.791
270.814
267.472
267.57
266.622
266.486
270.28
274
272.372
272.311
273.429
270.849
266.748
264.645
266.025
265.82
268.062
266.321
263.276
266.695
266.055
264.002
268.304
265.474
262.905
263.324
264.809
264.431
264.488
264.109
263.932
266.422
268.707
264.921
264.533
265.201
258.049
257.743
257.913
258.009
257.274
255.253
252.904
255.931
256.893
258.625
261.169
264.424
262.396
261.694
259.619
260.512
262.921
260.036
260.549
259.012
256.593
258.988
262.32
265.115
263.873
265.732
260.652
263.016
259.769
262.002
262.293
258.808
260.28
261.449
263.843
265.592
266.339
267.576
265.859
262.088
261.746
261.491
260.346
260.53
260.816
261.733
262.602
262.345
262.196
261.009
259.89
261.529
258.622
257.579
256.067
256.109
260.688
259.725
258.03
257.785
260.368
261.336
262.047
263.469
264.199
264.64
265.099
264.157
263.09
262.742
258.759
259.461
259.286
261.221
265.785
262.949
263.948
264.464
263.957
264.92
265.893
265.28
265.17
263.45
264.02
262.073
261.557
260.072
259.029
258.819
261.273
258.307
257.555
258.735
259.859
257.889
259.741
259.315
259.86
258.474
255.983
255.347
254.767
256.79
261.134
259.747
256.63
256.895
258.122
258.038
257.065
257.006
255.459
259.317
259.589
257.251
255.32
252.924
251.042
251.234
253.51
251.763
254.157
255.141
253.688
254.889
254.073
254.089
254.398
254.087
253.406
250.502
251.79
253.986
255.08
257.843
255.522
255.656
257.595
259.757
256.594
256.082
257.036
257.475
254.745
254.296
256.025
259.011
257.387
253.582
252.765
253.867
255.168
256.054
254.613
256.923
260.222
260.096
260.512
261.643
263.285
264.094
257.018
259.308
261.199
258.481
258.64
259.588
260.529
258.421
258.242
258.207
256.92
258.854
260.537
260.653
261.323
260.865
261.405
260.058
259.838
261.32
260.562
260.643
258.7
257.522
258.59
260.376
259.312
259.305
258.095
258.841
257.964
258.062
257.594
257.994
259.178
256.364
255.485
254.888
254.931
256.698
254.283
254.105
254.301
253.52
253.416
251.108
251.523
250.588
248.272
251.815
255.183
253.646
258.366
255.358
256.597
258.138
257.761
259.317
258.334
256.648
256.886
255.776
254.252
255.656
256.258
255.928
258.541
255.902
256.516
256.364
255.101
253.927
253.996
253.994
255.171
253.513
250.646
250.61
254.471
254.609
254.663
254.572
254.818
254.212
255.559
252.782
252.011
251.075
252.466
252.463
253.156
252.876
253.104
253.84
252.383
251.6
251.432
250.686
251.642
253.482
253.31
253.45
253.879
254.81
256.491
256.771
255.226
255.708
256.07
254.566
253.149
253.817
255.932
252.521
253.12
250.597
251.396
250.534
251.933
252.626
251.275
249.888
251.12
249.59
250.473
250.324
250.475
251.33
252.178
252.672
253.027
251.24
251.237
251.182
250.339
251.196
252.268
251.272
252.633
254.181
254.333
252.307
251.668
251.183
251.667
250.038
251.863
251.942
251.524
252.725
252.469
250.523
252.652
252.843
252.227
251.8
252.453
254.096
252.014
255.293
255.233
254.707
253.214
251.981
250.409
251.843
252.249
251.635
252.568
252.263
256.072
253.991
254.15
253.804
255.904
256.243
255.179
255.557
255.96
254.194
254.727
253.116
255.167
253.538
252.317
251.795
253.613
255.18
258.576
256.191
254.185
253.936
253.518
253.715
255.693
258.09
256.498
256.071
255.607
255.173
253.786
254.559
254.04
252.034
252.87
253.573
252.891
252.597
253.226
254.249
251.877
253.449
254.63
256.088
253.169
252.62
252.614
252.768
253.518
251.561
253.48
252.699
251.722
253.369
253.142
253.088
252.396
251.402
249.295
249.613
248.08
249.629
251.976
251.992
252.801
253.12
253.871
256.199
255.981
255.003
256.732
254.612
252.897
251.374
249.586
248.638
248.917
248.611
249.17
247.761
247.897
245.347
244.795
244.726
244.391
244.176
245.006
245.337
246.948
245.537
245.857
246.95
245.691
245.978
246.022
245.87
245.098
247.464
246.732
244.89
245.217
243.801
242.931
242.407
244.913
243.779
244.057
244.48
246.664
246.98
245.307
244.989
244.898
244.668
244.422
244.024
244.922
243.809
244.894
246.2
247.548
247.068
247.61
247.803
248.565
248.851
248.804
246.6
247.303
246.16
244.373
243.619
242.576
240.819
243.369
244.886
244.946
243.589
242.639
244.605
243.847
245.135
243.678
244.048
242.593
241.86
241.003
241.535
242.965
242.027
243.707
241.977
242.575
241.557
241.591
240.618
242.316
241.147
239.369
239.508
241.263
239.225
241.694
243.063
242.308
241.354
242.302
240.869
240.281
240.188
240.79
241.16
242.026
240.707
241.808
242.001
241.937
241.771
240.517
240.192
240.616
240.193
240.317
238.71
239.366
241.636
240.574
239.248
241.463
241.972
240.42
240.827
240.332
239.033
238.862
241.941
241.202
240.221
239.067
239.811
241.656
242.893
241.515
241.497
241.532
241.952
241.355
241.804
239.811
240.92
240.088
238.85
239.211
238.839
240.39
240.899
243.151
243.885
241.193
239.731
239.406
241.746
241.539
240.011
238.869
239.604
238.418
238.905
238.827
239.837
237.846
239.62
241.398
244.702
242.876
243.211
243.779
245.365
244.797
244.966
242.952
241.348
239.076
239.035
238.568
239.101
239.133
238.215
236.488
234.934
236.962
237.246
236.979
238.936
239.173
239.346
236.438
235.586
236.906
235.478
235.544
234.351
231.708
231.955
231.641
230.57
230.907
231.984
233.148
233.024
233.28
231.917
231.386
230.594
231.031
229.572
229.009
228.93
228.511
229.454
229.935
230.549
230.136
230.827
231.623
231.029
229.042
230.714
230.52
229.791
229.448
230.441
230.407
229.718
229.581
227.524
228.612
229.893
230.065
229.475
229.402
231.181
230.903
228.501
227.688
228.251
230.4
230.321
229.996
227.613
228.785
229.867
229.477
229.2
230.26
229.458
229.338
229.766
230.692
228.799
226.988
226.625
226.189
226.509
224.814
225.231
225.027
225.313
224.65
224.991
225.395
223.615
222.958
222.666
222.91
223.147
222.577
223.942
223.29
222.435
222.323
221.234
223.058
224.217
225.438
224.568
226.007
226.397
225.847
225.281
226.805
224.672
221.608
225.085
223.852
223.314
221.831
220.15
219.951
220.327
221.494
219.279
218.652
220.224
219.766
220.212
222.586
222.701
222.429
221.978
222.04
222.518
223.038
221.69
220.827
220.812
220.022
219.041
221.21
219.103
217.538
218.89
219.135
218.741
219.871
219.336
217.85
217.252
217.883
216.055
215.234
214.08
213.381
213.408
214.16
213.893
213.88
213.749
213.563
215.111
215.137
215.468
215.374
215.301
216.988
216.843
216.845
216.477
218.308
217.449
217.741
217.253
216.895
217.077
217.154
215.619
214.624
214.067
214.686
216.255
215.604
216.701
216.102
217.474
216.727
217.273
216.922
217.538
217.083
216.909
217.782
218.916
217.558
217.888
218.18
216.213
217.26
216.514
215.311
215.437
214.69
214.578
213.339
212.912
213.337
214.893
216.206
214.975
214.982
216.105
216.061
215.729
216.894
216.194
218.109
217.513
216.528
216.995
216.881
216.986
216.59
218.721
216.99
217.356
217.952
216.825
217.118
217.111
216.343
216.045
215.309
214.745
214.943
214.724
214.906
214.571
214.816
214.92
216.607
217.521
217.654
217.312
216.087
217.242
217.326
215.608
216.232
217.091
216.253
215.863
216.268
216.006
216.146
216.198
216.774
216.591
217.37
217.648
218.443
217.781
218.27
218.937
219.583
217.965
217.482
215.428
214.871
215.703
215.055
214.711
216.284
215.923
214.475
213.702
214.942
215.76
215.828
215.443
215.097
214.363
216.036
216.812
216.51
216.156
217.114
217.493
217.409
216.862
216.667
214.88
214.47
214.765
215.286
213.143
214.13
213.445
214.243
214.604
213.623
213.616
215.045
214.719
214.866
214.615
214.917
214.903
213.867
214.289
214.613
213.879
213.972
215.386
216.861
214.808
215.587
217.549
218.317
218.923
219.896
217.923
216.717
216.37
217.076
216.872
217.396
217.896
217.444
216.002
214.635
214.265
215.531
215.54
215.441
216.789
218.27
218.484
218.311
217.861
217.623
218.306
219.184
218.262
219.094
219.096
218.613
219.52
219.853
219.797
220.351
218.462
217.539
217.246
216.493
217.448
219.773
218.117
217.157
216.816
217.121
218.043
217.393
216.798
217.237
216.387
215.634
215.032
216.59
216.656
216.905
216.288
215.915
214.983
214.974
214.496
214.633
213.643
212.265
213.086
213.218
215.311
213.966
212.926
213.466
212.921
212.352
215.201
214.138
214.068
214.231
213.573
213.203
214.048
213.786
213.846
213.865
212.919
213.11
212.628
212.678
211.836
211.153
210.083
210.546
210.86
212.61
212.176
211.696
211.362
210.136
210.438
210.57
209.581
210.549
211.104
210.944
211.476
211.211
209.945
210.433
210.696
211.703
211.18
211.572
210.103
210.316
209.217
209.765
211.173
210.763
211.07
209.68
210.045
209.189
209.329
209.622
209.916
210.084
209.543
209.35
208.988
209.87
209.745
209.313
208.279
209.128
210.758
209.973
209.374
209.043
208.899
210.416
209.4
209.712
209.909
210.481
210.733
211.355
211.267
210.278
210.409
210.685
211.49
211.864
211.332
212.172
211.894
211.356
210.921
210.962
211.155
209.514
209.642
208.743
208.804
207.085
206.926
207.476
207.552
208.396
208.31
209.561
208.683
207.761
208.184
209.906
210.204
208.86
208.504
209.012
210.439
209.126
207.919
208.032
208.555
208.603
209.651
210.758
209.551
209.872
209.083
209.03
208.364
207.967
207.476
207.316
207.094
208.128
207.853
207.846
207.955
207.904
207.411
206.567
207.114
208.206
208.468
207.328
206.962
206.283
206.567
206.317
206.931
207.432
208.402
208.863
209.246
209.164
209.089
208.811
209.482
210.744
209.816
208.188
207.837
206.975
206.804
206.253
205.959
205.937
206.691
206.745
207.421
207.501
206.029
206.587
207.175
208.483
209.33
208.572
208.533
207.521
209.701
210.404
209.992
209.097
210.043
209.627
207.962
207.305
207.57
207.76
208.033
207.509
207.989
207.238
208.615
207.693
208.163
208.242
208.498
208.592
208.854
208.714
208.315
209.459
209.192
209.055
207.478
208.875
209.011
208.393
208.002
206.766
206.721
207.649
207.279
207.45
206.369
206.91
206.556
206.897
206.872
208.388
207.491
208.102
208.667
208.262
207.71
207.238
206.773
207.341
206.922
205.993
205.476
205.36
205.733
205.619
205.299
206.259
206.361
206.634
207.138
208.378
209.127
208.772
208.357
208.27
208.867
208.747
208.606
208.068
207.302
206.927
207.57
206.614
207.7
207.444
207.052
206.142
205.684
207.014
207.668
206.538
206.805
205.656
206.336
206.026
207.282
206.719
205.608
205.919
205.495
206.08
206.612
206.716
206.982
206.816
206.644
205.809
206.16
205.846
205.624
205.422
204.767
204.476
205.257
204.805
204.336
204.361
204.259
203.876
204.837
204.921
204.667
204.228
204.725
205.947
204.46
203.722
203.906
204.317
204.179
203.394
203.333
203.639
204.567
203.562
202.99
203.426
203.336
203.082
203.253
202.635
202.689
202.268
202.77
202.499
202.378
203.478
203.694
202.574
202.729
202.506
202.513
203.136
203.382
203.146
203.194
202.663
202.38
202.412
202.64
202.63
201.916
202.051
202.321
202.672
203.722
202.951
202.86
202.688
203.211
202.834
202.467
202.603
202.258
202.3
202.444
202.331
202.739
203.028
203.507
203.859
204.414
205.606
204.073
204.457
203.879
202.971
202.279
201.933
202.474
202.72
202.414
201.234
201.372
201.692
201.936
201.85
202.361
201.742
201.963
201.501
202.18
202.211
201.798
201.779
202.643
203.173
203.925
203.833
203.424
202.335
202.199
202.282
201.749
201.402
201.636
201.569
202.25
202.523
202.631
202.775
202.685
202.345
202.241
201.81
202.319
203.065
202.976
202.963
204.011
203.744
203.455
203.515
203.515
203.999
203.707
203.951
203.232
203.447
203.284
204.269
203.104
203.358
203.322
203.67
203.808
204.462
203.388
203.178
203.82
203.237
203.337
203.888
203.396
203.245
202.365
202.052
202.951
203.038
202.336
201.744
200.41
200.402
201.108
201.595
201.472
200.76
200.411
200.483
200.945
201.094
200.959
201.054
200.738
201.147
200.797
199.794
199.287
199.193
199.998
199.565
199.309
199.211
198.655
198.703
198.802
199.803
199.307
199.556
199.343
198.471
199.141
198.709
198.199
199.257
199.559
198.906
200.018
199.923
199.478
200.448
200.39
199.928
199.074
198.365
198.709
198.205
200.386
199.93
199.182
199.26
199.202
199.192
199.579
199.728
200.195
199.95
199.216
198.809
198.647
199.26
199.727
200.045
201.34
201.369
201.082
201.502
201.313
200.797
200.893
200.357
200.376
200.36
200.05
200.222
200.461
199.846
199.636
199.229
199.957
199.394
199.956
200.346
199.956
199.609
199.085
199.205
199.518
199.065
199.25
199.327
200.209
199.834
200.43
200.703
200.297
199.778
199.542
199.806
199.294
199.382
199.895
