Mut_X Mut_Y Mut_Size Mut_Rot Mut_R Mut_G Mut_B Mut_Type Time_Sec
95468 94740 110393 97169 110538 110743 110157 90993 2599.58
0 0 0 0 0 0 0 0 2599.58
--- Historial MSE por cambio de temperatura ---
16485.6
16377.4
16192.4
16055
16527.8
16685.4
16178.8
16165.3
16404
16354.1
16763.6
16634.1
16545.1
16493.9
16441.4
16287.3
16183.7
16070.8
16025.9
16162.8
16025.6
15988.3
15983.1
15699.9
15912.8
15947.5
16063.2
16227
16067.2
16352.2
16123.7
16204.5
16194.5
16194.3
16387.8
16316
15901.7
16151.4
16214
16107.3
16373.8
16491.4
16268
16614.3
16377.4
16294.3
16722
16710.5
16837.4
16793.4
16509.3
16837.4
16745.8
16866.4
16676.4
16928.3
16902.7
16715.6
17278.4
17270.1
16921
16976.2
16701.1
17003.6
16814.4
16848.2
16952.6
16926
16494.7
16805.6
16797.3
16063.6
16097.1
16194
16273.3
16101.1
16079
16229.9
16037.9
16401.5
16276.3
16274.1
15931.1
15899.9
15772.1
16253
16411.8
16126.1
16214.7
15787.3
16182.8
16301.7
16188.3
16030.5
15799
15999.9
15903.8
15650.8
15372.3
15912.9
15720.8
15807.9
15880.2
15525.2
15767.2
16010.7
15216.8
15278
15294.7
15659.1
15334.3
15167.1
14891.5
15072
14763.2
14561.8
14874.7
15286.2
15307.4
15525
15407.8
15153
15259.6
14963.2
14785.3
14297
14636
14464.1
14145.4
13877.1
14310.4
14139.1
14005.9
14116.4
14436.2
14699.6
14668
14744
14757.4
15073.8
15097.3
15692.9
15491.8
14966.3
15014.1
15103.5
14970.5
15145.8
14933.1
14746.9
14460.6
14537.4
14474
14925.8
14983.6
15079.7
15224.7
15023.3
15113.4
15395.6
15313.4
15201
15041.4
15364.3
15220
15291.7
15299
15716.4
15541.6
15835.2
15697
15782.1
15528.1
15163.9
15185.5
15186.7
15643.8
15153.7
15449.1
15374.4
15458.3
15014
15026.2
14680.7
14742.2
14582.2
14461.1
14595
14915.8
14910.4
14739.1
14873.7
15156.9
15021.9
15023.3
14815.8
14815.6
14771.3
14386.9
14263.1
13905
14473.8
14553
14276.7
14425.6
14600.6
14784.5
14831.7
14750.2
14589.2
15012.6
14888.8
15222.9
15297.2
15570.7
15891.5
15675.6
15886.3
15755.3
15214.5
15548.2
15635.7
15727.7
15742.6
15512.2
15498.3
15347.2
15036.5
14951.4
14520.8
14819.8
14851.7
15028.1
14671.9
14689.7
14593.4
14438.9
14123.7
14483
14698.5
14725
14886.8
14961.7
14621.5
15157.3
14981.2
14924.3
15098.7
15241.8
14903.9
14969.9
14906.1
15036.6
14988.4
14633.5
15295
15484.5
14802.3
15412.7
15529
15418.8
15125.6
15023.9
15356.3
15162.8
15313.2
14665.5
14651.1
14917.3
14469.8
14796.1
14782.7
14793.8
15210.2
14977.3
14959.1
14974
14844.6
14469.3
14582.5
14818.9
15000.1
15078.9
14480.6
15393.3
15490
15294.2
15260.6
15409.1
15802.3
15803.5
15860.5
16023.9
15935.8
15913.5
15990.7
15948.9
16702.3
16833.5
17436.8
16931.3
16889.7
16864.4
16389.8
16687.7
16857.9
16468.7
16218.3
15304.3
15206.1
14854.4
15305.1
15027.4
14984.6
15104.2
15378.9
15500.4
15575.4
15766.2
15834.4
15882.2
15663.9
15912.7
15831.8
16027.4
15517.7
15411.5
15465.8
15185.5
14754.8
14847.1
14930.8
15110.8
15381.3
15292.2
15037.4
14817.1
15211
15238
15406.3
15436.5
15414.9
15332.8
15551.6
14915.9
15077.5
15513.9
15509.6
15610.8
15103.3
14918.3
15484.5
14760.1
14997.9
14804.9
14582.4
14401.9
14905.4
14888.3
15073.8
15125
15342.2
15124.1
14972.3
14531.2
14691.6
14840.2
15420.4
15241.5
15406.7
15279.1
15696.8
15406.7
15545.7
15361
15410.3
15711.2
15512.9
15542.6
15343.4
15474.3
15759.1
15725.3
15587.1
15935.8
15631.4
15666.2
15649.5
15571.6
15573.7
15553.9
15413.6
15974.1
16282.5
15998.8
15943.7
15721.5
15593
15410.9
15883.6
16319.5
15924.3
15865.5
16026
15647.3
16107.3
15982.1
16141.1
16281.4
16372.8
16357.6
16710.8
16828.4
16899.2
17038.4
16203
16576.2
16432
16861.1
16392.9
16138.8
16465.8
16530.5
16106.5
16384.5
16015
16267.1
16375.2
16353.2
16133.6
16234.3
16759.6
16875.3
16347.1
16139
15800.9
15988.6
16205.9
16085.1
15434.8
15143
15384.3
15360.8
15636.5
15483.3
15621
15754.5
15656.3
15294
15157.3
14996
15635.9
16129.4
15799.4
15838.3
15806.7
15868
15772.2
15441.4
16077
16034.3
15931.6
15770.5
15798
15734.3
15647
15390.4
15334.7
15109.5
14851.9
14947.5
14927.1
14871.7
14826.8
15008.1
14941.4
15420.9
15011.7
15477.3
15214.3
15304.1
15168.9
15049.7
15693.5
15556.6
15678.9
15796.7
15778.7
15438.9
15874.2
15892.3
15691.2
15545.3
15995.2
15623.4
15180.7
14945.3
14964.3
14763.4
14835.8
14652
15202.9
15518.6
15239.5
15066.5
15218.9
14709.7
14693.7
14533.7
15155.9
14702.3
14891.4
14871
15337.6
15594.2
15272.2
14909.9
15197.7
14637.8
14940.7
15091.9
14819.8
14410.2
14744.5
14350.5
14426.4
14935
14837.5
14944.2
14795.4
15175.1
14475.8
14442.7
14504.7
14513.2
15129.8
14616.2
14700
14315.9
14656
14466.7
14303
14278
14272.8
14223.8
14068.3
14574.6
14569.1
14295
14217.2
13605.3
13879.9
14017.2
14057.6
13821.2
14587.9
13736.5
14412.1
14635.2
14344.3
14083.2
14621.1
14947.6
14502.3
14184
13837.3
13895.7
14159.1
14305.2
14270.6
14277.2
14677.5
14400.8
13941.3
14338.8
14202.1
14601
14311.8
13731.3
14128.9
14090.9
13960
14496.1
14631.7
14308.7
13891
13988.2
14067.6
13985.5
13945
14338.7
14529.6
14777
14742.9
14858.7
14822.2
14129.9
14074
14251.9
14588.9
14030.4
14048.9
13662.3
13642.4
13229.5
13501.7
12996.2
13214.5
12980
13125.1
13236.9
13120.5
13357.3
13349.6
13744.8
14037.9
13651.7
13726.4
13632.4
13775.3
13430.8
13627
13774.9
13802.9
13798.1
14043.8
13507.7
13694.7
13477.2
13895.9
13570.4
13531.9
13769.2
13892.8
12991.1
13404.5
13611
13250
13179.1
12892.8
13372.6
13735.2
13864.3
13702.1
13473
13632.4
13786.1
13258.4
13363.8
13573.1
13921.9
13976.7
13466.3
13286.9
13076
13172
13436.7
13491.3
13870.8
13797.8
13310.9
13786.5
13222.9
13705.7
14316.6
14345.6
13474.4
13618.5
13461.6
13038.3
13443.2
12886.3
13269.9
12833.8
13593.9
13654.9
13318.5
13369
13252.8
13393.6
13185.2
13833.2
13293.8
13312.3
13296.9
13070.9
12865.5
13019.6
13045.7
12922.4
12773.4
12805.8
12972.5
12779.6
12833.8
12816
12966.7
12580.3
12877
13031.3
13058.3
13126.6
12762.6
12847.9
12940.5
12912.1
12769.3
12671.5
12714.2
13099.7
13438.9
13174.3
13332.1
13380.1
13734.2
13914.3
13341.4
13717.9
13588.5
14071.2
13770.5
13960.5
13281.4
13081.5
13413.8
13129.4
13930.5
13873.8
13533.2
13784.6
13622.4
14096.7
13600.9
13270.5
13400.3
13141.8
13000.5
12589.1
13002.8
13362.3
13720.3
13686.4
13496.1
13118.2
12838.1
12752.9
13467.3
13176.4
13405.2
12810
13250.9
13968.5
13604.8
13092.1
13027.1
13309
13484.3
13372.3
13588.8
13508.2
13782.8
13394.2
13481
13516.8
13504.4
13685.2
13786.9
13313.3
12966.7
13100.3
12692.8
12428.7
12661.8
12441.2
12653.6
12165.4
12135.3
12793.2
13365.1
12545.9
12420.1
12343.7
12250.5
12548.9
12179.4
12346.4
12758.8
13030
12487.9
13044.7
12610.5
12915.5
12867
13094.3
13234
13338.4
12848.3
12574.3
12566.9
12371.3
12676.5
12160.9
12718
12652.6
13278.5
13316
13465.2
13394.8
13367
13665.1
13680.5
13653.7
13920.4
13788.7
13817
14017.1
14029.7
14158.3
14501.6
14765.8
13678.5
13471.5
13578.1
13864.2
13580.8
13827.3
14150.2
14131.2
14194.6
13425.5
13230
13633.9
13153.9
13118.6
13116.9
12559.9
12491.2
13060.7
13087.4
12958.1
12651.3
13037.9
13069.1
12671.5
12429.4
12511
12356.4
12340.2
12131.1
12057.7
12354.2
12218.3
12481.6
12756.8
12664.8
12548.3
12762.3
12261.7
12778
12305.8
12243.9
11461.8
11257.5
11054.2
11234.6
11533.3
11126.1
10887
10960.1
11179.3
11373.5
11126.5
11534.9
11833.3
11996.6
12324.6
11920.2
12106.5
12208.2
12259
12737.3
12837.6
12125.8
12410.4
13027.6
12427.4
11629.9
11331.1
11121.3
11263.7
10639.5
10716.7
10941.6
10737.7
11379.2
10678.3
10126.7
10117.4
10595.2
11224.5
11541.2
11702.4
11470.2
11819.9
11623.6
11693
11804.4
11965.9
11238
11321.7
11207.9
11675.6
11358.7
11002.5
11685.5
11475.4
12004.8
11920.2
12049.9
12351.4
12290.9
11967.9
12117.8
12185.8
11624.1
11843.5
12216.2
11899
12077.4
12264.5
12276.5
12353.2
11930.1
11751.9
11275.2
11453.9
11762.9
12223.2
12267.4
12462.2
12683.6
12631.8
12445.5
12300.6
12148.1
13124.6
12707.6
12597.5
12559.6
12187.9
12512.8
12180.3
11998.2
12288.6
12342.4
12917.1
12811
13131.9
12819.4
12276.9
11865.5
11974.1
12097.3
11606.5
11658.9
11441.6
11870.8
11599.3
11329.8
10726.7
11560.5
11554.7
11834.9
11562.8
11511.7
11063.1
11163.2
11866.7
11834.2
12061.3
11411
11243.1
11159.4
11588.5
11848.3
11393.3
12329.7
12648
12655.9
12284.7
12092.1
11864.2
11473.6
11177
11637
11392.6
11629.4
10610.4
11220
10877.4
11438.7
11571.4
11401.7
11597.3
11750
11782.4
11812.2
11248.5
11173.7
11105.2
10734
11445.9
11616.3
11205.6
10831.1
11306.3
11088.5
10772
11188.5
11132.7
11483.2
12106.6
11503.5
11944.8
12206.4
12130.4
11814.8
11786.5
12032.1
12197
12554.1
12268.4
12086.7
11865.4
11586.2
11319.3
11288.2
11436
11567.4
11241.5
11446.1
11283.5
11475.7
11302.8
10920.3
11012.6
11305.6
11161.7
10916.9
10972.2
10065.2
9935.72
10391.1
10728.8
10791.3
10069.1
10205.8
9763.5
10198.7
10819.4
9917.95
9994.95
10524.4
9958.01
9906.9
10038.4
10437.5
10964.2
10586.3
10236
10203.5
10740.8
10922.4
10633.1
11049.7
10989.3
10920.8
10655.9
10495.2
10538.3
10820.4
10647.9
10950.9
11032.6
10566.1
10450.8
10931.1
10847.3
10214.3
10314.6
10419.7
10205
10653.2
10771.4
10225.5
10236.3
10757.3
10524.7
10890
11435.6
10986.6
11090.5
11434.2
11013.5
10974.2
10894.5
11130.2
11278.3
11245.5
10669.1
10097.1
10459.3
10533.4
10626.3
10368.5
10553.7
10284.8
10826.1
11207.8
10892.3
10901.3
10645.3
10712.7
10555.1
10162.7
10912.2
10574.7
10267.5
10591.3
10350.5
9792.21
10120.3
9626.83
9421.87
9393.02
9531.87
9636.01
9578.85
9873.49
9849.17
9941.82
9838.38
9916.83
10693.5
10187.7
9617.71
9853.97
9991.61
10394
10519.6
10494
10174.2
9843.6
10157.1
10235.9
10142.4
9934.68
9899.36
10533.5
11116.6
11099.3
11130.1
10776.8
10953.5
10706.2
10749.3
10759
10576.9
10604.5
10917.2
11361.5
10993.2
11316.4
11129.2
11009.7
10944.4
11259
10960.4
11196.5
11058.4
10665.9
10625.6
10224.5
10324.6
10413.3
10833.9
10828.3
10545.4
10412.5
10764.5
10783.3
10589.8
10468.7
10485.1
10512.4
10719.9
10345.5
10268.5
10384.1
11066.7
11288.4
11306.2
11493.7
11057.3
11414.1
10999.7
10971.2
10658.8
10440.9
10559.5
10875.5
11289.8
11316.5
11196.3
11682.8
11277.8
10945
11077.8
10544.8
10379.2
10465
10306.9
10705.3
10338.3
10441
10473.8
10241.2
10245.1
10388.8
10726.8
10821.8
10703.7
10510.9
10393.2
10483.8
10433.1
10158.4
10325
10001.1
10576.4
10108.6
9955.74
9847.5
10173.5
10168.7
10656.8
9971.91
9845.1
9904.33
10097.4
10052
10158.8
10317.9
9554.71
9524.47
9574.18
9949.72
9801.87
9652.64
9916.11
9871.7
9426.43
10077
10081.4
9563.94
9917.07
10000.7
9960.73
9605.65
9622.12
9645.7
9686.12
9875.4
9969.72
9671.09
9510.79
9669.25
9799.98
9294.26
9352.7
9165.76
9120.52
9334.68
10149.9
10188.8
10021.3
10306.6
9863.89
10019.2
9612.31
9732.65
9603.1
9337.95
9536.07
9806.67
10110.2
9851.64
9710.04
10027.2
10336.9
10119.1
10008
9820.5
9844.54
9669.62
9792.77
10153
9975.65
10394.9
10747.6
10092.2
10186.6
10717
10406.2
10460.3
11330.7
10884.4
10450.5
10463.5
10469.4
10069.3
10150.4
10051.5
10285.3
9931.67
9987.7
10405.4
10168.9
9911.23
9827.48
9252.01
9566.59
9504.03
9450.65
9211.37
9564.5
9327.78
9219.27
9212.03
9055.92
8907.61
9202.88
9368.62
9029.96
8502.28
8705.79
8960.32
9077.4
9236.89
10067.4
9760.09
9989.47
9553.87
9945.27
9880.98
9879.58
9679.8
9917.52
9815.57
9742.16
9668.19
9688.01
9773.64
9556.38
9142.06
8999.06
8765.29
8687.75
8998.34
9117.7
8698.86
8756.02
8840.81
9058.62
9158.1
9589.41
9454.59
9076.52
9327.48
9520.05
9478.94
9446.44
9511.42
9053.39
9041.76
9026.72
9130.85
8802.2
8815
8417.62
8561.45
9090.43
9106.39
8461.61
8338.29
8616.87
8737.89
8874.33
8759.68
9045.51
9077.54
8985.37
8972.56
8529.28
8471.31
7641.81
7427.42
7815.25
8031.77
7614.15
7768
8198.29
7885.08
7414.28
7248.06
7393.65
7247.2
7819.31
7317.32
7272.02
7077.85
7021.69
6960.74
7066.55
7139.93
6864.33
7409.2
7215.93
7532.59
7121.03
6802.61
6698.1
6496.78
6982.47
7071.46
7017.56
7466.85
7055.98
7376.81
7334.87
6989.52
7108.9
7198.69
7071.31
6903.32
7201.07
6878.94
6708.27
6524.64
6403.75
6172.43
6372.62
6340.56
6570.91
6883.57
7214.48
6919.11
6667.53
6630.86
6483.66
6555.25
6576.47
6178.73
6662.36
6810.1
7009.55
7098.78
7144.57
6961.38
6683.64
6293.59
6270.22
6797.84
6961.36
6915.7
6968.49
6598.03
6988.51
7054.02
6696.44
6221.9
6317.95
6256.76
6684.52
6276.44
6245.87
6186.73
5862.91
5893.02
6054.24
5941.42
6164.18
6165.12
6303.53
6027.48
6274.32
6067.78
6053.26
6106.51
6087.46
6149.6
6139.39
6282.46
6237.28
6501.99
6458.5
6576.22
6293.1
6162.22
6110.75
6294.19
6209.4
6144.47
6346.1
6224.2
6238.75
6065.42
6111.44
6303.01
6072.42
6083.72
5904.87
6513.91
6472.13
6132.98
6260.11
6226.74
6158.25
6120.14
5686.41
5716.14
5602.52
5861.96
5700.03
5692.26
5440.68
5595.81
5733.05
5700.09
5843.39
5976.65
5625.5
5712.19
5641.18
5733.4
5318.86
5654.73
5642.74
5808.9
5700.34
5388.87
5495.91
5899
6175.1
5783.99
5643.17
5826.16
5761.24
6139.03
6449.38
6282.97
5992.56
5787.86
5629.91
6074.29
5769.77
6098.14
5477.55
5301.63
5380.91
4998.76
5074.71
5294.75
5566.62
5067.34
5205.74
5171.2
5124.4
5372.12
5216.51
5110.76
5048.17
5455.83
5005.02
5115.44
5080.33
4800.29
4945.7
4835.25
4820.41
4654.63
4520.74
4326.59
4515.91
4702.71
4755.17
4765.8
4569.28
4949.91
4701.93
4504.07
4692.37
4531.34
4509.68
4788.78
4368.73
4279.46
4122.93
4003.72
3753.03
3687.19
3814.98
3986.1
4034.66
4026.87
4155.83
4173.35
4466.29
4768.72
4855.43
4359.78
4051.5
4356.46
4214.21
4693.6
4465.34
4299.97
4556.54
4756.99
4180.83
3830.58
4017.31
4213.87
3796.61
3726.35
3866.47
3906.27
4032.48
3901.33
4037.48
4447.13
4016.03
4127.94
4178.61
3909.59
4021.19
4268.53
4436.48
4278.86
4311.12
4032.69
4446.77
4403.55
4332.56
4345.5
4466.59
4520.85
4804.42
4809.97
4875.84
5090.98
4619.35
4441.69
4432.44
4665.86
4672.95
4572.41
4330.37
4355
4496.58
4249.52
4393.22
4450.84
4689.84
4451.18
4685.71
4949.16
4658.73
4370.89
4513.76
4678.41
4622.14
4449.3
4360.42
4212.03
4211.02
4363.7
4541.42
4611.03
4677.43
4646.19
4536.36
4572.61
4404.83
4414.69
4418.14
4402.66
4484.05
4545.98
4638.56
4611.01
4559.54
4586
4817.88
4972.25
4590.96
4689.7
4594.22
4658.1
4837.48
4575.33
4598.36
4666.21
4894.06
4764
4792.54
4644.28
4557.59
4618.95
4835.11
4958.94
5165.44
5060.33
4848.28
5017.98
5095.85
4861.81
4864.22
4837.32
4822.61
4761.73
4800.1
4714.35
4671.63
4570.8
4818.3
4372.76
4311.46
4375.8
4446.25
4280.75
4344.3
4364.9
4423.28
4300.37
4330.48
4792.62
4913.67
4737.27
4511.8
4279.59
4260.45
4236.73
4029.8
3843.77
3676.15
3519.01
3785.29
3732.2
3864.25
3965.44
4155.54
4183.72
4029.63
4024.34
3872.33
3915.37
3821.78
4132.93
4106.99
3779.85
3940.38
3944.83
3788.09
3803.15
3904.81
3925.5
3761.12
3793.51
3814.83
3672.69
3788.98
3745.73
3864.49
3835.21
3542.1
3562.11
3530.88
3602.8
3860.7
3977.37
3756.7
3765.28
3598.89
3423.48
3518.69
3624.96
3810.07
3595.45
3400.31
3342.06
3501.62
3281.11
3454.52
3714.31
3675.76
3652.65
3683.57
3678.55
3663.37
3774.45
4049.72
4181.05
4199.79
3987.7
3747.09
3543.62
3393.25
3389.89
3523.42
3508.11
3497.96
3442.38
3608.47
3903.86
3853.49
3889.34
3885.82
3854.17
3684.9
3702.88
3871.3
3779.9
3766.03
3753.78
3516.19
3498.7
3355.34
3312.32
3265.64
3202.55
3208.86
3148.79
3055.03
3334.6
3324.58
3330.84
3150.77
3074.37
3104.5
3047.37
2979.15
2954.59
3113.65
3308.36
3362.34
3393.5
3322.6
3292.1
3357.13
3393.35
3334.25
3165.85
3241.94
3308.51
3239.58
3107.79
2993.64
3028.26
2949.29
2905.69
3134.11
3155.59
3217.73
3062.31
3056.99
3061.66
3168.65
3319.57
3397.11
3378.77
3122.06
3221.51
3115.93
3272.29
3235.49
3294.82
3434.57
3049.78
2967.43
2975.12
3048.58
3115.86
3214
2863.23
2932.81
2925.2
3101.89
3214.88
2895.37
2767.5
2866.24
3062.28
3062.92
2874.66
3010.65
2905.1
2895.12
3000.71
2897.83
2774.88
2930.08
3077.85
2994.43
3098.78
2927.38
3031.11
3073.65
3061.61
3012.84
3044.89
3041.16
3119.55
3240.64
3127.36
3115.87
2998.37
2935.24
2806.21
2758.93
2714.15
2590.23
2683.35
2789.37
2745.24
2715.04
2744.08
2794.97
2795.46
2750.51
2729.94
2759.9
2826.84
2674.61
2590.4
2767.61
2823.49
2885.85
2893.63
2883.31
2866.49
2961.79
2893.26
2790.57
2900.86
2889.53
2897.46
2782.37
2782.93
2697.58
2651.07
2579.67
2624.12
2536.82
2586.35
2506.19
2689.4
2554.24
2569.74
2603.29
2772.67
2753.41
2414
2276.62
2479.4
2498.37
2496.23
2445.06
2429.22
2370.75
2215.36
2274
2400.3
2337.37
2400.96
2525.03
2332.13
2482.02
2534.59
2470.94
2505.94
2439.28
2628.29
2514.74
2513.69
2492.32
2557.8
2505.55
2550.4
2421.01
2528.93
2514.04
2422.07
2442
2423.48
2378.72
2372.08
2485.77
2351.58
2330.97
2365.72
2291
2238.08
2416.66
2346.23
2452.81
2567.13
2517.84
2609.28
2675.97
2649.02
2622.01
2738.02
2679.22
2657.44
2572.5
2609.49
2589.28
2458.86
2512.25
2535.01
2473.13
2565.71
2439.97
2456.6
2492
2535.36
2515.22
2414.43
2353.3
2326.83
2394.27
2427.34
2491.42
2378.4
2308.09
2261.19
2250.86
2270.57
2248.32
2300.98
2421.62
2282.54
2284.28
2311.17
2293.4
2309.91
2231.44
2259.61
2249.52
2310.48
2335.02
2248.07
2186.39
2096.67
2158.19
2283.13
2253.77
2184.72
2187.36
2237.67
2256.57
2311.86
2340.73
2361.18
2313.28
2165.47
2076.83
2056.77
2155.11
2098.77
2261.92
2383.44
2441.29
2341.32
2378.19
2349.87
2318.49
2269.2
2235.4
2265.26
2241.72
2236.37
2278.58
2355.37
2342.64
2217.1
2250.45
2298.89
2390.74
2208.21
2146.14
2139.44
2107.54
2131.59
2128.12
2195.12
2160.14
2094.95
2062.48
2045.6
2070.61
2081.65
2088.97
2038.08
1958.11
1913.89
1950.08
2005.08
1934.4
1921.19
1943.06
2010.27
1977.26
2004.93
1999.39
2072.29
2054.63
2134.29
2116.85
2070.25
2079.1
2079.49
2090.87
2046.08
2053.03
2010.17
2052.97
2006.71
1991.71
2012.47
1950.28
2038.25
2098.53
2060.98
2052.69
2036.53
2057.49
2041.1
2095.9
2062.98
2079
2067.72
2151.4
2134.15
2075.99
2011.36
2053.82
2035.06
1991.18
1974.85
2035.49
2092.16
2139.69
2087.07
2081.75
2042.36
2023.89
2064.67
2088.86
2029.8
2111.7
2093.51
2210.7
2229.16
2157.6
2027.99
2003.75
1971.26
1970.64
2020.96
1934.31
1856.64
1893.74
1928.46
1920.85
1901.38
1935.29
1927.3
1924.75
1930.82
1867.03
1905.8
1961.72
1968.07
1998.98
1986.83
1951.89
1919.59
1935.21
1906.39
1876.95
1939.87
1908.02
1999.71
1962.1
1877.3
1865.59
1878.79
1920.36
1846.74
1865.24
1856.73
1829.47
1856.11
1869.42
1780.69
1843.78
1825.93
1891.58
1896.23
1836.58
1864.27
1832.68
1828.03
1835.52
1872.83
1842.05
1945.67
1943.08
1906.8
1874.56
1850.3
1816.71
1798.85
1793.54
1832.1
1830.93
1812.96
1903.76
1848.54
1787.67
1805.72
1783.98
1876.12
1874.25
1841.14
1824.68
1832.25
1776.33
1761.38
1813.28
1802.63
1784.74
1799.89
1794.65
1837.62
1807.67
1898.37
1834.55
1842.23
1858.46
1812.64
1765.52
1765.05
1771
1885.38
1853.08
1785.41
1780.88
1753.4
1779.18
1776.82
1745.57
1790.93
1720.32
1699.23
1708.01
1648.28
1691.5
1710.44
1763.02
1779.21
1815.03
1729.51
1736.77
1718.39
1733.6
1712.69
1731.79
1735.39
1838.83
1845.95
1801.11
1819.05
1802.92
1791.6
1789.63
1797.8
1825.31
1836.34
1842.82
1848.87
1844.41
1811.83
1859.46
1855.1
1853.71
1815.12
1804.18
1799.2
1783.42
1855.16
1834.57
1781.9
1759.88
1743.79
1746.97
1722.62
1742.03
1737.64
1704.83
1756.69
1723.12
1683.56
1681.4
1703.36
1706.02
1715.08
1756.29
1784.93
1789.33
1815.71
1794.11
1831.05
1820.19
1801.15
1789.21
1824.78
1828.24
1820.88
1851.62
1816.26
1845.38
1888.01
1823.78
1821.87
1802.81
1864.44
1887.57
1843.42
1830.5
1834.2
1830.24
1849.7
1826.7
1810.25
1806.61
1800.55
1723.08
1725.42
1714.79
1718.71
1781.63
1819.42
1750.09
1751.27
1820.4
1795.16
1825.2
1724.08
1749.02
1785.06
1740.17
1812.04
1853.18
1805.77
1759.55
1747.13
1752.75
1698.16
1689.5
1685.13
1651.89
1683.44
1712.06
1721.11
1721.07
1718.67
1741.76
1713.35
1720.73
1727.93
1729
1750.91
1765.89
1722.49
1686.16
1672.9
1708.59
1701.2
1717
1779.69
1769.41
1683.38
1686.84
1708.2
1672.8
1669.85
1720.92
1781.88
1742.28
1753.15
1734.91
1745.97
1694.05
1753.62
1722.69
1704.62
1686.29
1691
1690.27
1650.02
1671.85
1715.83
1652.12
1678.11
1670.06
1690.11
1688.31
1738.04
1718.47
1729.55
1710.84
1729.85
1675.97
1711.64
1731.26
1717.3
1699.71
1676.54
1688.49
1666.2
1690.77
1676.07
1681.12
1708.27
1705.8
1638.4
1695.62
1710.54
1715.4
1677.1
1724.38
1685.89
1702.74
1656.13
1640.15
1638.75
1646.08
1649.39
1701.92
1703.65
1721.06
1719.05
1700.89
1690.33
1677.58
1683.58
1703.79
1684.57
1697.56
1679
1669.32
1643.76
1633.32
1634.28
1641.5
1636.64
1653.45
1652.79
1655.33
1643.45
1614.24
1623.87
1631.79
1662.95
1675.27
1649.22
1627.92
1643.05
1630.61
1605.91
1605.46
1663.73
1604.82
1599.99
1618.29
1646.17
1651.37
1638.97
1642.9
1626.8
1640.54
1639.87
1625.56
1662.11
1680.46
1661.65
1607.48
1613.89
1586.78
1547.85
1570.08
1595.37
1590.62
1588.06
1587.64
1609.2
1570.7
1558.56
1543.94
1533
1568.62
1536.94
1520.84
1512.49
1502.32
1494.75
1518.42
1494.61
1485.72
1501.53
1469.73
1525.08
1491.99
1494.84
1521.48
1496.46
1497.99
1546.25
1537.47
1471.54
1489.07
1509.01
1465.62
1452.91
1447.66
1428.6
1415.91
1413.14
1413.42
1448.25
1454.4
1477.86
1430.22
1450.94
1473.05
1457.06
1444.19
1447.64
1457.37
1445.97
1425.45
1444.35
1470.22
1428.79
1420.55
1408.07
1427.12
1434.2
1409.66
1438.76
1450.17
1446.28
1434.08
1444.79
1448.94
1425.76
1447.2
1448.59
1439.47
1471.56
1447.59
1443.33
1435.71
1431.13
1430.02
1422.71
1447.71
1442.43
1449.33
1459.71
1452.76
1440.13
1447.07
1431.79
1463.72
1484.98
1517
1511.07
1487.28
1485.82
1459.3
1429.17
1448.2
1454.02
1459.86
1445.22
1435.08
1441.1
1441.67
1448.36
1433.79
1425.63
1436.55
1457.42
1432.65
1439.1
1459.83
1441.28
1424.38
1467.39
1421.49
1427.55
1443.3
1416.35
1424.23
1409.7
1404.16
1413.51
1395.96
1397.34
1384.97
1385.83
1368.85
1375.7
1383.06
1347.93
1350.14
1354.16
1377.28
1352.75
1361.51
1376.28
1382.22
1392.62
1403.83
1382.24
1358.18
1366.25
1314.12
1327.16
1309.07
1293.84
1257.47
1261.2
1260.76
1266.13
1271.58
1277.21
1284.24
1266.47
1246.64
1284.97
1265.58
1273.25
1284.56
1279.49
1270.99
1262.97
1245.03
1248.11
1231.95
1233.39
1233.83
1238.99
1250.85
1248.14
1251.42
1249.67
1204.81
1231.02
1222.64
1192.12
1222.8
1236.93
1223.15
1240.98
1238.49
1239.67
1229.93
1267.3
1247.32
1237.42
1240.14
1263.08
1253.44
1255.69
1259.1
1252.07
1242.74
1250.34
1246.6
1246
1263.52
1260.68
1252.86
1244.7
1225.17
1218.13
1228.27
1214.08
1221.24
1191.48
1182.5
1180.27
1182.83
1182.9
1200.69
1201.89
1173.01
1182.46
1166.98
1190.38
1170.26
1181.47
1178.06
1156.08
1142.65
1135.56
1126.22
1139.25
1135.46
1136.78
1153.07
1150.99
1156.48
1164.84
1169.72
1166.05
1176.67
1153.01
1176.03
1160.92
1158.82
1156.46
1153
1158.47
1147.06
1141.21
1156.18
1156.34
1170.83
1167.79
1169.01
1186.14
1177.1
1174.75
1176.64
1150.49
1143.04
1149.98
1170.08
1156.86
1150.16
1160.74
1150.59
1181.72
1172.52
1176.64
1178.47
1157.7
1145.6
1145.11
1140.84
1148.66
1144.3
1139.65
1118.02
1133.4
1136.88
1129.31
1123.91
1127.03
1128.07
1139.6
1142.48
1167.91
1171.16
1183.89
1165.04
1145.57
1150.97
1158.29
1142.89
1127.54
1134.13
1122.48
1120.81
1129.92
1138.8
1136.7
1140.11
1128.29
1119.77
1125.57
1120.4
1128.44
1128.52
1134.21
1117.13
1113.19
1108.86
1116.42
1125.56
1113.35
1134.04
1130
1124.9
1134.22
1120.92
1142.27
1149.81
1154.54
1135.43
1150.14
1150.85
1149.77
1145.18
1137.56
1150.65
1138.29
1134.92
1128.4
1101.64
1126.86
1129.49
1125.49
1111.64
1111.74
1126.32
1121.09
1107.08
1098.73
1107.73
1099.34
1111.88
1108.12
1121.6
1101.81
1105.85
1114.69
1125.54
1117.21
1122.06
1104.69
1122.58
1127.77
1135.52
1114.08
1111.92
1112.81
1110.56
1111.57
1106.68
1099.71
1100.05
1091.59
1088.88
1102.7
1107.36
1094.71
1096.48
1111.5
1099.63
1110.32
1100.34
1112.81
1111.54
1105.11
1106.24
1111.07
1116.09
1117.07
1121.49
1112.02
1109.07
1097.38
1101.35
1102.6
1108.76
1115.36
1123.54
1101.36
1107.65
1100.13
1099.25
1109.08
1084.39
1073.58
1082.08
1092.4
1087.63
1066.24
1059.31
1077.43
1059.97
1064.02
1065.52
1067.28
1059.29
1067.25
1060.79
1053.68
1061.16
1060.84
1060.89
1050.79
1059.47
1059.2
1039.29
1059.8
1059.81
1053.08
1057.8
1059.38
1057.05
1055.9
1073.32
1056.07
1064.47
1074.85
1071.4
1056.76
1044.92
1042.08
1033.17
1037.23
1037.2
1048.12
1046.45
1040.69
1044.97
1045.83
1035.69
1034.11
1035.03
1016.39
1027.78
1021.71
1020.83
1018.15
1008.53
1002.57
1008.64
1007.32
1015.87
1013.48
1016.78
1026.77
1018.25
1022.15
1017.53
1015.45
1019.32
1018.9
1025.77
1019.35
1018.88
1003.1
1008.56
1000.73
1000.38
1000.4
1000.43
1004.29
1009.49
1000.08
998.834
997.825
998.125
1007.98
1012.36
1010.35
1006.86
1007.11
1001.1
1004.89
1009.67
1003.08
1003.58
1010.76
1007.51
1006.45
1000.97
999.884
1011.04
1010.92
1005.53
1015.75
1011.3
1000.72
998.047
1000.06
998.345
995.082
997.357
997.65
998.477
1002.87
1000.26
1003.13
999.067
998.926
990.653
994.904
985.544
983.755
987.563
981.348
987.236
1006.45
996.644
993.836
980.288
984.357
984.499
989.995
984.955
984.798
993.331
990.935
994.064
998.455
990.352
986.133
981.646
985.412
975.579
975.359
982.764
982.572
975.672
973.133
979.269
974.058
971.633
978.494
991.497
994.661
994.364
992.681
1000.78
991.022
997.175
998.256
987.533
992.375
992.909
989.549
984.316
991.808
982.875
982.739
995.579
984.587
983.404
981.528
980.783
984.316
981.779
987.318
1001.86
993.505
990.105
993.433
988.318
989.064
989.715
988.801
992.255
992.144
980.557
982.224
977.757
974.18
981.126
975.622
980.561
987.316
985.592
980.539
974.253
985.138
975.845
969.824
973.882
970.11
970.473
964.819
958.834
961.813
968.59
963.396
970.188
967.4
969.335
972.145
972.5
967.536
964.101
959.463
953.553
955.15
955.012
950.752
956.72
956.572
962.297
962.917
955.157
947.271
953.106
946.821
950.3
946.517
950.291
952.515
946.294
947.208
952.377
950.874
951.376
949.057
950.405
950.843
955.703
957.423
956.504
947.526
945.021
947.526
942.883
942.343
943.82
941.86
940.566
936.997
945.209
943.011
937.676
936.094
939.61
938.239
938.308
937.34
945.185
950.049
942.077
943.054
937.902
931.885
929.469
930.714
931.224
932.332
940.444
941.438
939.104
937.917
940.352
949.028
950.133
942.18
942.991
944.958
949.515
946.347
944.138
938.075
933.4
932.011
928.796
928.38
922.858
922.658
922.139
923.79
922.031
919.286
919.091
921.437
925.772
926.637
929.568
930.052
927.219
928.395
930.168
933.441
929.75
927.732
924.395
922.053
922.749
919.37
916.904
910.458
911.521
911.036
915.432
913.196
910.884
907.503
910.684
907.091
906.444
902.459
903.692
899.576
897.206
894.626
893.805
894.975
896.66
899.874
896.93
897.007
900.492
900.969
898.427
903.097
894.595
892.722
895.18
899.757
892.276
893.819
895.471
894.527
896.124
895.471
894.14
892.827
895.396
888.929
891.271
895.978
894.896
892.23
890.092
890.6
892.935
888.538
885.573
880.781
884.587
887.525
892.392
880.111
881.776
880.292
877.887
877.434
875.707
885.021
883.885
881.748
878.771
877.851
877.851
880.447
880.644
884.555
883.877
881.325
880.715
878.455
878.48
877.698
874.052
869.414
870.403
871.346
872.585
873.899
873.97
871.798
871.22
867.132
863.867
864.381
863.217
861.579
861.698
860.132
858.833
857.48
859.724
857.663
857.7
857.89
857.319
852.471
858.445
855.86
855.769
855.642
856.439
861.407
866.81
865.072
861.776
862.194
856.664
858.789
855.888
856.546
857.487
852.492
851.925
847.052
848.28
851.498
853.439
860.185
853.627
853.764
846.135
848.826
848.61
846.359
850.762
849.712
845.371
840.934
840.239
841.491
841.563
840.348
837.704
837.818
842.236
841.997
841.088
843.855
843.908
844.037
845.207
844.639
842.485
845.452
843.551
844.212
842.211
839.854
844.39
840.731
838.84
834.5
833.835
833.325
832.511
832.977
831.068
829.789
831.188
832.609
830.167
826.168
827.85
823.97
827.295
829.675
830.011
825.267
824.631
827.424
829.398
827.974
829.701
829.874
830.779
829.049
826.046
831.064
832.776
835.205
830.149
833.059
832.201
835.218
834.681
834.9
832.133
828.825
829.811
830.726
830.634
830.005
828.939
822.691
822.846
823.236
824.539
824.537
822.131
827.477
825.013
823.931
823.036
822.268
822.932
822.517
821.601
821.408
819.771
818.674
818.335
820.352
820.51
818.423
819.328
820.01
821.889
824.859
823.686
825.677
826.758
824.167
824.441
823.294
824.528
821.016
818.424
817.573
817.243
817.635
819.678
813.874
814.146
814.951
814.501
814.931
812.719
814.438
809.694
810.935
808.686
805.634
805.729
805.254
807.417
806.914
805.229
805.097
806.322
806.718
806.984
803.712
804.332
801.645
802.597
802.01
801.724
803.311
805.599
804.485
803.56
805.374
804.153
805.07
801.321
798.484
799.643
799.828
797.866
799.02
798.6
799.795
796.485
793.815
792.608
794.415
794.049
795.385
793.5
794.1
793.26
794.692
795.538
797.189
796.802
800.132
800.025
798.509
797.261
797.524
796.224
796.034
796.344
795.632
796.789
794.847
793.941
794.436
795.106
792.882
793.088
793.614
792.297
793.467
792.238
792.473
792.695
792.785
791.67
790.833
792.417
791.923
790.676
791.942
789.816
789.433
790.733
792.763
793.741
791.705
792.007
791.255
790.253
789.772
791.79
789.944
790.317
791.095
792.823
791.81
789.85
790.559
788.979
790.302
788.069
786.907
784.002
784.252
786.931
786.225
785.958
785.787
782.467
782.071
782.11
782.109
783.783
784.771
783.021
784.02
784.71
782.641
783.541
785.047
785.718
780.977
780.518
781.544
781.811
781.654
780.528
782.452
780.749
780.476
779.81
779.604
779.775
781.04
780.337
779.109
776.848
778.633
779.567
782.325
781.479
780.604
778.228
777.568
780.283
779.244
779.296
778.815
778.061
778.155
776.227
775.824
776.129
775.847
776.358
777.159
777.688
775.108
774.782
773.705
773.852
773.413
774.058
773.094
771.942
772.858
770.165
771.74
773.001
771.775
770.523
771.476
770.107
769.566
766.544
766.639
766.284
765.774
767.2
766.423
767.62
766.71
765.628
765.558
765.47
765.848
766.311
765.036
766.007
766.321
766.176
765.789
765.193
763.551
766.395
764.349
765.324
763.227
762.714
762.441
762.876
764.96
764.274
763.699
761.771
762.22
763.42
763.628
762.112
761.894
763.166
763.296
763.982
763.981
764.113
763.077
762.659
764.391
763.808
764.386
763.378
763.21
762.425
762.289
761.111
760.585
759.938
760.354
761.042
761.444
761.88
761.495
761.837
762.019
760.262
759.746
759.547
759.706
759.704
760.411
758.937
757.829
759.207
758.568
758.634
760.721
760.579
760.469
759.488
759.884
759.999
759.882
758.472
759.238
759.129
759.725
759.991
759.469
758.36
758.912
758.977
759.399
758.183
759.502
760.538
759.238
759.578
758.697
760.059
759.465
758.913
758.916
758.807
758.817
759.936
759.471
760.261
758.919
759.112
757.034
756.319
757.058
756.264
756.423
757.674
758.203
757.996
757.696
757.236
758.186
756.652
755.867
755.778
755.154
754.231
754.355
753.865
753.704
753.757
753.257
752.659
751.992
751.788
751.996
752.859
752.476
752.245
751.507
751.512
750.366
751.192
751.181
751.347
751.978
751.294
751.698
751.734
752.24
752.958
753.498
752.223
751.633
752.202
751.889
751.211
751.722
752.107
752.453
753.414
754.51
753.13
753.081
752.742
753.383
752.947
752.647
753.002
753.417
752.949
752.396
752.251
751.991
752.122
753.024
752.067
750.624
751.213
750.25
749.451
749.959
749.839
748.621
748.092
747.697
748.503
748.275
747.573
748.112
748.462
748.576
747.851
748.431
749.202
749.735
749.638
747.954
748.261
748.319
746.887
746.442
745.764
746.218
745.933
746.588
746.275
746.025
745.618
744.684
744.598
744.064
744.639
745.508
745.559
745.392
745.4
745.029
745.977
744.348
744.531
