Mut_X Mut_Y Mut_Size Mut_Rot Mut_R Mut_G Mut_B Mut_Type Time_Sec
57646 56371 66570 59599 66820 66440 66525 55469 1637.46
0 0 0 0 0 0 0 0 1637.46
--- Historial MSE por cambio de temperatura ---
17811.9
17647.8
17806.3
17540.5
17344.5
17139.7
17225
17221.4
17045.4
16930
16762.4
16482.2
16756
16889.2
17037.7
17144.2
17110.4
17033.3
16723.1
16898
16737.5
17127.4
17060
16821.1
16405.4
16243.8
16570.4
16625.3
16670.2
16932.6
16946.4
16975.7
16763
16607.9
16850.6
16856
16244.5
16395
16258.3
16425.3
16061.2
16173.4
16159
16295.8
16760.2
16653.6
16893.9
16772.7
16972.1
16913.6
16807.5
16996
16788.8
16429
15924.8
16311.6
16275.2
16231
16093.7
15802.4
16014.3
15936.6
15731.6
15256.4
15204.9
15350.3
15406.3
15343.3
15561.8
15679.4
15664.7
15566.3
15944.9
16059.8
16002
16098.6
15880
15330.7
15532.3
15626.5
16054.9
15455.2
15715.5
15713.1
15768.3
15989.6
15893.4
15652.5
15475.6
15371.5
15627.5
16047
16137.1
16305.5
16245.9
16075.4
16063.3
16471.6
16325.1
16545.9
16486.9
16274.8
15986.8
16107.9
15661.9
15822.4
15886
15908.7
16055.8
16145.8
16238.3
16179.6
16184.5
15997.9
16014.4
15768.5
15879.1
15273.1
15351.9
15106.1
15488.5
15781.5
15542.9
15396.7
15707.5
15608.4
15222.9
15642.4
15326.9
15506.2
15608.2
15383.7
15472.5
15534
15344.8
15557.9
15676.9
16133
15846
15557
15583.6
15733.4
15999.2
15960.5
16017.4
15475.4
15905
15846.5
15961.9
15843.2
15976.4
15946.6
16046.5
15694.8
15891.5
15893.4
16157.8
16500.2
16608.2
16217.5
16067.7
16149.2
15534.2
15471.9
15520.2
15515.3
15345.3
15609.4
15546.1
15434.3
15450.4
15603.1
15395.9
15281.8
15281.7
15422.8
15167.1
15343.8
15279
14965.5
15149.1
15159.3
15006.1
15067.1
15451.2
15191.8
14664.9
15033.1
15108.1
15215.1
14835.6
14689.8
14417.8
14461.2
14662.4
14372.8
14232.5
14783.2
15486.5
15283.9
15250.3
14990.3
15008
14847.9
14775.9
14790.7
14713.8
14747.2
14516.5
14419.2
14355.1
14197.5
14271.1
14424.4
14832.5
14847
14606.7
14664
14603.4
14243.3
13696.7
14729
14840.6
14607.4
14655.9
14965.5
15246.9
15512.5
15426.8
14529
14412.9
14457.6
14099.5
13952.1
14438.5
13879.5
13998.3
13869.6
13817.7
13918.3
14336.1
13660.7
13767.3
13861.6
13558.4
13758.9
13749.1
13898.9
13493.6
13676.4
13962.5
14385.2
14611.7
15022.6
15253.8
15168.9
15101.5
14877
14522.7
14593.6
13989.7
14554
14191.8
14803.2
15550.7
15278.4
15652.7
14760.7
14864.7
14631.7
15076.1
15283.3
14971.9
14670
14677
14671.6
14812.8
14909.9
14662.3
14463.6
14168.9
14135.6
13762.6
13779.5
14136.7
14391.8
14344.4
14031.6
13911.3
13288
13429.9
13401.4
13552.6
13677.4
13754.9
13601.1
13932.3
13818.2
14045.2
13647.2
13750.9
13791.1
13632
13666.6
14247.7
13975.6
13594.8
13045.6
13412.6
12984.4
12913.6
12861
13295
13101.6
13343.6
13121.1
13029
13235.1
13243.6
13195.8
12870.9
13119.3
13185.8
13439.3
13378.6
13259
13325.6
13217.5
13047.5
13191.4
13239.2
12907.1
13155.7
13370.8
13247.4
13102.1
13450.7
13752.7
13572.6
13574.5
13342.8
13331.9
13093.5
13060.3
13115.6
13327.2
13408.8
13704.7
13426.7
13787.8
13682.7
13823.6
13533.2
13829.7
13398.3
13483.5
13566.3
13314.8
13456.4
13669.9
13808.9
13711.8
13838.6
14280
13777.2
13886.2
13550
13685.5
13521.8
13324
13485
13706.1
14348.8
13988.9
14023.7
13720.8
13526.4
13630.3
13568
14449.3
14167.1
14140.3
14063.7
13722.1
13379
13741.7
13916.7
13788.7
13863.6
13744.9
13336.8
13163.8
13045.7
13480
14008.1
13814.6
14023.6
13892.8
14022.6
13723.5
13598.1
13793.9
13768.2
13893
13746.6
13800.3
13574.2
13533.3
13704.6
13583.3
13705.7
13439.4
13735.4
13496.7
13432.7
13382.9
13645.8
14155
14091.4
14104.5
13936.2
13794.1
14207.5
13256.7
13091
13294.9
13488
13083.3
12849.7
12669.3
12869.8
12557.8
12666.6
13030.7
13065.4
13229.7
13149.2
13097.6
13199
13012.7
12763.5
13172.6
12838.1
13116
12916.8
12537.2
12267.3
12772.4
12882.7
12688.2
12386.8
12828
12756
12273.8
12508.3
12447.6
12484.6
12474
12574.6
12652.9
13288.1
13186.9
12956.4
12964.2
12850
12589.8
12355.4
12498.8
12460.8
12513.8
13099.3
13473
13236.1
13411.9
13017.2
12308.2
12839.2
13204.3
13132
13770.2
13822.3
13498.8
12926.1
13175.8
13162.7
13380.9
13399.6
13546
13685.1
13680.8
12952.8
12859.4
13576.2
13105.4
12983
12748.4
13043.3
13096.8
13101.7
12851
13406.4
13884.9
13501
13303.2
13275.2
13630.2
13614.3
13884.9
13894.9
13799.6
14078.9
13974.7
14198.7
13811.9
13858.2
13534.3
13884
13735.1
13971.7
13547.3
13099.8
13565.2
13424
12960.4
13492.6
13314.2
13701.7
13436.1
13333.8
13441.1
13669.6
13712.8
13504.3
13539.1
13898
13933.9
14202.5
14236.9
14141.2
14077.6
13742.1
14103.6
14226.4
13760.4
13625.2
13537.1
13516.3
13122.8
13315.8
13041.7
13050.7
12804.9
12838.1
12708.3
12220.8
12544.3
12305
11915.1
12393.1
12144.8
12037.1
11992.1
12143.8
12429.1
12329.2
12738.4
12094.9
11706.9
11842.1
11841.1
12247.7
12410.9
12744.5
12129.1
12446.1
12337.2
12584
12565.5
12344.2
11713
11860.4
11750.4
11974.8
11775.3
11539.7
11524.7
11243.3
11907.2
11675.1
11346.9
11153.7
11232.6
11216.2
10946.7
11449.3
11089.2
10629.1
11420.3
11059.4
12062.2
11865.8
11233.2
11316.2
10769.7
10678.5
10518.8
10930.6
10884
10470.4
10526.6
11525
11060.8
11010.7
11353.3
11245.6
11507.8
10963.3
10611.4
10751.6
10938.6
11335.3
11595.9
11242.2
11407.6
11117.4
11874.5
11278
11758.7
11793.4
11641.4
11673.5
11369.4
11429.2
11774.3
11187.9
11298.5
11376.5
11433.8
11431.2
11081.6
11317.5
10998.8
10884.3
10904.4
11604.4
11426
10968.3
10897.7
11608.4
12058.8
12087.1
12548.8
12025.7
12183.6
12294.5
12364.6
12425.8
12678.9
12755.6
12652.6
12208.4
12270.1
11564.3
11402.4
11573.1
11627.7
12274
12450.6
12997.4
13004
12556.9
12882.6
12468.1
13450.7
12610.2
12695.9
12422.2
12028.8
12281.1
12922.2
12743.9
12729.6
13013.1
12567.5
12336.3
12681.9
12066.4
12329.4
12841.6
12080.8
12362.2
12611.5
12469.1
12246.1
11856.6
12146.5
12343.6
11304.8
11307.9
11414.9
12374.5
11957.3
12085.3
11820.5
11920.7
12000.1
12125.1
11797.2
11720.2
11748.3
12061.5
12131.6
11289.5
11294.2
11935.3
12083.6
11736.4
11989.3
11686
11097.1
11469.4
11060.3
11467.5
11716.7
10793.7
11063.4
11131
11821.3
11695.2
11299.8
11916
11882.3
11922.2
11993.6
12652
11886
11421.5
11259.8
11162.6
11638.6
11398.4
11679.2
11996.7
11960.8
12098
12512
12280.1
12490.9
12363.9
12174.2
11722
11726.4
11665.3
11447.2
11593
11366.8
11164.2
11160.7
11074.3
11227.7
10934.1
11331.4
11076.4
11024.9
10143
10361.2
10086.2
10390.4
10318.2
10357.8
10111.6
10111.9
10712.1
10051
10365.4
10219
10672.4
10655.5
10931.4
10335.5
9813.55
9640.08
9485.92
9537.09
9553.36
9074.73
9617.91
10145.8
10267.6
10124
10129.5
10146.8
10059.8
10148.6
10028.7
9835.92
9785.97
10320.2
10306
10417.6
10461.2
10416.9
10684.1
10758.6
10484.9
10521.9
10638.7
10563.3
10765.3
10587.4
11115.4
11345.5
11171.7
11597.4
11899
11569
11295.6
10811.8
10101.4
9800.63
9765.16
9176.49
9541.61
9690.75
10073.6
10375
10253.5
10015.7
10589.8
10327
10186.4
9581.74
9852.03
9971.27
9608
9727.42
9820.61
9483.91
9045.88
9302.1
9557.23
9944.39
9992.23
9438.84
9014.03
9033.31
9247.82
8709.7
8835.43
8887.22
9535.89
9614.24
9603.61
9713.86
9820.3
8904.18
9013.56
8930.7
9062.99
8966.41
9022.79
8407.12
8660.83
8946.6
8980.55
8453.64
8333.83
8107.17
8231.27
8364.21
8400.48
8028.16
7820.65
8109.4
8227.31
7817.06
7918.21
7812.77
8344.6
8224.47
8455.25
8345.43
8358.57
8998.37
8958.48
8453.95
8114.75
8555.65
8288.94
8295.6
8273.82
8489.64
8254.32
8735.16
8438.94
8578.45
8827.52
8808.66
9134.07
9108.22
8838.7
8930.7
9169.9
8858.53
8960.47
8760.64
9113.12
8987.77
9187.32
9457.96
9387.35
9264.51
9467.63
9097.55
9069.35
8866.53
8772.97
9092.63
8757.5
8688.02
8221.17
8189.71
8219.96
8166.05
8807.9
8919.21
9023.53
8648.42
8543.36
8846.25
9137.66
8477.19
8213.67
8713.62
9017.56
8469.5
8133.2
7843.32
8259.06
7859.99
7717.14
7788.4
7772.32
7646.57
7539.14
8007.25
7910.52
7916.54
8101.37
8355.73
8042.25
8149.03
7843.58
7969.22
8035.32
7674.49
8008.71
7862.88
8103.07
8278.52
8404.16
8290.13
7997.37
7968.13
7657.45
7647.06
7529.19
7788.49
7794.42
7526.34
7766.02
7987.95
8175.4
8366.68
7924.33
7913.8
7990.88
8018.49
8099.49
7851.71
8027.5
7731.75
7736.22
7635.31
7378.04
7753.39
7754.91
7531.42
7610.46
7536.61
7485.72
7395.84
7492.75
7386.72
7419.26
7412.13
7302.36
7427.69
7265.79
7135.67
7046.28
7072.14
6894.41
6822.55
6794.6
7010.87
6579.19
6455.74
6520.19
6520.46
6317.77
6285.31
6123.2
6042.39
6078.73
5981.12
5919.36
6116.66
6016.4
5934.16
6063.85
5849.89
5698.49
5864.7
5507.13
5401.15
5279.98
5234.21
5165.09
5282.38
5198.55
5032.41
5200.36
5399.83
5415.04
5275.08
5226.2
4989.54
4948.49
4924.11
4971.74
4966.66
4748.09
4925.98
4909.33
5031.22
5189.01
5119.59
5147.76
5224.15
5294.41
4979.36
5116.52
5177.55
4882.56
4872.16
4906.67
5163.1
4957.2
4843.87
4802.17
4796.66
4760.66
4580.79
4800.13
4764.17
4838.21
4743.59
4747.67
4804.17
4953.52
4972.38
4943.17
4874.13
4877.68
4736.68
4735.87
4809.69
4863.61
5062.07
4996.77
5063.64
5023.85
4549.24
4654
4482.94
4450.39
4463.1
4490.89
4518.37
4435
4390.87
4448.08
4153.55
4083.78
4083.7
4055.73
3871.02
3833.37
3912.2
3854.06
3861.92
3822.13
3751.75
3927.93
3902.61
3810.58
3863.8
3716.18
3767.86
3714.7
3874.33
4056.81
4067.94
4062.29
3951.87
3695.21
3855.11
4016.36
3659.94
3793.08
3793.82
3815.16
3826.83
3780.14
3675.09
3536.28
3540.2
3590.43
3652.03
3959.23
4022.44
3959.1
3911.68
4035.19
3938.94
3967.49
4120.34
3879.03
3786.22
3698.69
3726.37
3771.05
3596.54
3506.84
3350.12
3170.06
3403.38
3376.42
3403.98
3285.34
3293.25
3193.72
3036.76
3092.46
3145.72
3145.44
3289.16
3355.95
3319.86
3156.18
3029.43
3002.3
2959.77
2889.48
3043.98
2937.28
2869.43
2980.4
2972.75
3106.3
2975.83
2953.99
3120.13
2923.68
2927.67
2891.55
2968.53
3000.96
2972.95
3084.07
3056.05
2991.98
3170.32
3144.9
3065.46
2918.15
2959.99
2905.4
2839.73
2936
2771.4
2694.86
2689.87
2684.08
2803.06
2665.63
2645.95
2620.83
2709.41
2669.74
2645.81
2763.11
2694.86
2616.33
2661.66
2575.54
2593.27
2663.87
2575.56
2604.21
2551.47
2636.42
2691.78
2633.66
2570.52
2724.25
2550.54
2616.63
2520.13
2643.8
2606.37
2623.32
2585.23
2593.35
2524.59
2467.91
2446.15
2461.37
2397.21
2358.36
2271.96
2389.72
2482.37
2512.67
2515.34
2562.58
2467.7
2446.76
2232.9
2237.82
2305.79
2247.09
2257.5
2240.13
2248.06
2382.91
2365.97
2428.15
2449
2384.03
2326.67
2290.92
2266.78
2288.09
2330.74
2224.6
2128.14
2173.15
2257.17
2246.81
2241.06
2293.53
2328.5
2237.68
2302.63
2330.17
2245.59
2197.69
2235.6
2281.4
2311.8
2257.5
2278
2276.73
2333.46
2345.98
2350.87
2265.21
2230.53
2169.11
2210.75
2261
2305.86
2307.03
2392.66
2424.15
2428.2
2371.88
2356.01
2337.69
2452.06
2481.56
2531.61
2517.98
2509.36
2478.89
2476.44
2435.19
2379.58
2366.52
2409.25
2343.19
2398.64
2337.4
2393.54
2410.59
2406.96
2383.44
2547.99
2524.88
2457.1
2527.52
2483.19
2509.58
2529.95
2535.61
2486.15
2479.74
2406.95
2378.4
2421.38
2303.99
2299.47
2398.75
2447.67
2435.88
2436.82
2419.87
2333.15
2303.36
2320.62
2268.11
2271.56
2304.93
2257.87
2187.97
2200.39
2186.39
2246.01
2242.95
2249.94
2288.29
2281.39
2281.74
2216.95
2131.18
2098.08
2134.54
2074.11
2047.47
2028.87
1990.07
1990.04
1988.73
2073.52
2095.63
2096.53
2056.69
2043.52
2039.27
2005.16
1975.04
2022.27
1976.56
1941.35
1977.46
1943.22
2014.6
2031.59
2042.27
1973.45
1918.12
1905.77
1850.62
1887.83
1894.88
2005.46
2036.23
2017.94
2013.21
2040.11
2041.94
2021.26
2008.63
2034.84
2051.48
2048.68
2059.9
2098.01
2062.14
2050.99
2092.09
2023.08
2095.53
2015.36
1967.01
1975.64
1964.92
1990.45
2021.22
2002.32
2001.02
1971.04
1973.39
1930.14
1963.87
1873.93
1967.81
1964.83
1964.82
1972.56
2009.96
1985.3
1976.35
2005.18
1942.04
1947.22
1960.75
1988.5
1990.75
1972.83
1980.71
1977.7
2019.7
2013.1
2002.25
1961.01
1931.98
1903.54
1896.93
1911.75
1878.31
1827.74
1814.01
1801.32
1850.58
1910.6
1867.97
1863.01
1843.9
1866.62
1931.99
1825.5
1781.28
1797.35
1751.52
1702.03
1697.37
1762.2
1759
1757.75
1805.47
1801.16
1739.64
1697.71
1674.59
1747.39
1736.8
1772.24
1741.84
1716.56
1687.57
1707.35
1713.64
1748.88
1749.61
1752.71
1779.76
1776.55
1785.9
1760.61
1738.81
1758.18
1772.36
1778.85
1748.22
1748.28
1773.58
1785.8
1755.54
1706.02
1725.9
1663.66
1662.15
1660.42
1717.92
1687.89
1677.99
1666.81
1653.5
1675.86
1646.72
1640.76
1590.1
1606.64
1573.09
1598.65
1611.12
1617.68
1626.91
1598.86
1592.05
1604.47
1570.68
1592.13
1609.97
1624.4
1560.49
1554.68
1521.37
1536.17
1519.92
1528.57
1543.26
1581.7
1543.97
1509.11
1506.92
1500.22
1508.55
1496.79
1474.26
1496.84
1484.89
1496.98
1494.3
1521.37
1520.12
1545.48
1555.38
1545.03
1540.9
1512.03
1515.51
1512.39
1506.56
1488.67
1503.23
1478.42
1433.81
1449.13
1423.21
1430.42
1425.82
1438.73
1436.22
1438.94
1436.82
1439.29
1394.19
1391.67
1393.97
1410.3
1399.99
1392.64
1409.48
1453.89
1456.3
1443.71
1464.23
1416.07
1436.72
1404.35
1404.71
1384.23
1404.73
1396.63
1404.19
1412.05
1429.22
1442.04
1442.43
1457.79
1427.96
1430.18
1445.31
1417.06
1398.76
1367.53
1380.67
1373.91
1363.31
1359.37
1372.41
1375.2
1363.67
1381.22
1357.65
1345.96
1359.87
1374.23
1365.35
1373.91
1357.45
1367.6
1362.22
1346.45
1333.39
1320.98
1327.45
1335.23
1344.93
1364.7
1347.33
1333.39
1362.33
1356.9
1348.85
1330.24
1318.02
1347.56
1328.85
1331.43
1335.46
1346.99
1344.84
1332.95
1331.67
1332.29
1327.52
1320.06
1304.97
1309.09
1302.83
1289.76
1274.93
1293.6
1291.75
1296.98
1289.1
1285.87
1286.53
1300.51
1310.6
1309.87
1310.65
1309.24
1286.48
1292.11
1332.91
1309.76
1315.64
1325.9
1310.47
1312.5
1329.26
1292.02
1276.4
1282.93
1281.36
1290.05
1297.12
1306.99
1294.58
1309.61
1320.16
1321.37
1304.31
1289.04
1291.06
1288.63
1284.55
1294.57
1283.77
1280.88
1273.54
1267.76
1260.9
1269.75
1270.32
1275.38
1268.78
1253.21
1243.39
1238.99
1241.77
1239.66
1247.95
1241.69
1238.46
1252.75
1244.02
1254.15
1253.94
1243.71
1244.61
1241.87
1237.75
1242.1
1250.96
1244.91
1226.6
1237.26
1224.89
1229.88
1210.56
1208.8
1193.88
1189.15
1197.12
1198.74
1208.09
1207.24
1203.41
1200.79
1188.73
1177.51
1186.25
1190.01
1206.59
1207.68
1214.03
1205.76
1201.27
1185.77
1186.58
1178.5
1173.31
1172.88
1174.65
1180.7
1180.52
1163.53
1157.49
1160.88
1152.44
1165.61
1164.39
1155.43
1145.11
1151.98
1138.35
1136.65
1133.6
1126.86
1134.04
1121.41
1130.66
1124
1129.36
1122.42
1134.89
1132.05
1138.29
1148.22
1148.83
1138.9
1139.73
1132.93
1129.53
1125.8
1145.13
1147.4
1138.03
1133.27
1125.48
1124.75
1129.01
1132.22
1138.63
1136.73
1139.92
1150.52
1149.59
1147.05
1148.99
1156.91
1147.02
1157.68
1157.79
1165.72
1150.72
1160.93
1157.61
1139.85
1145.61
1145.89
1151.69
1145.12
1139.55
1137.09
1125.61
1136.74
1126.09
1112.73
1114.38
1119.42
1111.08
1108.02
1103.95
1109.86
1108.96
1111.75
1109.05
1110.74
1106.78
1098.83
1088.81
1098.05
1095.01
1099.4
1094.6
1102.62
1111.54
1102.42
1107.84
1098.32
1103.35
1105.01
1102.94
1104.66
1106.85
1107.94
1102.16
1102.91
1108.59
1103.43
1092.4
1086.22
1085.82
1080
1087.71
1084.04
1089.25
1102.75
1097.9
1098.2
1093.24
1099.39
1093.68
1091.42
1088.21
1091.29
1087.91
1094.11
1081.8
1077.25
1076.63
1077.41
1070.14
1078.01
1071.44
1073.7
1079.58
1082.11
1082.08
1072.31
1058.49
1054.52
1048.15
1043.1
1050.67
1054.49
1053.17
1055.44
1059.68
1062.34
1066.42
1055.68
1062.56
1066.55
1061.63
1058.56
1057.76
1058.51
1056.94
1064.11
1055.64
1059.25
1055.49
1049.47
1050.11
1042.89
1048.01
1046.85
1043.58
1038.29
1037.52
1027.4
1029.24
1028.34
1028.61
1026.27
1022.47
1025.08
1024.93
1024.14
1028.44
1027.04
1024.42
1027.21
1022.61
1027.54
1027.91
1022.22
1019.24
1016.06
1015.12
1008.66
1006.87
1003.98
1007.3
1005.94
1002.02
1002.7
998.684
997.605
994.796
997.828
996.759
997.569
992.388
993.954
1000.12
990.393
987.781
990.892
987.929
983.217
985.785
986.748
983.632
991.408
989.291
988.328
985.78
983.835
984.823
980.067
977.98
983.932
979.569
976.358
978.415
977.409
976.466
975.773
976.998
971.539
971.951
978.162
974.662
976.716
977.16
967.49
966.842
970.966
971.447
967.023
967.356
965.511
971.144
968.333
965.786
968.582
968.072
966.399
962.245
966.109
961.7
959.06
960.583
957.472
955.968
955.244
954.915
952.901
952.496
951.964
955.54
956.478
956.799
956.091
959.042
954.63
949.429
951.454
952.41
947.995
942.807
945.133
939.66
939.311
939.764
941.217
939.781
941.008
937.86
939.109
936.646
935.538
937.152
936.29
937.534
938.816
937.045
936.334
936.844
935.147
933.246
936.084
936.899
937.821
940.744
937.865
937.467
935.969
932.725
932.684
937.247
932.079
932.576
933.336
935.303
933.116
930.742
929.22
929.463
930.762
926.108
925.018
923.398
923.086
922.543
926.444
927.189
925.933
924.761
923.327
921.874
924.879
926.465
925.878
926.814
923.884
926.627
923.008
925.003
926.012
927.324
926.922
927.36
924.678
925.238
925.469
923.175
922.104
921.535
920.417
921.873
920.497
918.84
920.743
916.567
916.243
914.781
914.587
912.724
914.169
913.367
911.191
911.836
911.407
911.91
912.629
913.153
912.486
914.411
912.972
914.449
910.642
910.066
905.364
903.018
900.952
900.48
898.715
899.149
901.088
900.25
899.766
898.862
895.456
895.589
898.881
897.293
897.152
895.717
894.49
894.715
894.375
893.405
893.216
893.368
893.739
894.341
891.86
893.124
892.664
895.25
895.748
895.242
895.476
897.167
895.51
895.646
896.307
895.566
896.03
895.668
894.727
892.084
891.006
891.596
890.244
891.858
891.255
889.979
889.718
889.364
888.995
889.373
889.41
889.331
887.845
888.956
889.897
891.11
889.622
888.481
887.901
885.078
885.867
884.887
886
889.121
887.942
882.384
884.886
884.231
884.454
885.962
885.567
885.235
886.337
887.202
885.318
886.636
885.748
882.681
884.099
885.117
883.197
881.087
879.874
879.622
878.81
879.448
879.013
877.472
877.77
878.571
878.014
880.564
881.148
880.686
877.931
879.77
877.928
876.12
876.4
876.195
876.16
876.506
874.979
873.941
874.207
874.338
873.718
874.108
873.224
874.344
873.894
874.632
874.189
874.135
873.17
873.413
872.597
870.52
871.537
870.736
871.324
871.701
872.579
871.7
871.156
871.661
871.809
871.712
871.231
871.09
870.738
870.12
870.162
870.054
870.762
870.989
870.732
869.928
870.252
868.876
868.432
867.858
867.459
867.999
869.272
869.836
869.871
869.011
868.329
869.042
869.177
868.156
868.338
866.871
866.844
865.933
866.654
865.692
865.925
864.821
864.465
863.826
863.721
863.806
862.559
861.751
861.044
860.381
859.104
857.046
856.737
856.817
856.836
857.156
856.812
857.524
855.625
856.329
855.989
855.654
856.008
855.822
856.389
855.297
855.056
855.188
855.698
855.438
855.181
854.549
853.977
856.133
854.739
854.962
854.713
854.255
854.075
853.798
853.991
854.549
853.732
853.426
852.258
851.067
851.834
851.645
851.251
850.455
849.848
849.495
848.703
848.117
848.475
850.085
849.971
849.955
849.913
848.318
847.129
846.64
846.683
846.856
846.712
846.899
