Mut_X Mut_Y Mut_Size Mut_Rot Mut_R Mut_G Mut_B Mut_Type Time_Sec
73230 71609 83690 74624 82954 83084 83004 69383 2186.45
0 0 0 0 0 0 0 0 2186.45
--- Historial MSE por cambio de temperatura ---
17038.1
17182.9
17174.1
17069.8
17085.2
17250.8
17186.9
17181.1
17248.8
17050.7
17303.8
17455.9
17117.9
17008.7
17125
17265.8
17435.5
17147.4
17103.2
17035.9
17141.6
17265.9
17422.6
17149.2
17328.6
17037.1
17143.7
17079.3
17063.8
16901.2
17317.6
17143
17121.5
17017.4
17050.5
17130.8
16919.6
16966.2
17032.7
16409
16739.5
16835.9
16893.6
16904.5
17184.3
17187.6
17112.2
17275
16954.1
17103.2
16820.6
16652.2
16215.5
16445.5
16495.9
16659.3
16630.1
16625
16891.1
16834.8
16708
16805
16685.5
16560
16721.6
16584.3
16712.8
16563.1
16414
17006.3
16741.8
16644.3
16673.9
16534.8
16664.6
16816.3
16461.4
16628.2
16734.2
16754.1
16811.8
16812.9
16898.2
17008.7
16775.7
16723.8
16793.9
16628.5
16594.8
16466.8
16633
16849.5
16701.1
16424.8
16156.3
16579.6
16742.7
16653.4
16703.6
16808.3
16563.4
16246.1
16225
16295.9
16543.7
16821.6
16500.3
16264.4
16620.5
16488.9
16725.1
16270.5
16163.1
16660.5
16393.8
16314.9
16426.3
16846.7
17073
16688.5
16811.4
16857.5
16901.5
16996
16960.3
16897
17268.8
17136.5
17016.7
16946.2
16815.4
16796.2
16729.4
16555.8
16121.9
16334.4
16248.7
16034
16101.8
15878.7
15654.7
16289.8
16654.7
16740.7
16227.1
16264.2
16356.2
16745.7
16773.6
16479.4
16472.3
16662.9
16543.8
16306.5
16246.2
16303.6
16272.2
16843.3
16803.3
16695.5
16341.9
16302.6
16290
16691.8
16856.6
16885.6
16803.5
16232.9
16159.9
15998.3
16253.2
16518.8
16694.4
16288.9
16547.5
15936.9
16143.2
16578.8
16576.9
16684.6
16547.8
16547.6
16300.8
16497.1
16383.1
16504.7
16270.4
15894.7
15815.4
16018.6
16030.5
16286.3
15998
16302.7
16603.3
16489.8
16061.1
16344.7
16464.5
16394.2
16276.5
16573.7
16291.3
16322.3
16195.8
16105.4
15974.6
15420.1
15772.1
16095
15991.2
16046.2
15987.3
16132
16562.4
16405.1
16313.5
15943.8
16012
16824.4
16569.8
16547.2
16596.2
16210.5
16147.9
16319.2
16460.3
16118.3
16305.4
16488.9
16315
16368.5
16326.6
16058.4
16030.6
15865.4
16098.9
16219.4
15963.9
15843.6
16236.5
16030.2
15966.1
15733.2
16093.6
16324.4
16124.1
15916.2
16068.4
15759
15563.6
15979.7
15911.8
16041.3
16253.3
16231.7
16113.4
16701.6
16673.3
16421
16852.4
17081.7
17188
16996
17006.3
17006.4
16907.9
16754.5
16565
16739.5
16839.5
16940.8
17058.3
16941
16888.2
16835.2
17120.5
16739.7
16525.4
16557.8
16639.6
16617.8
16901.5
16757.4
17049.1
17048.1
16984.7
16987.2
17002
16938.8
16584.7
16844
16728.7
17510.2
17207.6
17107.9
17177.5
17362.3
17486.7
17419.8
17125.7
17117.2
17158.4
17376.3
17114.2
17144.3
16935.1
16943.9
16867.2
16844.5
17055.2
16866.4
17038.1
16952.6
16570.3
16346.8
16957
16906.3
16620.8
16694.3
16824.9
17147.7
16938.3
16845
16968.6
16564.1
16648.7
15895.3
16287.7
16494.1
16627.7
16542.3
16531.4
16392.6
16404.5
16018.8
16307.6
16298.9
16314.1
16423.2
16489.3
16834.6
16509.2
16611.1
16341.6
16237.6
16445.5
16181.4
15958.3
16122.6
16198.4
16454.4
16210
16383.2
16292.3
15954.3
15700.7
15935.5
15547.4
15559.6
15639.6
15470.2
15772.1
15764.9
16046.8
16114
16251.8
16415.9
16348.4
16535.5
16311
16447.9
16135.5
16179.2
16094.2
16205.3
16144.9
16322.9
16173
16207.2
16423.1
16576.4
16427.3
16339.3
16217.2
16709.3
16518.3
16166.3
16154
16187.5
16007.8
15841.3
15668.7
15561.2
15649.1
15752.5
15399
15704.1
15759.1
15794.9
15628.5
15801
15712.4
15809
15534.7
15682.9
15768.6
15860.3
15584.6
15736.5
15811.3
15756.7
15702.9
15913.2
15906.3
15362
15162.4
15617.5
15460.8
15673.7
15752.4
16032.7
15729.4
16183.5
16455.1
16416
15844.9
15943.2
16062.9
15978.5
16196.4
16311.8
16252.6
15833.6
16050.4
16167.7
16134.1
15945.8
16065.2
15945.5
15734.1
15608.6
15559.6
15448.9
15876.4
15855.1
15975.1
15718.7
15988.4
15666.6
15936.5
15491.7
15471.3
15759.4
15397
15710.4
15679.5
15456.9
15286.3
15523.8
15439.6
15386
15512.4
15185.3
14973.9
15317
15805.3
15656.8
15554.9
15501.1
15194.6
15955.9
15883.7
15670.4
15713
15494.5
15336.4
15489.8
15289.7
15333.8
15105.1
14842
15194.7
15441.6
15789.9
15251.2
15482.3
15727.4
15461.3
15434.6
15014.5
15190.4
15049.4
15379.2
15722.7
15995.3
15881
15658.7
16012.9
15728.5
15576.3
15575.5
15625.9
15178.4
14755.6
14652.5
15337
15118.2
14798
14571
14207
14054.6
14358.2
14257.2
14303.9
14262.4
14157.3
13764.8
13560
13964.4
14097.4
14366.6
14561.5
14712.6
14572.8
14519
14546.5
14963
14387.4
14929
14733.9
14450
13972.5
14113.3
13577.4
13376.2
13886.2
13798.1
14027.6
14065.7
12990.9
13240.1
13792.5
13451
13658.8
14070.8
14033.8
14419.5
13739.8
13808.1
13760.7
13728.4
13186.6
13073.3
13416
13661.9
13841.8
13080.5
13195.2
13231.7
13334.8
12919.3
12904.1
12920.3
12658.3
12752.2
12538.8
12692
13342.6
13616.5
13179.6
12937.1
12813.8
12743.8
12663
13299.5
12870.4
12776.2
13274.5
13106.7
13504.1
14156
14174
14423.8
14370.1
13977.9
14010.3
13650.2
13834.9
13580.7
12890.3
13540.4
13252.8
13399.9
13188.4
13300.2
13264.9
13519.6
13578.3
13621.5
13998.3
13013.1
13494
13569.7
13459
13423.1
13409.5
13609.1
12926.6
13214
13013.3
13409
13757.8
13474.4
13130.9
13317.7
13565.6
13613.3
13663.4
13542.1
13216.2
13134
13043.1
13222.2
13039.9
13181.1
13185
13188.2
13306.5
13291.4
13409.6
13061.8
13269.2
13919.3
13714.3
13521.1
13567.7
13486.3
13216.1
13552.3
13805.3
13379.8
13494.6
13060.9
12653.7
13191.7
13577.6
13357.5
13529.5
13269.3
13262.4
13871
13756.9
13151.8
13385.3
13432.6
13169.8
13010.4
13365.5
13418.2
13429.2
13411.8
13572.4
13948.9
13846
13670.4
13852.1
14271.6
14226.6
14139.1
13917.9
14260.3
14673.6
14383.5
13955.3
13800.5
14029.8
14525.3
14040.7
13906.9
14479.7
14218.2
13871.2
13716
13468.9
13667.3
13531.8
13129.2
12845.7
12870.4
12432.1
12879.3
12972.8
13059.1
12765
12807.1
12633.3
12206.9
11905.8
11830.3
11950.9
12615.8
12819.5
12868.2
12762.7
12768.3
12554.3
12982.4
12889.7
13019.8
12807
12590.2
12838.5
12974.6
12692.4
12844
12723.1
12743.4
12939
12876.5
13258.3
13124.6
13108.6
13029.3
13148.6
12547.6
12430.1
12741.3
13158.4
13097.1
12993.3
13259.6
12822.6
13022.5
12670.8
12371.5
12614
12422.5
12123.9
12109.4
12346.8
12392.7
11796.3
12178.7
11828.7
12059.5
11671.9
12370.5
12157
12306.1
12953.4
12705
12584.5
12423.3
12214.2
12348.2
12366.1
12580.4
12600.5
12997.2
13039.5
13303.9
13487.4
13277
13456.4
13205.2
13550.4
13509.2
12837.3
13449.6
13338.8
13139.7
13056
12754.4
12774.7
13027.2
12749
13211.1
13327.8
13223.8
13005.4
13450.8
13379.7
13436.5
13478.8
13192.7
13524.7
13074.1
12751.6
13369
13292.9
13193.6
13300.9
13333
13403.1
13598.7
13351
13638.9
13350.5
13536.1
13990.9
14044.7
14035.1
13734.4
13900.9
14070.7
13913.2
13703.1
14131.7
14297.1
14387.5
14131.9
13467.3
13265.9
14053
13907
14164.7
13838.2
14084.3
14170
14032.7
13923.2
13783.3
13869.4
14172.5
14336.1
14854.4
14590.5
14462.7
14738.6
14372.7
13969.3
13848.9
14061.1
13910.7
14081.8
13953.7
13968.2
14086.6
14130.6
14187.2
14219.8
14095.8
14359
14419
14551.5
14535.9
14669.1
14508.1
14248.8
14172.5
14140.3
14442.1
14135.8
14759.7
14622.9
14320.6
14197.6
14085.8
13645.5
13932.4
14050.9
14239.4
14334.8
13720.3
14149.9
14149
14035.7
14053.1
14162.4
13937.5
13994.9
13977.9
14147.2
13857.7
13734.7
14173.1
14330.6
14147.1
13771.2
13807.9
13927.6
14081.7
14186.4
13529.6
13371.2
14024.5
13922.8
13863
13467.4
13552.7
13518.4
13164.8
13830.4
13912.7
14043.6
13992.2
13674.6
13680.9
13649
13600.5
13500.7
13940
13401.7
12921.2
12916.4
12678.9
12415.3
12412.8
12311.8
12327.1
12323.8
12303.3
12175.1
12506.9
12322.2
12600.9
12179.7
12489.7
12760
12460.8
12781.8
12989.3
12837.3
12502.9
12978
12713.5
12662.1
12379.1
12282.8
12610.7
12329.1
12238
12251.4
12606.3
12563.4
12122.6
11892.7
11475.8
11839.9
11909.5
11996.3
11217.8
10725
10909.4
10836.3
10914.3
11112.3
11191.2
11371.3
11452
11480.1
11691.6
10980
11723.4
11870.7
11559.3
11408.1
11949.5
11756.4
11092.6
10810.9
11510.9
11847.9
11502.9
11611.2
11285.5
11032.5
10744.4
11131.8
10763.8
11290.4
10944
10727.2
10511.7
10927.2
10951.1
10768.4
10665.5
10237.6
10821.6
10484.7
10215.1
10145.9
9911.44
9908.29
10033.9
9927.4
10229.1
9723.65
9553.89
9529.91
9597.5
9772.09
9977.55
9847.89
9967.74
10205.1
10226.8
9990.91
9927.91
9940.86
9521.31
9519.37
9451.75
9474.33
9351.08
9512.38
9886.71
9704.83
10201.8
10197.6
9710.63
9917.15
9672
9634.89
9825.22
9945.72
10435.5
10222.2
10274.1
10194
10666.8
11031.2
10613.7
10880
10715.5
10369.5
10351.2
10835.9
10932.5
11174
10792.6
10772.1
10973.7
10124.3
10370.3
10171.8
10041.3
10356.8
10214.8
9758.71
9821.45
9788.98
9829.14
9986.38
9607.13
9845.36
9746.32
9793.91
9518.1
9276.09
9116.32
9093.71
9039.8
9071.45
9535.15
9682.72
9596.32
9462
9454.81
9069.73
8810.26
8917.77
8932.06
8907.68
8830.1
8566.69
9235.62
8851.97
8834.41
8140.1
8452.22
8564.03
8442.59
8399.38
8542.46
8518.68
8728.21
9010.18
8997.58
9106.8
9212.23
8689.39
9124.68
9014.22
9044.02
9191.23
9135.68
9169.15
9258.19
9260.58
9353.83
9291.41
9115.43
8967.45
9137.43
8875.73
8794
8369.91
8379.95
8390.14
8484.71
8408.97
8362.49
8515.7
8262.02
8404.54
8208.14
8259.3
7961.65
8204.34
8094.54
7962.29
7849.83
7513.95
7377.97
7057.61
7136.3
7310.55
7664.27
7647.26
7449.44
7666.5
7689.95
7215.33
7264.87
7256.65
7301.97
7251.23
6903.86
6817.61
7250.72
6873.08
7069.32
7293.59
7553.5
7649.78
7576.23
7352.91
7379.47
7298.08
7487.56
7410.75
7088.13
7312.02
7120.41
6883.76
7024.56
6956.25
7096.28
7205.06
7486.71
7189.13
7035.74
7187.31
7210.21
6887.89
6892.79
7165.03
7132.32
6894.91
6849.4
6585.2
7062.59
7184.79
6971.48
6794.28
6569.57
7093.99
7123.11
7186.14
7135.69
7452.34
7366.42
7013.18
6983.45
6637.96
6605.24
6644.71
6633.66
6514.62
6455.81
6289.94
6669.46
6425.02
6194.61
6415.61
6377.71
6164.85
6187.07
6149.79
6304.52
6131.26
6061.27
6023.22
5918.52
6233.61
6042.3
5800.62
5944.15
5937.22
5679.46
6137.57
5998.97
6206.33
6050.74
5837.31
5758.42
5771.92
5922.34
6063.16
5896.11
6213.42
6169.75
6531.32
6236.87
6535.74
6598.11
6419.55
6180.95
6133.61
6172.56
6180.39
6311.7
6844.26
6821.51
6632.58
6259.86
6388.35
6446.35
6172.21
6317.23
6409.32
6269.18
6255.22
6406.56
6180.22
5990.99
5917.03
6228.14
6219.01
5953.38
6152.85
6107.76
5988
5860.11
6310.47
6320.28
6348.36
6247.52
6054.4
5854.11
5757.15
5574.84
5805.52
6085.81
6172.88
5806.99
5841.32
5983.92
5922.7
5780.82
5916.44
5820.44
5765.67
5699.38
5841.94
5421.07
5864.03
5918.81
5778.99
5708.35
5589.35
5402.14
5580.56
5716.9
5912.02
5918.45
5782.29
5957.59
5983.56
5646.41
5379.44
5458.37
5485.3
5461.52
5351.65
5333.13
5389.41
5661.9
5418.09
5396.79
5289.49
4950.56
5029.19
5156.29
5529.03
5377.08
5536.77
5673.19
5546.55
5215.23
5209.07
5193.01
5280.9
5261.96
5102.97
4981.51
4713.83
4635.86
4687.27
4836.01
4967.72
4917.24
5040
4926.64
4713.6
4786.63
4868.8
4656.1
4524.86
4458.54
4742.32
4488.06
4757.27
4768.84
4714.03
4574.03
4546.42
4351.99
4260.79
4338.16
4323.58
4551.72
4763.92
4597.26
4294.3
4325.12
4354.74
4387.17
3944.29
3963.02
3916.09
4025.29
4091.14
4006.76
4185.98
4075.82
3902.09
4098.08
4277.52
4359.12
4359.93
4610.13
4652.02
4445.54
4602.37
4628.56
4440.56
3938.55
3864.14
3733.69
3681.12
3822.77
4007.81
4123.93
4094.08
4114.58
4106.94
4070.79
3994.55
3971.42
3766.12
3697.71
3650.03
3769.31
3683.52
3806.89
3711.27
3670.77
3617.56
3565.96
3567.72
3588.05
3606.51
3362.41
3372.11
3392.77
3351.94
3364.54
3482.85
3467.5
3534.15
3416.87
3381.47
3317.65
3406.51
3303.57
3228.86
3281.22
3387.53
3197.67
3224.74
3212.5
3407.14
3357.85
3454.5
3493.39
3306.93
3422.31
3444.14
3573.18
3622.34
3656.85
3672.5
3761.97
3769.68
3828.1
3881.21
3701.74
3617.45
3603.11
3734.09
3748.94
3655.67
3512.86
3739.6
3686.28
3374.6
3366.32
3318.44
3402.12
3307.84
3468.95
3454.49
3240.97
3269.34
3195.8
3189.96
3126.63
3028.02
3099.49
3065.38
3023.02
2930.41
2999.61
2968.98
3014.08
2960.89
3007.78
2966.31
2745.18
2630.18
2578.09
2523.51
2633.6
2611.35
2802.46
2688.31
2761.41
2736.71
2719.51
2823.33
2828.68
2800.58
2925.18
3055.24
3284.22
2902.79
2570.57
2611.12
2674.31
2646.12
2665.08
2704.44
2812.54
2719.27
2733.81
2600.11
2657.63
2677.74
2594.42
2565.76
2625.96
2458.5
2227.48
2283.08
2240.64
2238.82
2390.18
2344.58
2448.51
2437.93
2509.59
2649.71
2448.15
2518.66
2467.27
2564.28
2516.36
2530.45
2535.85
2604.76
2623.83
2671.79
2625.85
2614.21
2588.9
2496.06
2577.62
2690.13
2566.03
2469.23
2484.74
2586.05
2646.12
2681.34
2577.12
2598.8
2658.82
2600.63
2420.79
2378.78
2470.92
2399.82
2414.23
2461.91
2396.57
2478.72
2565.13
2481.88
2553.67
2512.47
2462.34
2459.63
2353.42
2452.17
2419.13
2445.4
2460.77
2355.22
2396.3
2454.93
2432.61
2464.5
2449.34
2409.89
2370.07
2392.91
2396.99
2315.04
2274.11
2339.33
2332.47
2349.07
2293.59
2393.8
2372.14
2435.8
2403.87
2303.47
2417.79
2345.36
2436.91
2410.98
2359.05
2363.39
2416.9
2482.48
2390.42
2418.4
2308.99
2406.45
2479.92
2387.78
2388.61
2307.1
2403.29
2392.83
2357.4
2349.58
2385.63
2328.05
2384.68
2414.74
2405.32
2449.7
2326.42
2291.11
2265.43
2294.78
2277.65
2403.7
2312.49
2292.06
2308.91
2205.43
2157.14
2127.83
2257.64
2226.38
2249.99
2229.33
2285.45
2315.51
2249.48
2225.14
2349.37
2398.79
2383.9
2207.01
2202.81
2253.85
2232.36
2205.78
2268.68
2241.86
2210.57
2193.73
2121.82
2105.4
2108.66
2105.39
2117.92
2102.8
2090.3
2176.04
2130.57
1981.25
1933.66
1902.25
1856.15
1849.41
2011.29
2004.52
1995.65
1968.28
1932.72
1871.96
1940.5
1925.18
1948.59
1963.38
1949.46
1896.3
1877.51
1889.57
1900.56
1858.04
1802.57
1913
1899.64
1886.71
1881.94
1823.51
1824.33
1882.06
1907.75
1920.76
1939.23
1979.06
1962.07
1920.62
1842.09
1818.08
1830.36
1835.4
1879.75
1884.25
1902.94
1902.52
1868.15
1960.52
1994.38
1952.89
1929.29
1926.38
1912.27
1907.84
1785.55
1787.86
1820.88
1887.82
1933.33
1876.61
1890.19
1815.66
1768.37
1840.71
1768.57
1812.91
1791.47
1805.09
1771.18
1732.6
1765.19
1871.71
1907.41
1962.4
1932.22
1926.72
1929.91
1870.23
1869.39
1803.67
1809.84
1846.43
1861.22
1817.62
1726.56
1737.34
1689.24
1749.3
1751.32
1703.54
1740.3
1787.66
1749.24
1724.32
1781
1792.69
1784.58
1751.32
1754.57
1719.51
1749.91
1664.83
1692.98
1642.34
1696.18
1711.14
1716.88
1719.69
1737.47
1695.28
1724.63
1710.98
1643.34
1643.45
1607.99
1575.2
1622.05
1601.94
1636.14
1638.68
1609.74
1654.6
1571.93
1567.57
1618.37
1674.55
1615.54
1626.27
1613.07
1590.85
1563.75
1587.65
1594.4
1609.18
1638.66
1645.58
1632.74
1592.82
1578.13
1540.04
1563.62
1609.43
1602.81
1613.98
1620.19
1610.51
1606.24
1553.72
1576.31
1548.42
1579.48
1578.79
1587.02
1586.38
1598.9
1595.66
1561.81
1522.35
1513.89
1555.9
1555.96
1590.73
1566.34
1610.07
1578.08
1577.39
1606.01
1615.61
1608.06
1602.27
1604.23
1627.77
1664.85
1667.6
1647.62
1661.73
1664.75
1625.89
1620.67
1665.62
1640.08
1594.6
1578.33
1584.17
1542.11
1605.17
1608.73
1556.74
1552.55
1576.98
1590.3
1581.15
1636.27
1633.78
1606.44
1588.76
1599.89
1611.54
1627.59
1686.86
1689.07
1626.91
1660.69
1635.1
1572.27
1571.6
1544.33
1542.28
1569.66
1571.48
1563.95
1563.28
1561.71
1535.85
1523.6
1544.71
1550.66
1537.78
1549.86
1576.94
1566.01
1552.46
1551.73
1557.11
1546.11
1519.5
1516.51
1529.5
1552.98
1522.57
1506.76
1529.71
1530.59
1483.31
1522.71
1488.81
1520.35
1518.54
1518.27
1504.98
1476.66
1478.27
1462.87
1461.78
1426.87
1456.36
1442.59
1464.55
1497.4
1489.11
1495.75
1550.29
1558.68
1533.95
1519.01
1474.44
1468.81
1490.76
1508.16
1490.25
1479.19
1456.58
1490.05
1510.12
1466.52
1454.74
1447.72
1485.64
1471.76
1479.66
1427.41
1395.71
1415.77
1395.71
1403.58
1387.59
1399.99
1374.96
1393.44
1384.8
1368.66
1380.58
1364.38
1386.47
1398.71
1409.91
1400.1
1405.64
1420.65
1402.96
1392.51
1415.21
1425.97
1419.05
1424.73
1405.62
1384.31
1358.15
1373.61
1383.58
1370.3
1387.33
1396
1383.9
1423.45
1451.28
1438.48
1392.42
1389.18
1367.97
1390.01
1374.76
1359.83
1364.72
1352.02
1352.5
1337.6
1344.89
1350.54
1346.84
1361.29
1348.81
1336.5
1325.4
1316.37
1347.55
1326.35
1305.15
1286.07
1295.76
1308.84
1315.51
1307.98
1321.12
1321.79
1319.29
1307.96
1302.79
1326.31
1305.39
1288.8
1305.82
1297.35
1307.21
1293.46
1307.16
1306.7
1304.68
1333.99
1331.15
1329.26
1366.56
1365.63
1314.47
1306.99
1308.2
1305.66
1288.69
1284.05
1304.01
1268.09
1260.1
1268.45
1306.82
1313.34
1302.85
1290.21
1266.44
1242.07
1240.63
1264.39
1260.33
1259.7
1275.84
1261.01
1225.15
1235.01
1224.28
1227.47
1235.07
1217.18
1199.45
1205.4
1219.91
1204.16
1203.09
1222.66
1234.11
1224.91
1223.54
1225.38
1222.83
1240.69
1256.4
1274.5
1287.04
1271.39
1295.4
1292.57
1286.84
1294.09
1263.68
1267.57
1245.45
1249.55
1233.37
1219.36
1213.43
1225.67
1234.81
1243.37
1243.67
1263.41
1245.69
1252.13
1269.73
1242.85
1260.98
1251.03
1246.51
1232.4
1226.61
1231.1
1214.87
1212.99
1182.08
1177.3
1194.8
1180.4
1186.41
1178.26
1198.75
1210.48
1198.14
1186.3
1198.08
1189.74
1186.65
1191.3
1185.19
1182.62
1175.7
1176.34
1165.52
1170.06
1176.93
1171.4
1186.6
1205.74
1205.58
1175.78
1181.25
1191.14
1172.18
1163.88
1154.97
1167.24
1181.73
1178.06
1167.54
1163.36
1151.52
1156.51
1180.05
1173.84
1184.3
1167.07
1160.19
1151.27
1150.89
1159.72
1154.2
1162.91
1144.41
1148.73
1131.48
1148.26
1144.54
1155.54
1146.96
1144.12
1143.11
1151.21
1151.8
1158.09
1151.72
1162.25
1161.64
1171.89
1179.62
1162.51
1146.04
1157.41
1143.8
1136.25
1125.93
1131.49
1137.07
1128.75
1141.52
1130.18
1142.07
1140.89
1143.19
1125.55
1110.11
1118.23
1115.29
1115.19
1118.86
1116.46
1127.58
1118.67
1117.54
1111.17
1117.26
1116.49
1118.11
1111.83
1119.22
1108.37
1109.35
1098.88
1095.99
1110.75
1128.67
1119.78
1111.75
1117.67
1129.18
1127.15
1122.5
1118.24
1112.36
1111.7
1095.14
1097.61
1109.78
1097.36
1102.05
1113.42
1118.71
1104.42
1116.12
1123.05
1123.76
1126.84
1129.57
1120.56
1128.61
1123.05
1119.36
1124.84
1098.94
1107.82
1095.86
1087.5
1098.82
1105.25
1110.9
1100.35
1105.07
1105.69
1094.8
1103.58
1107.44
1109.93
1106.56
1102.83
1107.98
1108.46
1101.56
1095.11
1091.31
1091.36
1083.71
1091.01
1087.11
1084.6
1084.78
1084.8
1083.8
1093.59
1084.55
1087.3
1094.08
1096.82
1094.43
1097.29
1087.15
1089.59
1088.81
1098.47
1093.58
1097.94
1098.24
1085.25
1090.52
1086.05
1090.27
1102.49
1107.44
1104.6
1096.84
1088.81
1089.56
1087.63
1086.11
1086.89
1089.48
1084.07
1083.28
1079.04
1069.05
1065.33
1063.07
1061.24
1068.63
1072.65
1079.72
1074.2
1087.9
1086.29
1076.21
1073.36
1076.75
1087.76
1078.31
1085.78
1084.2
1070.32
1070.36
1074.24
1066.44
1070.82
1060.8
1053.64
1057.28
1049.68
1049.81
1050.09
1055.51
1055.55
1053.4
1052.07
1056.5
1058.71
1055.15
1051.84
1046.14
1036.9
1040.73
1049.23
1036.68
1039.41
1040.96
1040.81
1044.9
1050.02
1040.7
1044.53
1041.82
1043.7
1053.47
1056.37
1047.98
1043.44
1051.26
1044.57
1043.47
1042.52
1033.01
1041.56
1046.08
1039.68
1045.87
1039.91
1033.68
1036.39
1039.55
1039.16
1039.64
1043.76
1042.03
1045.43
1042.88
1046.9
1049.86
1049.51
1048.01
1046.89
1040.81
1036.48
1038.13
1034
1030.95
1030.24
1030.61
1028.68
1033.81
1037.33
1035.09
1034.16
1037.76
1038.33
1041.98
1035.9
1036.02
1043.1
1039.13
1039.01
1036.54
1031.62
1038.62
1032.1
1041.41
1048.09
1055.62
1052.33
1049
1046.14
1051.49
1049.16
1051.75
1048.13
1040.85
1034.87
1037.94
1034.53
1038.58
1030.41
1025.58
1033.74
1035.68
1038.08
1032.1
1029.94
1031.09
1034.15
1034.91
1033.21
1029.3
1021.8
1024.47
1019.21
1022.07
1025.16
1024.59
1030.59
1036.01
1032.86
1026.22
1024.17
1020.14
1014.01
1012.35
1010.44
1011.31
1010.25
1008.22
1006.78
1008.84
1010.08
1004.65
1002.14
1000.35
997.862
1007.56
1007.1
1010.56
1008.89
1005.28
1004.34
1003.09
1008.86
1004.51
1007.94
1006.99
1003.41
1006.17
1000.29
1001.68
998.418
1002.71
1006.02
1014.08
1011.21
1014.08
1009.17
1006.12
1014.48
1011.73
1008.64
1002.37
1001.1
1000.76
1001.01
1000.57
998.482
1002.28
994.97
991.601
991.641
992.476
991.136
991.634
993.077
995.35
997.826
990.002
990.365
992.283
992.594
993.589
992.28
993.959
991.823
990.206
990.476
996.837
996.966
997.382
997.623
996.873
998.686
994.751
994.166
995.16
993.05
993.209
994.164
989.779
987.458
986.723
984.961
981.736
976.652
977.883
979.089
977.887
974.189
973.892
975.748
976.95
975.469
976.768
975.943
973.968
971.467
971.257
979.043
977.189
974.014
974.173
975.507
979.498
976.249
979.924
976.835
976.45
974.949
978.59
977.029
974.127
977.646
975.416
975.067
973.225
977.151
975.877
973.746
969.18
967.176
966.447
966.062
967.58
965.539
963.243
964.247
962.761
962.819
960.991
963.223
965.524
963.996
963.352
959.373
959.142
957.34
952.872
952.912
950.625
951.01
950.385
953.022
953.7
953.599
951.793
950.616
948.264
947.172
948.226
947.864
946.986
947.954
946.268
945.105
944.054
946.018
944.725
943.75
942.144
939.996
941.051
941.483
943.976
942.241
942.13
941.73
942.078
942.839
941.726
942.192
942.552
939.163
940.015
941.488
942.058
940.26
938.553
937.76
939.025
939.521
939.768
937.106
938.583
937.54
937.489
937.471
938.863
940.586
942.301
940.41
940.837
943.963
941.702
939.692
938.882
939.375
936.808
934.644
932.985
934.209
933.547
931.301
933.721
932.898
938.073
938.392
940.026
939.901
938.252
938.444
936.407
934.271
936.551
936.315
937.094
937.371
936.131
934.158
936.222
933.142
934.453
934.552
932.521
930.841
929.427
930.485
930.397
927.668
927.089
924.966
924.444
923.587
926.664
928.455
926.061
925.462
928.196
930.1
926.115
925.548
924.517
924.017
924.458
926.352
927.045
925.345
924.609
922.144
923.219
921.627
921.492
918.13
919.342
919.066
920.944
919.217
917.43
917.011
917.588
918.067
917.005
920.024
918.656
917.958
919.658
919.084
920.036
920.099
920.235
918.64
916.614
917.021
917.609
920.06
918.296
918.604
918.189
916.725
917.773
916.879
918.095
920.654
919.164
918.611
917.324
917.696
916.138
915.254
915.924
915.672
914.149
912.136
913.729
912.002
912.681
910.135
908.388
908.667
909.374
908.537
909.596
910.425
909.995
911.637
910.355
909.906
909.806
909.571
908.494
910.673
908.953
909.669
907.996
907.481
910.961
908.9
907.075
907.398
906.431
907.191
905.887
904.332
903.378
903.201
904.644
905.578
905.024
901.624
902.12
902.605
902.706
903.112
902.166
902.649
902.893
902.988
901.095
899.793
899.546
900.489
900.47
899.692
899.837
898.682
896.993
899.768
898.084
897.966
897.727
897.267
897.074
897.285
897.389
897.614
897.052
897.472
897.471
894.057
895.116
894.669
894.63
893.153
891.117
888.061
888.516
888.028
889.565
887.433
887.504
888.373
887.597
887.192
887.029
885.327
884.896
886.126
885.397
884.447
884.058
882.736
882.876
881.477
881.093
880.794
879.561
879.369
879.762
879.919
879.257
879.501
880.422
879.994
877.376
875.722
876.299
876.976
877.032
876.066
875.286
876.503
876.029
876.211
875.472
876.396
875.972
874.044
873.329
872.53
871.992
872.093
871.102
872.374
872.549
872.687
872.591
873.374
873.598
873.47
873.594
873.428
873.586
874.226
875.254
874.893
874.736
873.536
873.24
873.374
873.909
872.912
872.472
872.236
872.236
871.874
871.124
872.213
872.369
871.867
870.762
869.407
870.163
870.45
870.85
870.484
870.923
871.8
870.678
870.209
869.822
869.98
869.562
869.422
867.614
868.476
869.341
869.163
869.297
869.434
869.413
869.705
868.375
868.593
868.806
868.423
868.366
867.47
867.853
867.949
868.247
868.404
868.951
868.456
867.917
867.259
866.8
866.729
867.005
866.386
865.888
866.116
865.296
864.871
863.553
864.303
862.947
862.025
862.457
862.032
862.118
863.01
863.387
863.55
863.2
862.4
