Mut_X Mut_Y Mut_Size Mut_Rot Mut_R Mut_G Mut_B Mut_Type Time_Sec
286075 293827 336457 295645 331599 331417 331727 271459 2667.24
0 0 0 0 0 0 0 0 2667.24
--- Historial MSE por cambio de temperatura ---
20999.4
21297.5
21436.8
21068.9
21033.6
21299.6
21505.6
21781.6
21866.4
22120.9
22230.6
21864.6
21772.9
21679.6
21683.5
21408.8
21685.8
21783.8
21800.1
21409.3
21444.4
21548.3
21478.3
21722.9
21344.2
21307.6
20824.6
21150
20933.6
20974.6
21326.7
21388.8
21466.7
21294.6
21164.5
21353.2
21385.1
21249.4
20836.2
20761
20700.6
20794
20820.7
21013.6
20647.4
20707.8
21218.8
21072.2
21328.9
21096.9
21142.3
20845.1
20835.3
21071.7
21269.4
20986.7
20823
20798.3
20800.7
20689.8
20609.2
20562.4
20720.1
21276.8
21203.6
21313.6
21226.6
21472.9
21676.5
21323.4
21130.7
21215.3
20637.6
21586.6
21560.3
21130.2
20852.3
20844.1
20953.9
20532.7
20613.7
20631
21045.8
21313
21245.7
21373.7
21017.4
21070.1
21226.3
21072.9
21302.2
21096.6
21387
21076.5
21252.7
21250.9
21617.8
21829
21768.4
22034.3
21896.2
21446.4
21179.8
21071.6
20925.1
21153.5
21193.9
21089.7
21308.6
21032.4
21097.6
20946.9
20720.2
21018.3
21393.1
21483
21676.7
21590.1
21590.2
21556.8
21513.3
21425.9
21670.9
21714.7
21241.9
21514.4
20986.7
20480.3
20462.5
20600.7
20749.1
20622.8
20942.3
21295.1
21344.7
21249.2
20858.3
21287
20658.8
20390
19759
19927.2
19802.4
20088.6
20459.5
20726.6
20703
20427
19845.6
20228
20365.8
20433.4
20381.7
20163.4
20277.6
20370.4
20606.2
20443.8
20860.8
20970.6
21054.9
21303.6
21371.8
21503.1
21094.7
20833.6
21062.2
21341.5
21167.4
21760.1
21479.9
20735.5
21140.8
21205.7
21033.5
20211.5
20250.8
20561.7
20557.6
20136.5
19943.6
19996.7
19894.9
19944.3
19850.1
20035.1
20225.2
20347.3
20462.4
20328.6
20296.3
20387.2
20296.2
20396.6
20621.4
21000.7
20958.3
21176.6
21042.1
21328.3
21452
21182.6
21199.5
21044.1
21002.7
20886.2
21205.3
21314.6
21467.2
21502.1
21534.2
21271.8
21486.3
21381.8
22080.6
21746.5
21649.7
21756.6
21640.8
21490.9
21396
21719.5
21224.9
21544.1
21647.3
21931.4
22052.8
22179.2
22363.4
22225.9
22048.3
21928
21722.6
21417.7
21431.9
21382.3
20940
21127
21158.6
20996.5
20489.4
20633
20514.3
20201.5
20414.2
20344.1
20161.4
20573.3
20359
20196.5
19705.4
19735
19942.4
19966.7
19819.3
20348.6
20008.4
19860.9
20462.3
19880.1
19980.1
20007.4
19983.4
19635.2
19456.6
19267.2
19256.9
19180
19873
19444.2
19380
19664.3
19941.8
19998.2
19969.9
19790.7
19670.3
19684.1
19757.6
19974.9
19851.9
20264.7
20364.5
20357.4
20454.5
20556.7
20380.2
20165.5
20444.9
20040.9
20381.5
20444.9
20739.2
20322.3
19975.8
20162
19958.7
19488.7
19864.6
19558.4
19358.1
19127
19547.8
19231
19093.1
19391.4
19855.4
19975.1
20302.7
19523
19774.2
19107.6
18711.5
18918.7
18783.3
18478.9
19221.7
19691.9
20111.3
19777.1
19453
20038.9
20378.4
19604.8
19622.4
20026.8
19688.2
19647.6
19146.2
19231.7
19327.4
19152.9
19356.1
19254.1
19054.8
19263.2
19534.2
19429.3
19704.2
20041.7
20219
20214.1
19619.8
19580.1
20065.7
20155.7
20277.8
20311.9
21131.1
21172.8
20727.6
21171.6
20689.7
20700.5
20545.4
20369.6
20417.6
20528.8
20007.6
19494
19984.7
19835.8
20380.3
20040.7
20399.2
20243.2
20471.8
19720.6
20279.1
20224.5
20778.7
20350
20623.6
20204.5
20402.8
19797.3
19855.6
19761.6
20430
19813.2
19590.9
19190.9
19110.2
19240.7
19654.2
19925.9
19431.9
18557.9
18952.7
19128.2
18794.6
18811
19251.1
19350.2
18656.4
19429.8
19197.1
19485.1
19247.8
19415.3
19436.9
20130.2
20198.3
20431.4
19708.9
19571.3
20219
19982
19906.5
19141.3
20156.4
20606.4
19804.6
19478.9
19243.3
19218.2
19303.4
19652.5
19938.4
20000.3
19430.9
18863.4
18962.3
19472.8
20545.4
19823.2
19739.2
19952.3
19746.3
19353.3
19753.7
19892
19785.7
19829.3
19461.5
19762
19375.7
19612.6
19014.5
19104.2
17896.9
17989.7
19148.1
18446.3
19548.2
19296.9
19060.5
19661.6
19007.4
19521.5
19746.5
19441.4
19408.6
19681.1
19926.4
19859.1
19601.1
18975.9
18943.9
19711.7
19477.2
18949
18821.6
18790
19161.2
18896.4
18485.8
19006.5
19542
19152.2
18538.3
19053.6
19440.1
18967.9
19131.7
18776.2
19339.7
19504.8
19751.3
19397
20125.6
19920.6
19416.5
19024.5
19393.7
18600.7
18373.6
18113.5
18401
17895
17775.1
17513.6
18993.2
18898.4
18172.8
16925.8
18102.4
17761.6
17683.7
17683.1
17134.6
16805.5
16369.5
16435.1
16751.4
17357.9
17003.5
17003.8
17348.3
17599.9
17763.8
18081.6
17858.4
18279.1
17735.8
17246.6
18071.3
17956.8
17678.7
18754
18236.7
17700.5
18194.4
18232
17524.9
18455.7
17995.5
17576.4
18303.3
18481.6
18415.1
18145.9
18982.3
18386.7
18275
18609.4
18679.9
17852.8
17639.4
17473.5
17729
17423.2
17757
17828.3
17935.2
18777.2
18349.3
17576.2
16981.5
17432.6
16498.1
17472.7
17521.1
17858.8
18323.1
17447.6
17588.2
18943.9
18613.7
18266.8
18219.7
18678.7
18149.8
17594.3
17800.7
18405.4
17809
17767.9
17641.5
18268.4
18326.6
18117.3
17972.3
17729.3
17427.8
17163
17448.4
17517.4
17819.2
18229
18775
18658.3
18953.3
18901
18846.2
18638.9
18597.9
18302.4
18111
17971.1
17826.5
17712.8
17274.2
17687.9
18457.1
17733.4
17379.1
17029.5
17526.1
17346.7
17853.9
18175.3
17930.8
18722.8
19164.9
19245
19000.3
18427.1
18475.2
18527.1
18807.7
18577.8
19188.3
18899.6
18597.8
18593.1
18342.8
18325.7
18026.8
18244.6
18213.7
18358.9
18456.9
18569.9
17751
17939.7
18273.9
18250.5
18347.9
18120.3
17902.6
18147.6
18296.3
18705.8
18611.7
18765
18348.3
18331
18972.3
18702.7
18619.4
18212.4
18370.7
18679.8
18942.5
18760.1
18802.4
18039.4
18037.6
17592.9
18394.9
18802.5
18465.6
18276.8
18833.6
18391.6
18362
18604
18229.3
18379.6
17887.6
17522.2
17766.7
17749.8
17834.9
18512.2
18172.1
18186.9
18373.3
18487.1
17958.3
18625.3
18555.7
18106.4
17834
18414.4
19122.5
19535.9
19646.2
19336.4
18903.3
19015.4
19112.8
18747.2
18707.8
18654.9
19061.6
19576.7
19274.3
19520.5
18976.8
19352.6
19014.7
19005.1
18540.8
18143.5
17936.7
16922.4
17465.7
17167.3
17120.2
16978.3
17264.5
17272
16815.6
16573.5
17167.9
18045.2
18126.3
17833.6
17851.1
17530.9
18144.3
18514.2
18377.4
17371.4
16980.2
17518.3
17420.8
17336
17399.3
17321.6
17184
17454.3
17013.4
17468.3
17463.8
17052.4
17655.8
17419.6
17387.6
18534.1
18514.2
18601.1
19397.2
19448.6
18441.3
18536.5
18879.1
18457.1
18507
18168.8
18614.1
18569
18049.7
17526.7
17936.3
17443.5
17400.6
17048.8
17309.6
17808.8
17509.2
16899.2
17007.1
16850.4
17102.3
17378.2
17341.1
17598.7
17970.3
18202.8
17714.4
17678.5
17682.2
17695.8
18010.1
17523.5
18127.3
18164.8
18144.8
18433.3
18362.8
18118
18476.6
18503.2
17995.9
17706.9
17957.7
17426.3
16685.8
16764.2
16510.1
16645
17218.9
16607.2
16663
16422.1
16650.4
16500.1
16688
16734.6
17149.8
17499.9
18112.9
17853.5
17920.2
18054.5
17898.7
17859.2
17821.2
17767.5
18208.4
18281.1
18345.4
18507.8
18324.3
18525.4
18268
18131.9
18308.9
17854.6
17567.8
17735
17828.9
17725.5
17389.9
17310.2
17523.6
17730.3
18033.1
17593.3
17866
17376.4
17313.8
17532.4
17628
17841.9
17868
18131.4
18407.2
17944.8
17919.4
17655.9
18246.7
18144.9
17916.3
17420.6
17704.4
17868.6
18052.8
17519.6
17794.2
18519.8
18962
18198.8
18865.9
18589.3
18157.7
18217.4
18325
18720.5
18232.3
18732.4
18216.5
17879.9
17813.9
17803.1
17375.1
17422.4
17762.4
17637.2
17865.1
18141.2
17772.7
18053.1
18176.6
17669.2
17688.6
17339.3
17871.8
18115.4
18622.9
18424.9
18529.2
18561.7
18577.2
18399.6
18588.4
18940.7
18981.6
19041.1
18691.1
18243.3
19037.7
19265.1
19499.8
19162
18618.3
18910.5
19092.3
19412.7
18795.8
18673.1
18356
18171.7
18186.7
18453
18086.9
18077.9
17906.8
17633
18196.7
18364.5
18210.7
17878.7
18008.6
17987
17675.1
17808.5
18305.3
17564.5
17508.1
17955.2
17400.5
17757.5
17618.5
18245
17788.6
17210
17976.2
17982.1
18173.4
18268.9
18160.7
17776.8
17972.2
17825.8
17869.2
18115.7
16897.2
17459.3
17645.9
16788.9
16874.9
17102.1
17176.6
17112.8
17033.5
17484.2
16939
16960.4
16462.3
16404.1
16474.4
17246.7
17184.9
17359.4
16941.5
17241.9
16886.8
16677.5
16473.7
16542.1
16664.7
17123
17341.4
16584.1
16950.5
17231.4
16837.4
16921
16693.5
16645.7
16846.8
17105.9
16425.5
16974.5
17171
17290.9
17965
17834.3
17481.7
17465.7
17516.4
17124.3
16864.9
16807.6
16925
17071.4
17904.8
17437
17432.7
16714.1
16577.8
17280.6
17607.1
17027.7
17184.7
16844.6
17012.8
17871.9
17997.5
17486
17806.7
17519.3
17287.7
17071.9
17068.5
17034.9
17409.8
16991.1
17054.4
17025.9
17679.7
18150.8
17608.9
17659.9
17497.6
17818
17361.7
17615.1
17891.9
17838.4
17135.7
17496
16787.4
17213.2
16502
16512.9
16480.2
16677.6
15964.1
15223
16394.2
15953.2
15652.7
15696.1
16561.5
16674.9
16861.9
16908
16083.8
16272.9
16576.5
16209.8
15832.5
15331.7
15545.6
15229.8
16125.2
16615.6
16530.7
16614.4
17268.5
17184.5
16638.3
16600.2
16177.9
15811.3
16345.2
16142
16409.2
17061.1
16652.8
15261.5
15229
14720.4
16037.3
15265.9
15534.1
15169.8
15503.3
15720.4
15695.2
15119.3
14732.8
14844.5
15637.8
15109
15031.2
15035.1
15386.7
14966.1
15168.2
15052.2
15056.1
15743.3
15076.2
15034.7
15816.3
16360.6
15991.8
15253.9
15723.2
15791.6
16193.9
16721.6
15594.9
15080.8
15254.1
14828
16014.6
15409.6
15246.5
14701
14463.4
13994.2
14779.3
14409.1
13354.7
15428.5
15175.9
14906.9
15265.9
14794
14969.4
15178
15214
14660.7
15140.2
15808.1
15920
15192.3
15105.3
13505.5
14541.5
15204.7
15645.5
15487.6
14737.9
14621.8
14808.7
14674.3
14279.7
14560.4
13800
12632.3
13089.7
14597.8
14443.6
15116.3
15474.4
15116.7
14791.1
14796.3
14499.3
14573.4
14708.3
13914
14264.8
13934.7
14200.1
14551.2
14984.4
14633
14414
13937.7
13523.4
12890.1
13831.8
15097.3
15001.5
15252.2
14893.6
15110.8
15053.5
15203.7
14790.3
14897.6
14540.9
15473.8
15338.4
15189.6
15494
15597.6
16038.4
15371.4
15516.1
16214.3
16162
15938.1
15395.5
14639.8
14501
14231.1
14592.2
14341.5
15447.2
15249.5
14820.4
15342.2
15304.2
15381.3
15684.9
15315.5
15479.5
15319.9
14963.4
14858.1
14971.9
15660.3
15110.3
14930.7
15020.4
13316.6
13854.2
14800.7
15870.2
15784.5
15840.4
15974.3
15282.9
14344.6
14743.2
14541.8
14866.6
15648.5
14939.7
13894.6
14025.1
14332.5
14374.4
15044.6
15593.7
15845.8
15381.3
16213.2
16252.6
15544.2
15284
16188.9
15640.7
15594.3
15209.1
14198
14419.7
15143.4
15323.5
14966.2
14710.6
14559.2
15785.6
16104.4
16038.7
15570.7
15801.8
15140.8
15107.7
14819.2
15506
15710.8
15374.9
15577.3
15569.5
14947.3
15468.1
14909.7
15480
15270.4
15256.6
14926.3
15459
15120.9
15090.8
14593.9
15089.9
15172.4
14874.8
15125
15582.5
16066.7
16437.8
16435.7
16043.7
16056.9
14649.7
15305.9
14802.1
14745
14978.3
14565.9
15330
15412.6
15201.4
15197.7
15201.1
15322.2
15230.6
14782.7
14438.4
15048.2
15156.8
14865.1
14737.4
15210.7
15469.3
15876.6
15337.9
14982.8
14795.9
15178.2
15832.8
15886
15771.6
16341.1
16678.8
16737.3
16363.7
16118.5
16499.3
16966.4
17061.4
16698.5
16413.7
16101.4
15350.7
15361.5
15778.9
16036.8
15665.5
15517.5
15471.5
15012.6
14847.4
15236.4
15663.3
15247.2
15031.6
14666.2
14923.5
15035.2
15275.1
15251.5
16042.7
16073.1
15763.8
15140.1
15145.8
14851.3
15488.6
15875.5
16265.9
15653.5
15517.5
15140.5
14758.1
14858.1
14678.8
15346
15628.1
15899.9
16125.3
16412.1
15606.6
15309.1
15172.7
14821.2
14378.6
14172.4
13905.6
14518.3
14408.1
13791.3
13897
14623.1
15308
15155.3
14748.1
14493.8
14694.7
13841.3
14031.5
13962.2
13910.3
13688.9
13842
13866.6
13849.4
14208.8
13531.1
13947.5
13451.6
14070.4
13805.9
13983.8
14305
14458.1
14954.5
15376.4
15819.1
15204
15154.7
14108.7
14446.2
14964.3
14748.6
13832.5
14362.4
14424
14360.8
15127.4
15220.6
15080.2
15272.3
14822.7
14952.4
15383.7
14745.9
14883.3
14658.5
15378.7
15640.3
14617.9
15345.2
14585.3
13990.8
14439.6
14376.4
14169.3
13931.9
13667.7
13544.6
12846.6
12945.1
13975.5
14234.4
13957.4
14063.7
14011.7
14034.3
14481.3
14999.8
15166.5
14979.4
15514.8
15557.2
14968.2
15144.5
16340.9
16165.5
15639.4
16230
16127.5
15699
15153.7
15484.9
15390.8
15313
14965.5
14898.9
14586.7
14588
14690.9
15069.6
14613.6
15018.5
15085.2
14576.9
14152.4
14259.8
14054.3
13058.7
13182
12292.2
11952.3
11878.5
12467.6
13010.8
13505.5
13580.6
13036.6
12579.2
12297.9
12898.5
13205.6
14048.9
14380
14306.7
14289.4
14586.1
13776.9
13148
12986.7
13135.2
13104.4
12949.2
13002.6
13085.5
12635.2
12777.6
12540.5
12111.7
12764.4
12768.9
13478
13271.7
13219.8
13203.1
13700.1
13192.2
12916.7
13864.7
13505.5
13453.7
13556.6
13578.2
12795.7
13653.2
14248.5
13942
14609.8
14644.2
14930.7
14707.1
14158.9
14508.3
14001.9
13750.5
14281
14542.2
13983.9
14074.5
13941.3
13804.8
14075.1
13657.7
12952.6
13054.3
13279.4
12898.9
13649.4
13083.8
13033
13149.2
14056.3
13977.3
14593.1
13559.5
13497.4
14002.4
14260.7
14268.2
14902.7
14798.5
14916.5
15033.7
14835.6
15022.2
14420.4
15231.8
14098.5
14764.2
15287.4
15776.8
15598.4
15605.1
15922.3
16134.3
15718.6
15320.5
15585.8
16347
15719.2
15511
15765.5
15237.7
15660.1
15980.2
15221.4
16445.1
16257.7
16089.2
16000.5
16010.6
15895.7
15558.7
15212.1
15693
15722.5
15527.8
15896.9
15919.2
15853.7
15533.4
16115.5
16070.4
16140.4
16349.5
15621.5
15845.3
15548.3
15344.5
15848.9
14845.9
15245.8
14918.8
15566.1
14713.2
14947.1
15210.9
15077.9
15279.9
15138.1
15629
15173.1
15233.5
15227
14390.9
13935.9
13934.5
14318.2
14996.3
15210
15451.9
15176.2
15153.2
14973.8
14899
14331.9
14789.5
14372.7
14320.3
15180
14111.4
14358.1
14008.6
14158.5
14581.5
14617.2
14477.5
13628.4
14423.9
14009.6
14732.3
15036.3
14964.5
14763.7
15430.9
15154
14368.6
15621.9
16016.3
16337.4
15307.9
15227.7
15267.7
15049.6
15193.3
15259.8
15118.6
15131.6
16006.4
15198.2
14602.6
14303.2
14344.5
15060.3
14702
14122.7
14195.1
15016.4
14455.3
13853.7
13898.4
14153.4
13924.8
13940.9
14128.8
14943.7
14550.8
14123.3
14292.9
14046.6
14449.7
14828.7
14498.1
14001.5
14193.9
15079.1
14583.6
15411.5
14761.8
14425.8
14560.4
14204.7
13737.7
13665.3
13386.1
13534.3
13104.1
13051.9
14155.9
13115.6
13278.6
13075.4
13109.9
13064.1
13707.5
12988.9
13438.8
13124
12705.6
12205.5
12362.4
12707.9
12622
12290.3
12187.1
12930.3
12455.9
12442.4
12196.7
12519.7
13446.2
13299.4
12342.8
12692.6
13029.1
12609.2
12904.1
12858.4
13599
12972.5
13565.3
13563.8
12828.5
13522.6
14155.5
13453.8
13393.3
12318.8
12387.8
12350.9
11984.4
12008.6
12171.7
11637
11639.3
11464.9
11991.7
11292.3
11777
11742.6
11022.5
11578.8
11802.1
11773
12166.8
12348.5
12673.9
12705.4
12630.4
12542.8
12443.3
13003.2
13221.7
11670.3
11041.8
11659.6
12019.2
12299.9
13344.6
13625.2
13540.8
13472.4
13482.1
13566
13721.1
13183.8
13134
12768.1
13002.5
12115.4
12144.3
12504.1
12556.3
12882.6
12727.4
12869.6
12098.7
11964.9
13079
13055.6
12898.8
12591.6
11725.6
12247.9
12186
12058.8
12185.3
12347.4
12616.1
13311.1
13697.5
13792.9
13509.6
13315.8
13616.2
13445
12907.9
13046.7
12997.6
12787.5
12882.7
13167
12874.9
13389.4
12045.6
12074.9
12662.2
12005.2
12643.6
12590
11877.2
11227.3
11296.5
10173.9
10828.1
10975.5
12039.6
11621
11943.3
11542.6
11643.7
11485.3
12282.1
11829.2
11977.3
11204.4
11197.7
11794.7
11908
12458.1
12557
12260.5
12271.5
12344.6
13518.6
12665.4
12560.7
12217.8
13186.3
13857.5
13533.9
13765.1
13684.4
13745.8
14108.6
14284.1
13422.4
13340
12392
12837.5
13326
13732.1
12733.5
13016
13923.6
13404.2
13161.7
12984.9
12465.8
12548.3
11960
12194.6
11975.1
11324.5
12467
12094.8
12231.4
12218
12450.7
12484.7
12325.4
11777.2
12602.1
12059.1
11898.6
11715.1
11781.1
11457.2
12218.1
12693.7
12094.4
11817
11709.7
11158.5
10522.5
11572.3
10889.5
12066.3
12593.1
12271.7
12181.4
12699.4
13257
13667.2
12954.7
13332.5
12495.5
12790.8
12509.7
12868.7
12415.3
12808.5
12947.5
11916.7
11935.7
11662.6
11578.7
12216.1
12219.6
12246
12282.5
11764
12080.4
12220.5
11740.7
12014.3
11587.8
11380.1
12187.8
13097.1
12492.3
12955.4
12989.8
12753.6
12831.8
12665.6
12469.9
12627.7
12548.1
12438.8
12636.7
12753
12948.5
12674.8
13018.6
12562
12555.4
12074.4
12146.4
12261.6
13047.6
12953
12768.2
12826.3
12524.1
12507.8
13189.3
13209.4
12615.8
12950.6
12890.6
12516.4
12563
12640.2
11963.6
11759.1
12048.1
11410.7
11841.9
12187.4
12108.9
12523.9
11268.7
11810.4
11216
11615.2
11389.2
11906.1
12303.6
11645.7
11487.2
11111.8
10897.7
11379
11490.4
11567
11419.3
11640.9
11470.8
11160.1
10435.3
10196.6
10595.9
10868.2
11135.7
10643.8
11241.4
10586.6
10765.4
11496.5
10803.8
11129.1
10298.7
10912.1
10927.6
10505.9
10389.4
10303
10518.5
10552.8
9444.68
9383.41
9770.29
10069.5
10547.1
10691.7
10259.6
11061.6
9739.24
10317
10970
10827.8
10548.1
10467
10297.5
9897.91
10259.4
10321.8
10100.7
10329.1
10411.5
10592.7
9913.37
10056.8
10156.8
10261.4
9559.99
9599.47
10070.1
10343.3
10158
10086.9
10302.4
10995
11075.4
11249.4
10760.8
11086.3
10454.5
10809
10762.3
11163.5
11013.7
11599.3
11163.2
11732.1
11902.7
11888.1
11615.3
11130.6
11100.7
10967.2
10597.3
10230.8
10783
11060
11234
10272.8
10542.3
10445.5
10510.2
11197.2
11329.7
10660.1
10541.4
11062.5
10863.5
11085.6
11994.8
12033.3
11500.2
10439.5
10823.4
10937.2
11045.4
10601.8
10889.3
10645.2
10265.7
10230.1
10555.8
10486.7
11407.9
11312.2
11180.4
11397.9
11920.7
10921.4
10542.7
9930.59
9849.85
9849.11
10301.1
10530.9
10738.9
10871.1
9927.77
9812.95
10527.7
11064.7
10878.2
11326.8
10857.9
9940.37
10186.6
10002.4
9961.53
9856.53
10160.7
10581.9
10930.9
10792.5
10602.5
11012.3
10850.5
10497.1
10185.7
10227.3
10195.8
10459
10767
10997.2
11061.4
11284
10774.7
10845.6
10705.6
11187.2
11541.8
11744.2
11353.8
10888.8
11197.2
10863
10952
10782.5
10667.8
10975.1
11396.1
11278.3
11543.1
11714.2
12225.7
12562.2
13118.7
13268
13450.5
13921.7
13038.4
12908.9
13354.8
12843.6
13078.4
12048.7
12219.9
12822.9
12729.9
12135.5
12261.7
12505.5
11431.7
11849.3
12304.4
12892.5
12627.3
12465.1
12337.3
12086.5
12232.3
11800
11959
12091.5
12379.3
12765.1
12426.5
12509.6
12363.3
11623.3
12429.6
12412.8
12347.4
13007.9
12836.8
12698.7
12409.7
12671.8
12569.5
12329.2
12308.3
11875.1
11445
11832.6
11830.9
11691.3
11692
12038.2
12256.1
12013.4
12008.8
12360.8
12190.4
11491.3
11261.2
11245.3
11791.1
11881.2
11951.5
11811.4
11557.9
11722.6
12108
12276.5
12726.7
12986.1
12863.6
12554.9
11960.3
11861.5
12384.7
12543.5
12871
12954.8
12621.2
13327.9
13623.4
12852.6
13232
12234.2
11860.1
12018
11217
10365.7
10837
11363.9
11740.2
11233.7
11600.7
10990.4
11656.6
11640.5
10892.7
10403.1
10192
10621.4
10908.8
11158.2
11389.1
11951.7
12094.9
11945.3
12216.1
12441.9
12575.1
12650.5
12736
12885.8
12269.2
12300.7
12342.4
12021
12493.2
12343.1
12241.6
12198.3
12545.1
12705.8
11861.4
11823.8
12428.1
12100.1
12146.9
11868.8
11941
11905.7
12364.2
12810
12587.8
12529.4
12494.3
12637.7
12889.2
12342.7
12667
13227.2
13176.9
12965.4
12094.1
12114.9
11856.9
11592.9
11294.2
11456.9
11601.2
11519.8
11276.3
10947.3
11444.9
11547.5
11382.1
11876.4
11675.6
11745.7
11992.9
11900.8
11769.1
12188.8
11994.5
12208.7
11817.8
12079.5
11696
11497.6
11889.6
11290.4
11694.7
11645.3
11551.1
11326.8
11673.6
11170
10942.4
11100.3
11269.6
11835.9
11877.1
11676.6
11605.2
11705.1
11762.7
11645.2
11895.6
12433.4
12103.4
11074.6
10954.2
11364
11425.6
11039.9
11305.3
11143.2
11594.5
11776.4
12027.2
11988.6
12366.1
12453.5
12088.8
12062.5
11357.8
12088.1
12520.7
11882.8
12189.2
11996.5
12397.2
11903.9
11500.2
11061.6
10921.7
11177.9
11027.5
11178.6
10842.1
11023.5
11008.6
10874.1
10909
10780.7
10766
9874.89
10376.1
10731.6
10525.2
10358
10826.6
10707.8
10788.3
10775.6
10640.9
11665.3
10996.2
10066.2
10727.7
10938.8
10424.2
10705.8
10411.1
10270.9
10313.2
9736.22
10494.5
10541.9
10907.7
11220
10912.8
11479.4
11524.7
11577.4
11205.5
11837.3
11526.3
11038.7
10776.3
10953.2
10647.3
10496.7
10329.9
9990.61
10370.9
10856
10625.2
10462.7
9854.21
9929.27
9703.85
9893.57
10197.3
10055.5
10282.4
9957.15
10497.1
10617.4
10749.9
11058.2
10206.9
9637.5
10577.6
10451.5
10622.7
11163.5
12037.7
12240.8
11610.8
11134.5
11164.4
9996.45
10047.3
10634.8
10275.2
10708
10308.5
10520.7
10599.7
9396.41
10232.5
9894.63
9914.11
10341.2
9861.67
9656.62
10280.6
10682.2
9913.45
9420.83
9172.22
9653.12
10176.8
9033.85
8446.65
8429.15
9147.89
9139.92
8653.82
9284.27
9395.54
10389.3
10084.3
10572.8
10338.2
10113.8
10180
10221.7
9680.21
10166.2
10125
9832.46
10335.3
9535.83
9501.55
10124.3
10074.7
10128.2
9928.97
9865.09
9848.82
10114
9840.91
9926.28
9313.82
9704.6
9434.64
9560.9
8739.28
9148.5
9157.09
9679.76
8776.05
9669.38
9299.12
9221.47
8883.45
8644.57
8717.33
8258.55
8170.58
8133.31
8522.14
8650.13
9544.71
9265.03
9812.92
10160.8
9144.21
9515.42
10160.6
10487.9
11416.9
11399.7
10807.2
11238.2
10342.7
10737.9
9882.49
9350.52
8933.85
8416.17
8860.75
9070.42
8904.86
9147.8
8693.05
8095.44
7557.55
7743.96
7805.43
7719.9
8093.31
8098.61
8251.39
8137.07
7932.87
8272.82
8719.68
8957.86
7723.19
7328.8
7421.71
8411.81
7838.3
8234.2
8727.22
8378.23
8979.15
8558.96
8524.34
8458.8
8488.16
8584.83
8330.9
8846.88
8807.58
9351.27
9354.82
9752.56
10462.4
10430.3
10156.1
9733.05
9735.36
9623.4
9744.92
9063.17
9007.73
8744.32
9095.79
8701.23
8468.69
8628.71
8381.75
8448.98
8447.64
8203.91
8549.59
9048.6
8548.89
8282.33
8897
9003.96
8855
8960
8897.4
8890.2
8840.47
8686.12
8301.92
7837.61
7957.44
8625.44
8831.5
8156.73
7754.01
7091.74
7121.14
7799.19
7563.2
7159.67
6823.46
7748.64
7604.84
7022.19
7444.12
8291.86
8119.75
8496.16
8470.92
8191.94
7681.44
7602.16
7942.25
7625.38
7588.16
8770.8
7958.78
7908.6
7768.08
6653.06
7490.78
7210.07
7138.3
7374.75
6866.41
7034.54
7076.86
7108.61
7439.44
7087.3
7408.75
7473.57
8048.65
8258.25
8631.86
8139.26
7727.99
8196.71
8045.13
8152.3
8309.03
8024.49
7744.99
7089.33
7422.54
7153
7153.29
7159.55
6975.72
7037.37
7004.93
6802.72
7403.45
7070.04
6816.95
6902.97
7452.44
7345.87
7620.29
7983.7
7641.75
8074.25
8795.05
8970.1
8215.94
8757.23
9086.68
9012.13
8231.36
8700.55
9275.42
9037.16
8991.93
9185.63
9308.34
8918.51
8862.48
8533.51
8560.85
9197.58
9014.5
9166.87
9539.81
9283.27
8943.91
8261.32
8514.99
9179.23
8296.9
8570.68
8677.27
8751.47
8553.03
8844.32
9010.59
9098.65
8726.75
8582.61
8871.63
9133.54
8644.27
8148.34
7872.07
7964.16
7758.64
7631.99
8169.18
8153.23
8519.05
8188.63
7810.93
7493.17
8151.06
7432.33
7511.79
7954.77
7751.01
8144.72
8002.61
8166.96
8150.31
8975.13
9570.87
9633.47
9813.36
9538.63
9213.36
8072.89
8829.49
8645.48
8277.05
8162.88
8086.97
8164.42
8281.82
8338.84
8915.69
8992.06
8924.53
8650.94
8588.43
8380.26
8990.78
8306.85
8554.67
8362.6
8302.92
8463.4
8158.81
7847.25
8247.83
7832
7376.14
8320.06
8330.37
8599.02
8587.17
8674.79
8787.15
8515.07
8994.55
9806.68
9451.3
8127.64
7871.37
8033.29
8044.29
9001.43
8201.94
8454.33
8406.67
8543.72
8625.31
9214.26
8820.04
8727.67
8270.65
8253.47
7832.83
7304.32
7743.52
7751.31
7638.33
8102.98
8231.6
8625.38
8363.11
8242.35
8069.83
7851.54
8640.21
8584.92
8408.27
8678.21
8440.33
8627.31
7553.32
7268.82
8215.76
7880.71
7844.72
8046.74
7853.56
8350.48
8465.94
8862.83
8548.5
8132
7985.73
8854.61
8761.94
8883.8
8511.59
9298.59
8635.69
9010.54
8701.59
8675.9
8331.47
8431.87
8286.77
7976.15
8508.78
8102.51
8761.65
8545.25
9393.76
8734
7823.74
7477.4
7755.1
7612.88
7644.29
8133.72
8379.75
8778.24
8553.59
8119.94
8019.24
8009.99
7770.99
7803.7
7885.54
7057.94
6856.83
6605.07
5930.14
6689.77
7138.23
7105.39
7870.79
7326.65
7504.88
7971.17
8083.36
8354.7
9004.26
8631.34
8768.44
8693.55
8686.22
8520.75
7957.09
7918.63
7589.24
7785.91
8292.37
8312.36
8627.35
8218.5
8695.25
8917.51
7886.9
7794.69
8583.63
8494.7
9158.2
8558.06
8565.78
8065.69
7871.52
8028.7
8306.62
7606.6
8006.82
7918.65
7777.95
7772.18
8064.14
7647.27
7322.53
8364.39
7984.96
8171.9
8095.85
7895.75
7165.96
7805.39
7792.99
7549.89
7116.33
6782.94
6978.87
7379.8
7748.25
7039.14
7401.15
6845.79
6982.88
7796.61
8282.02
7928.61
8635.09
8443.99
8610.66
8213.8
8232.94
7976.94
8567
8825.14
8719.82
8947.29
8849.36
8668
9276.44
9249.9
9289.64
9143.22
9010.22
8807.32
9358.68
8815.72
8541.87
8479.55
8833.51
8850.32
8547.14
8535.43
8028.51
7858.17
7880.25
7868.87
8451.15
8912.91
8486.95
7817.85
8458.66
8245.6
7576.81
7501.62
7628.67
7886.25
7044.26
7127.16
6706.4
6875.48
7255.79
6997.21
7364.84
7732.04
7650.54
7667.96
7807.14
7731.8
7498.7
7701.37
7826.62
8690.54
8189.42
7541.24
7653.95
7318.48
7655.34
7194.93
7425.56
8246.06
8390.64
8134.48
8180.22
8252.58
7877.37
8050.56
7520.21
7469.53
8178.65
7611.58
7932.65
7585.2
8791.21
8748.32
9176.44
9053.98
8500.01
8128.67
8228.63
9004.82
9015.58
8884.45
8597.25
7988.88
8000.81
8124.48
8358.26
7956.51
7914.4
8143.26
8321.07
8315.06
8707.96
8355.25
8323.43
8833.35
8806.92
8697.51
8233.04
7800.46
7691.86
7682.42
7926.39
7959.88
7774.57
8150.07
7177.55
7722.01
8150.5
8129.56
7324.02
7939.9
8577.91
8719.78
9135.68
8665.62
8365.95
8375.06
8381.96
8725.89
9094.82
9145.87
8980.87
9054.24
9234.46
9235.01
8742.99
8762.73
8850.78
8541.1
9089.15
8866.56
8643.02
8848.64
9403.47
8705.01
8517.74
8247.09
7939.15
8350.05
8657.23
7956.22
7819.98
7982.53
7796.21
8171.41
8310.71
7694.93
7262.18
7052.32
7335.64
7323.16
7597.94
7643.25
8343.29
8471.59
8081.55
7985.2
8558.15
9139.71
8570.62
8085.09
7777.74
7408.58
8068.17
7868.42
8284.39
8770.54
8594.22
8518.27
8683.87
8451.82
8649.2
8619.55
9156.3
8327.16
7787.71
7654.77
7995.28
8305.89
8024.13
8443.38
8097.53
8386.09
8757.6
8471.69
9012.31
8870.66
9184.09
8223.36
8757.04
9138.18
9133.94
8877.85
8821.2
9189.44
9299.42
9487.66
9223.52
9325.08
9384.02
9582.85
9201.93
9483.09
9342.01
9355.36
9443.46
9136.39
8981.03
8484.44
7942.81
8499.93
8317.04
7875.31
8171.67
8362.06
8642.52
9003.79
9241.07
7998.75
8467.84
8932.53
8734.66
8479.09
8166.81
8487.73
8143.14
8163.98
7557.74
8237.17
8449.95
8412.89
8152.56
8953.08
8739.78
8609.08
8022.22
7807.92
7891.34
7945.28
8153.91
8324.63
7907.72
7877.05
8237.94
8102.67
7917.31
7769.72
8165.83
8098.61
8658.76
8018.48
8321.53
8126.72
7530.63
7722.35
7471.05
7207.66
7560.31
7941.23
8404.81
8412.57
8916.48
9603.31
9116.17
8895.23
8831.41
8468.23
9032
9069.39
8685.78
8367.67
8911.49
8853.15
8530.65
8627.05
8097.68
7928.72
7779.07
7807.11
8133.77
8955.41
8859.6
8014.28
7351.23
7583.35
8119.14
7990.34
8103.13
8239.89
7855.39
8133.05
8350.41
8550.7
8785.81
8200.45
7882.22
7809.31
7934.7
8262.21
8662.39
7929.55
7271.61
7249.42
7290.49
7520.01
8438.93
7585.52
8059.7
7746.47
7954.77
7631.38
7267.68
6447.1
7915.55
8010.52
9106.98
9050.42
9282.68
9957.73
9435.66
9669.59
8772.42
8675.2
8589.16
8216.37
8700.21
8429.01
8085.54
7799.45
7674.24
7764.7
8142.18
7660.41
7458.77
7602.86
7442.82
7316.73
7280.79
7362.2
7032.07
7218.98
7047.54
7347.74
7548.15
7435.32
7363.79
7148.33
7214.55
7392.09
7684.56
7201.1
7204.89
7880.32
7184.14
7747.72
7654.49
8585.91
8820.59
8253.19
7997.77
8262
7448.02
8112.03
7773.73
7754.24
7934.16
7809.19
8160
8319.65
7945.2
8396.8
8186.02
7980.66
7930.52
8264.04
8333.04
8437.84
8649.55
8880.08
8374.9
7864.05
7514.15
7456.01
7966.28
7888.92
7957.88
7982.75
8244.27
7941.38
7845.83
8454.52
8475.56
8645.7
8239.3
7604.19
7920.99
7895.94
7375.4
7744.79
8087.48
8002.82
8132.15
7678.97
8453.02
8396.71
9575.32
8621.71
8449.59
7442.98
7540.94
7345.07
7898.99
8089.54
8511.42
8049.86
8182.85
8976.42
8689.96
8455.77
9287.3
8634.4
8541.6
7937.17
8076.34
8357.53
8007.15
8494.33
8049.8
8204.38
8582.97
8529.36
7776.96
7202.63
7730.42
7513.19
7546.52
7931.84
8164.86
7592.85
7455.32
7088.82
7329.78
7665.98
7531.87
7764.42
7831.81
7202.15
7965.2
7409.42
7067.29
7855.47
8731.31
8213.72
7610.36
7484.06
7829.51
7727.3
8044.22
7425.41
7379.82
7424.31
7331.93
6960.68
7372.33
7124.55
7731.93
8138.28
8483.83
7835.15
7569.95
7707.83
7789.74
7940.86
8318.85
8518.15
8346.49
8226.4
7863.35
8021.43
7604.24
7454.66
7211.52
7161.89
7783.97
6801.41
7135.33
7121.1
6660.58
7154.26
6530.68
6962.57
6994.38
6814.16
6588.01
6973.38
7068.2
7239.17
6863.65
6892.58
6957.19
7392.86
7799.02
7716.92
7552.51
7212
7775.38
7712.76
7765.26
7133
7381.74
6979.65
6677.43
6533.53
7087.88
7092.19
6764.66
7064.97
6708.31
6685.52
6772.57
6320.78
6090.31
6668.09
6851.39
6152.07
6626.03
7181.36
7133.03
6973.34
7523.09
7618.03
7543.77
7293.79
7615.58
7323.48
7451.11
7007.17
7118.79
6962.22
7535.89
7602.48
7397.4
7884.14
7609.49
7482.84
7478.67
7802.84
7433.43
7242.52
7389.99
7460.59
7005.31
6743.54
7120.93
7001.47
6844.94
6889.01
6652.16
6904.16
7157.37
7421.04
7507.13
7094.04
7570.83
8267.54
7864.47
7806.39
6855.69
7034.9
7248.8
7587.31
7843.98
7910.08
7220.88
7576.51
7599.81
7777.54
7848.79
7766.98
7152.8
7244.41
6785.36
6592.82
6798.38
6622.73
7711.44
6748.43
6535.15
6220.26
6193.55
6847.21
6953.27
6805.9
6735.99
6851.34
7130.06
7257.64
7093.72
6665.14
6997.05
7010.67
7176.61
7266.63
7518.28
7906.92
6970.16
7183.23
7612.9
7372.37
7279.64
7788.63
7123.96
7466.81
7256.47
7622.82
7604.67
7644.48
7412.8
7094.57
6836.13
7002.27
6107.65
6559.41
6677.27
6735.79
6716.3
6589.97
6827.51
6847.73
6941.05
6768.24
6954.35
7280.09
7048.08
7066.62
7289.79
7204.75
7005.99
7100.95
6643.74
6583.29
6962.52
6709.3
6589.13
6570.44
6357.44
6240.06
6230.58
6544.43
6531.07
6474.9
6294.55
6043.17
6296.13
6848.79
6738.55
6775.04
7369.54
6481.48
6972.64
6694.18
7602.55
7195.04
6610.76
6916.25
7090.59
6909.96
6710.43
6844.93
6542.27
7322.71
6851.75
6730.75
7241.62
6938.88
7521.7
7217.85
7063.13
6800.37
6817.86
7544.51
8117.64
7946.65
8205.96
7786.83
7828.11
8128.37
8192.79
8445.92
8893.34
7736.59
8325.08
8291.31
8183.54
8405.53
7736.51
7709.91
7742.9
7857.56
7396.15
7511.78
7479.76
7198.56
7250.31
7416.76
7578.93
7141.99
7334.53
7150.5
6961.21
6743.26
6480.8
6482.79
6269.74
6242.72
6551.31
6299.05
6452.28
6866.37
6650.23
6708.73
6355.97
6351.39
6333.83
6273.23
6038.43
6093.88
6650.88
7009.67
6378.34
6457.67
6878.01
6512.21
6902.97
6793.86
6803.42
6567.72
6813.31
6703.85
6932.49
6728.64
6651.86
6507.05
6341.11
6365.54
7145.65
6845.29
7327.07
7378.4
7421.16
6585.26
7119.13
7418.49
7602.92
7397.45
7545.53
7704.2
8235.23
7609.25
7014.13
6718.25
7096.5
6970.98
7173.5
6751.1
6843.78
6709.05
6964.88
7150.23
7420.16
7683.76
7298.92
7749.17
7342.27
7267.74
7109.2
6562.95
6399.99
6819.02
6533.95
6558.91
6678.27
6720.34
6437.45
6571.25
6347.89
6138.93
6076.08
5909.05
5742.23
5935.95
6703.79
6640.86
6617
6267.29
6008.36
6011.14
6190.66
6569.5
6210.37
6455.98
6315.02
6617.36
6655.14
6300.47
6414.57
6632.13
6229.73
5979.97
6244.2
6162.28
5742.15
6283.08
5551.51
5956.03
6046.64
6218.31
5482.29
5989.8
6182.26
5826.14
5594.25
4960.38
5613.22
5677.51
5431.72
5190.98
5366.98
5483.33
6071.44
5530.49
5439.06
5339.79
5956.65
5708.06
5112.98
5186.93
5139.56
5231.72
5607.26
5596.89
5946.47
5606.22
5667.31
5610.29
5543.64
5658.88
6067.42
6418.05
5860.28
5903.28
6229.66
6271.39
6605.25
6722.73
6672.39
6542.8
6585.39
6444.45
6366.74
6778.25
6626.79
6627.42
6687.18
6733.83
6953.51
6591.18
7084.44
6754.27
6615.98
6720.54
6578.39
6640.39
5903.38
5897.14
6136.06
6104.74
6207.48
6257.24
6199.67
6042.42
6619.61
6431.33
6218.22
6626.74
6512.12
6982.08
6468.97
6106.46
6161.71
6717.25
6681.5
6823.96
6861.88
6832.55
7232.45
6762.81
6748.84
6939.88
6672.22
6516.05
6663.14
6827.44
6986.84
7025.94
6692.85
6875.89
6819.58
6979.35
7058.03
7138.98
7407.6
8000.72
7722.25
7262.95
7614.22
7755.27
7508.73
7418.03
7027.78
7238.3
6746.28
6783.35
7468.61
6797.03
6703.7
6738.28
6732.48
6556.99
6539.11
6081.84
6281.35
6736.76
6581.53
6113.62
6135.24
5837.67
6486.31
6810.4
6488.66
6390.48
6125.6
6435.41
6733.86
6647.41
6599.34
6302.84
6248.94
6087.65
6101.75
5996.37
6318.74
6310.06
6195.72
6416.04
6165.3
6735.04
6479.7
6520.53
6699.99
6689.05
6717.02
6820.75
6987.09
6848.26
7053.82
6880.44
7014.7
6967.04
6871.97
6306.9
6455.1
7032.97
7198.82
7214.78
6970.55
7647.8
7143.88
6699.89
6882.67
6914.34
6524.59
6358.99
6052.76
6000.99
6032.76
6174.37
5882.62
5820.39
6129.13
5931.94
6055.8
5629.7
5704.98
5638.68
5651.38
5955.34
5898.46
5821.98
5869.68
6356.21
5986.28
6363.92
5993.75
5224.86
5602.37
5922.62
5363.41
4704.19
4964.37
5222.97
4997.85
4887.14
5643.4
5546.48
5601.41
5574.85
5168.99
5347.3
5343.1
5417.3
5212.69
5018.28
4678.99
4848.91
5617.94
4991.67
5277.04
5165.45
5279.67
5226.94
5551.79
5103.84
5100.72
5266.08
4805.64
4777.71
4835.87
4821.17
4857.54
4789.59
5169.21
5877.57
5956.1
6159.38
5360.9
5130.34
5172.2
5121.89
5298.92
4928.96
4839.46
4669.9
4465.23
4604.5
4607.66
4593.33
4518.1
4719.75
5314.03
5523.83
5362.36
4864.27
4648.46
4688.96
4915.83
4764.66
4636.61
4859.35
5275.57
5942.03
6504.66
6421.14
5815.37
5873.93
5519.37
5339.86
5617.38
5569.79
5699.1
5806.06
6160.41
6186.52
6038.45
6083.35
6232.09
6020.2
6228.83
5343.9
5241.86
5871.81
5279.95
5336.89
5380.56
5794.65
5282.46
5253.14
4922.22
5154.26
4703.51
4889.17
4950.17
5102.69
5177.2
5144.21
4964.67
4865.43
5019.33
5528.91
5494.95
5219.37
5384.29
5113.1
5768.19
6157.22
6013.38
5901.48
5199.81
4916.57
5008.26
5277.49
5113.64
5089
5366.55
5283.37
5352.53
5643.2
5623.31
5244.3
5138.03
4855.39
4894.88
5315.8
5752.57
5437.56
5418.4
5535
5578.36
5461.25
5651.15
5403.53
5359.21
5266.57
5715.79
5784.64
5454.85
5413.72
5454.56
5244.83
5483.42
5212.08
5756.41
5917.09
6252.94
6175.11
5855.22
6435.95
6679.33
6307.95
5815.49
6208.03
5943.22
6163.63
6279.64
5844.86
6064.17
5353.54
5456.74
5332.92
5506.25
5537.34
5424.54
5618.26
5960.2
5881.94
5444.86
5536.01
5503.62
5700.82
5373.54
5273.33
5145.93
5310.75
5315
5588.04
6269.96
6129.27
6522.56
6213.19
6188.03
5859.66
6032.89
5700.58
5848.59
5988.43
6128.39
6107.27
5720.4
5221.44
5592.28
5861.75
5469.48
5494.81
5683.91
5460.69
5668.68
5628.52
5602.12
5948.92
6035.87
5918.06
5748.97
5894.18
5663.47
5964.87
5623.92
5517.83
5539.87
5373.37
5380.71
5061.87
5644.11
5523.58
5174.56
5294.47
5441.84
5081.82
5470.48
5962.13
5988.74
5853.22
5876.9
5090.28
5147.18
5122.71
4612.03
4664.32
4734.88
5194.66
5110.99
5258.11
5173.71
5340.46
5000.05
4691.95
4957.59
4931.08
5065.81
4909.55
5049.2
4692.77
4642.61
4714.51
3850.49
3697.5
3377.57
3423.69
3584.73
3864.73
3603.14
3816.63
3599.88
3772.92
3883.06
4050.58
3878.29
4038.66
4271.44
4077.09
4331.47
4240.14
4111.77
4248.04
4211.26
4255.69
4130.98
3924.87
3850.54
3763.53
3784.35
4096.64
3985.09
4242.43
4274.82
4341.22
4532.38
4366.74
4123.32
4170.09
4382.29
4071.45
3998.8
3963.7
4042.3
3954.48
4268.86
4316.83
3951.28
4116.65
3889.36
4170.1
4424.8
4361.31
4421
4510.5
4486.68
4314.83
4105.74
4273.14
4914.55
4859.41
4739.35
4962.56
4543.32
4748
4744.76
4880.46
4715.61
4841.27
5247.2
4865.47
4732.85
4593.76
4836.87
4790.49
4740.18
4805.68
4955.53
4768.77
5000.8
4634.14
4893.57
4600.08
4411
3956.25
4301.65
4358.24
4195.75
3887.71
4051.44
3976.21
4237.33
4116.59
4009.64
4217.65
3819.23
3954.76
3717.8
3832.59
3681.68
3767.54
4108
4184.49
4083.15
4379.31
4035.04
3767.83
3589.8
3583.87
3803.22
3972
3992.44
3717.3
4146.83
4107.27
4211.24
4200.73
4092.62
3673.24
3551.29
3938.08
4130.98
4056.66
3574.12
3949.02
3700.78
4041.18
4180.95
4098.07
4474.94
4560.67
4366.18
4039.97
4109.98
4348.14
4340.42
4701.13
4474.05
4379.9
4279.4
4343.35
4477.37
4393.23
4241.87
4201.02
4240.09
4842.14
4597.75
4621.59
4304.64
4143.82
4581.83
4366.71
4552.98
4331.58
4248.67
4112.31
4233.96
4429.83
4345.16
4467.93
4704.67
4623.75
4563.31
4393.05
4921.82
4293.32
4412.34
4680.94
4482.59
4548.91
4565.72
4556.89
4835.46
4673.91
4597.4
4665.08
4829.37
5105.3
5079.43
5108.14
5285.62
4797.53
4597.3
4940.87
4922.63
4937.55
5119.61
4762.94
4708.07
4587.72
4485
5027.48
5010.06
4778.13
4673.16
4456.17
4574.8
4260.08
4357.12
4184.42
4370.58
4569.3
4501.92
4762.59
4798.81
4642.78
4883.06
4564.91
4427.67
4126.91
4267.98
4398.08
4404.63
4208.83
4370.95
4396.71
4151.57
3977.16
3762.25
3803.82
4027.45
3746.1
3750.8
3705.19
4059.66
3793.45
3758.52
4060.54
3733.23
4032.51
3857.3
3748.39
3770.64
3922.12
3953.69
4039.11
4080.95
4618.38
4379.96
4324.9
4591.43
4514.76
4886.29
5093.3
4781.09
4398.96
4442.84
4066.25
4227.05
4321.76
4520.17
4670.21
4432.09
4359
4240.73
4635.28
4570.23
4455.18
4625.25
4667.38
4663.77
4419.4
4403.22
4438.77
4340.67
4549.2
4442.96
4188.38
4089.73
3856.93
3983.01
3864.97
3894.22
3810.74
3810.41
3943.76
3732.66
3759.78
3877.89
3820.9
4108.85
3814.21
3775.94
4035.37
4207.96
4294.48
4170.17
4028.78
4033.64
4162.6
3896.24
4309.13
4085.39
4103.3
4181.98
4561.91
4143.13
4283.12
4112.99
4171.7
4391.86
4667.28
4687.23
4288.03
4378.23
4464.42
4530.94
4438.77
4599.78
4574.06
4617.6
4758.73
4810.55
4791.56
4686.41
4582.56
4508.7
4565.79
4840.85
4706.52
4475.04
4795.83
4631.62
4575.42
4595.42
4677.2
4611.01
4428.61
4710.05
4757.57
4264.93
4228.32
4184.04
4120.02
4222.21
4400.08
4524.99
4534.8
4685.61
4819.6
4519.86
4249.09
4526.05
4389.53
4839.02
4929.22
4787.37
4491.66
4479.35
4835.06
4966.38
4701.25
4952.71
4854.36
4972.79
5119.68
4788.86
4639.2
4537.45
4354.59
4578.75
4776.26
4933.81
4654.07
4827.31
5075.99
5256.36
5296.28
5186.23
5034.06
5277.02
4902.21
4505.01
4825.45
5045.27
4878.24
4965.85
5163.43
5051.27
4745.19
5005.42
5136.23
5039.46
5230.6
5254.05
5655.71
5380.92
5202.2
5049.85
5204.72
5573.24
5575.71
5183.36
4907.12
4933.72
4918.49
4726.36
4680.85
4732.63
5212.87
5067.05
5062.23
4849.93
4932.91
5029.65
4688.36
4416.15
4529.93
4470.8
4454.52
4621.23
4390.07
4102.37
4078.12
3751.27
3916.16
3990.95
4278.03
4220.39
4424.3
4223.48
4237.35
4278.06
4186.74
4006.99
4300.27
3886.59
3681.86
3934.85
4063.34
3872.43
3982.43
3972.92
3741.45
3782.68
3876.57
3694.61
3707.6
3983.06
4003.3
4377.04
4477.5
3664.48
4213.63
4334.95
4368
4396.25
4336.49
4563.52
4592.45
4589.23
4401.34
4296.18
4201.55
4219.33
4043.02
3983.6
3862.56
3862.84
4025.17
4074.93
4003.78
4477.42
4915.8
4714.31
4681.92
4743.86
4577.25
4511.72
4409.19
4322.39
4428.35
4954.63
4668.92
4690.69
4693.86
4603.63
4446.31
4247.02
4311.04
3840.86
3730.8
3689.57
3510.13
3671.92
3756.95
3981.07
4053.75
4255.57
4266.75
4516.39
4753.72
4675.19
4504.32
4661.07
5151.21
5252.28
5084.82
4829.89
4585.4
4550.19
4257.41
4614.19
4719.02
4599.82
4314.64
4281.32
4706.57
4664.43
4784.75
4860.65
4748.32
4820.35
4666.31
4517.14
4571.45
4629.65
4470.84
4518.66
4296.77
4034.01
4137.67
4298.38
3974.81
4112.59
4420.82
4809.65
4389.55
4292.28
4156.69
4355.53
4067.16
4226.15
4504.96
5120.69
4791.25
4549.99
4327.32
4208.27
4277.69
4479.37
4108.82
4462.55
4254.62
4133.22
4420.78
4276.26
4075.97
4410.15
4419.98
4644.11
4625.92
4447.8
4462.63
4611.7
4770.74
4600.78
4760.62
4922.24
4816.87
4661.36
4607.01
4688.65
4631.66
4812.72
4651.6
4822.11
5068.7
5294.7
5237.85
5208.31
5013.46
4623.59
4941.92
4711.32
4674.94
4421.3
4405.03
4413.74
4314.76
4068.94
4069.72
4162.62
4036.49
3926.45
3898.01
4138.77
4024.67
4016.61
3770.56
3704.25
3964.92
3885.9
3839.43
3690.36
3767.08
3769.27
3796.54
3659.56
3405.86
3524.44
3690.82
4344.38
3649.16
3947.38
4031.39
3867.39
4107.61
4191.9
3835.16
3802.34
3814.99
3888.5
3697.83
3467.59
3668.77
3514.1
3648.7
4067.93
4068.16
4045.98
3912.97
3917.69
4134.3
4168.77
3953.97
3667.29
3520.94
3821.11
3886.92
3895.13
3966.91
4005.11
3932.97
3847.36
3606.83
3409.79
3526.62
3568.04
3757.39
3915.15
3830.21
4096.05
4014.18
3991.42
3835.14
3841.21
3999.43
3674.04
3740.11
3543
3774.29
3679.22
3757.6
3998.9
3882.05
3844.49
3668.4
3560.7
3650.06
3558.83
3584.97
3641.77
3667.12
3671.38
3707.17
3756.62
3656.79
3407.72
3500.03
3477.58
3799.97
3772.27
4147.97
3743.13
3655.59
3646.41
3723.6
3625.04
3657.59
3483.79
3712.44
3866.51
3729.71
3777.5
3562.7
3556.57
3600.56
3632.96
3671.61
3801.7
3941.96
3798.4
3689.91
3955.93
3575.85
3639.11
3921.47
3995.03
3707.39
3975.14
4016.6
3766.23
3842.58
3758.71
3734.79
3774.57
3885.66
4045.64
3902.13
3986.46
3942.16
4067.21
4102.91
4052.15
3898.73
3992.18
4235.03
4084.33
3984.37
3855.02
4015.32
4002.14
4047.11
3834.2
3635.44
3648.07
3666.81
3503.64
3634.63
3585.09
3669.79
3655.92
3794.34
3726.83
3763.57
3472.65
3688.14
3405.6
3301.36
3475.03
3351.02
3488.04
3297.84
3310.68
3426.17
3487.16
3251.63
3363.61
3358.67
3484.24
3168.94
3080.91
3044.1
3110.88
3272.3
3301.2
3737.59
3347.79
3367.7
3633.7
3582.78
3658.65
3873.05
3354.48
3447.56
3459.24
3548.63
3475.45
3103.9
3189.73
3573.87
3319.26
3136.99
3073.47
3245.58
3322.98
3280.38
3070.18
3351.7
3227.22
3400.01
3369.61
3153.17
3479.29
3336.41
3362.98
3391.52
3268.98
3414.47
3405.78
3434.41
3273.31
3465.09
3613.13
3196.76
3226.52
3210.25
3530.56
3322.39
3235.22
3100.17
3227.85
3464.7
3396.19
3532.55
3666.84
3868.49
3686.36
3678.28
3700.64
3795.58
3727.56
3596.46
3677.09
3941.7
3938.62
3578.85
3528.02
3577.35
3919.07
3666.91
3587.21
3489.87
3693.11
3760.06
3636.77
3714.82
3805.2
3811.95
3981.04
3831.11
3498.68
3495.11
3586.46
3558.61
3808.47
3633.79
3933.44
4057.72
3936.96
3890.27
3915.38
3686.9
3920.65
3869.16
3676.85
3835.26
3683.67
3490.54
3341.59
3385.96
3602.38
3853.61
3725.98
3698.32
3679.55
3866.21
3821.01
3869.39
4011.63
3916.03
3995.92
3959.51
3934.63
4100.39
3837.14
3950.11
3565.16
3822.51
3693.14
3648.51
3723.73
3713.79
3746.31
3653.31
3772.03
3839.82
3860.06
3855.95
3984.54
3789.71
3729.78
3460.54
3484.18
3672.31
3555.39
3502.6
3534.94
3472.69
3248.38
3296.65
3233.89
3324.87
3288.54
3449.46
3526.08
3463.18
3189.21
3227.51
3419.15
3402.79
3357.48
3453.74
3221.4
3262.8
3269.74
3193.1
3318.09
3427.64
3471.55
3519.17
3325.14
3407.41
3564.64
3485.82
3594.18
3502.5
3399.82
3189.92
3237.71
3292.19
3235.6
3294.22
3161.58
3252.62
3448.35
3169.71
3109.58
3119.48
3063.09
3108.52
3119.56
3176.5
3338.77
3447.55
3432.89
3364.95
3604.74
3533.61
3479.99
3324.65
3538.12
3628.59
3421.38
3455.3
3228.57
3304.42
3178.37
3280.35
3210.56
3182.13
3275.36
3632.55
3222.31
3235.04
3093.83
3089.63
3101.08
3061.36
2851.23
2968.95
2891.99
2667.32
2942.16
2988.85
3032.19
2876.44
2737.28
3016.5
3063.49
3102.71
3023.47
3046.52
3041.86
3051.32
3027.06
3060.67
3117
3024.67
3416.55
3394.58
3303.89
3301.81
3159.94
3451.29
3450.25
3357.15
3613.27
3427.11
3400.19
3483.1
3550.98
3532.46
3243.5
3312.67
3337.72
3387.31
3370.05
3453.65
3385.92
3320.41
3128.32
3264.51
3460.22
3512.37
3624.47
3473.6
3503.2
3498.13
3333.42
3192.61
3261.13
3270.34
3201.7
3227.6
3313.18
3428.98
3534.22
3543.37
3737.66
3561.71
3730.95
3686.11
3631.9
3534.92
3272.85
3396.49
3340.38
3577.46
3311.15
3356.97
3529.53
3563.93
3448.83
3382.4
3637.64
3472.58
3369.64
3516.31
3569.24
3369.21
3416.09
3409.33
3600.57
3550.89
3478.58
3425.78
3636.3
3436.72
3259.04
3172.89
3105.8
3359
3248.67
3190.82
3165.75
3235.1
3186.34
3370.82
3391.84
3167.88
3220.86
3235.66
3232.97
3163.53
3416.73
3527.97
3806.89
3831.32
3622.98
3683.01
3628.91
3404.59
3422.78
3253.12
3171.84
3143.14
3009.44
3101.2
3073.79
3049.16
3034.63
2831.08
2880.91
2881.13
2889.46
2899.15
2948.49
2862.8
3099.52
3108.8
3036.11
3010.33
3059.71
3327.94
3415.67
3407.76
3120.09
2926.29
2984.25
2720.75
2747.3
2482.45
2460.97
2456.48
2424.56
2508.84
2437.16
2644.51
2510.4
2656.79
2612.27
2322.37
2626.75
2808.72
2953.99
3041.59
2998.36
2704.7
2647.82
2716.41
2838.56
2865.11
2894.34
2856.31
2783.21
2682.19
2710.98
2573.5
2671.92
2854.04
2849.59
2842.89
2994.11
2902.83
2967.48
2788.38
2583.01
2561.35
2553.96
2600.32
2648.64
2762.77
2666.8
2769.12
2991.36
2852.49
2920.19
2747.65
2873.85
2539.7
2499.82
2694.2
2501.04
2474.02
2472.51
2579.98
2653.94
2451.41
2410.9
2398.15
2377.2
2420.94
2461.33
2519.82
2351.28
2190.88
2296.26
2461.54
2361.18
2225.42
2184.68
2222.5
2149.47
2271.09
2232.61
2114.51
2201.1
2275.27
2304.28
2465.01
2498.48
2383.14
2507.56
2556.11
2597.39
2609.8
2544.32
2397.18
2286.79
2456.15
2319.04
2313.64
2383.34
2352.17
2496.37
2363.8
2388.25
2507.42
2521.21
2361.53
2418.31
2452.86
2673.54
2579.48
2788.39
2596.3
2506.74
2425.88
2260.17
2349.57
2381.8
2433.25
2533.06
2473.94
2516.06
2581.91
2725.29
2514.22
2408.28
2463.79
2612.59
2604.57
2499.47
2459.34
2593.84
2586.67
2540.34
2512.62
2542.05
2497.76
2539.95
2773.43
2692.5
2600.18
2665.9
2591.98
2814.18
2762.4
2524.24
2526.84
2595.32
2587.41
2829.5
2720.03
2901.86
2767.16
2613.68
2852.75
2771.79
2879.81
2814.38
2867.88
2870.87
2755.1
2617.97
2597.42
2510.23
2418.39
2499
2655.25
2586.96
2734.37
2449.41
2492.38
2294.78
2330.28
2605.79
2462.16
2374.45
2434.84
2306.07
2370.95
2257.69
2246.05
2490.93
2370.93
2553.18
2553.82
2644.03
2651.46
2388.26
2406.14
2620.47
2520.61
2504.92
2513.03
2361.19
2362.98
2352.06
2350.65
2357.39
2535.75
2700.7
2843.59
2796.65
2796.83
2666.73
2595.66
2424.34
2524.98
2653.08
2700.55
2605.38
2775.9
2639.56
2581.39
2618.81
2616.68
2419.75
2391.06
2350.5
2540.13
2533.23
2572.27
2647.7
2424.46
2482.18
2658.1
2570.83
2529.83
2654.49
2660.21
2610.34
2531.69
2588.17
2502.07
2345.03
2191.51
2323.17
2373.48
2322.74
2334.61
2377.65
2491.68
2362.94
2293.91
2525.36
2383.56
2418.78
2314.89
2376.79
2398.06
2313.62
2355.69
2398.79
2369
2248.47
2263.67
2324.67
2307.25
2345.75
2326.43
2401.06
2500.02
2412.51
2530.88
2492.34
2467.29
2464.47
2479.88
2511.24
2450.22
2452.95
2544.97
2530.77
2680.19
2775.49
2663.45
2538.34
2388.5
2621.42
2553.89
2549.6
2321.4
2251.62
2205.73
2213.64
2240.63
2170.14
2260.81
2136.55
2129.9
2193.96
2595.93
2627.42
2634.5
2474.6
2480.84
2381.63
2456.19
2261.75
2443.85
2510.73
2379.98
2403.08
2450.33
2388.54
2321.56
2349.52
2269.86
2439.75
2411.61
2457.87
2577.49
2716.12
2710.43
2758.55
2614.55
2592.5
2557.21
2685.91
2642.05
2698.28
2888.37
2730
2605.05
2652.82
2535.31
2608.43
2326.31
2252.1
2302.56
2269.29
2247.33
2262.32
2312.97
2326.3
2320.23
2299.92
2539.67
2509.17
2289.8
2399.61
2450.52
2269.81
2233.31
2300.09
2419.2
2204.69
2265.13
2239.08
2284.69
2393.09
2237.81
2275.3
2189.77
2222.59
2218.1
2457.5
2325.89
2181.09
2303.91
2201.47
2268.09
2304.48
2221.19
2236.78
2258.06
2281.87
2281.55
2447.56
2382.49
2441.4
2581.59
2575.02
2464.23
2323.7
2214.23
2252.03
2357.96
2246.95
2314.72
2113.09
2318.27
2338.4
2111.9
2070.31
2133.24
2104.81
2232.11
2273.88
2336.62
2227.61
2316.15
2345.58
2564.48
2353.15
2358.95
2425.35
2510.36
2514.03
2552.82
2872.93
3054.73
2969.76
2791.43
2853.11
2873.97
2757.58
2746.74
2792.67
2845.23
3005.86
2884.22
2820.04
2858.76
2901.6
2770.47
2522.07
2656.17
2711.3
2505.63
2484.34
2523.98
2584.31
2546.46
2435.02
2376.28
2583.46
2310.16
2426.92
2175.65
2207.45
2243.66
2344.04
2367.69
2259.91
2239.14
2335.22
2229.78
2355.93
2438.72
2429.22
2411.74
2449.32
2355.28
2502.2
2416.23
2516.85
2600.79
2566.8
2509.37
2616.92
2723.74
2439.52
2387.38
2536.95
2444.94
2431.65
2432.69
2504.23
2449.52
2548.94
2651.45
2644.65
2463.63
2618.14
2425.26
2443.04
2443.59
2354.99
2280.86
2398.86
2417.32
2415.26
2394.22
2355.33
2407.98
2490.91
2283.37
2107.75
2150.5
2195.1
2223.82
2198.01
2230.16
2231.64
2123.93
2026.44
2059.91
2138.14
2037.78
1986.92
1973.75
2122.62
2061.79
2187.3
2206.89
2159.45
2100.14
2086.09
2065.61
2172.04
2233.8
2216.13
2053.1
2096.74
2037.33
2076.66
2049.7
2149.69
2350.88
2091.35
2240.71
2106.44
2216.75
2024.91
2081.36
2133.9
2174.68
2153.15
2028.47
2179.99
2096.51
2043.13
2025.78
2071.49
2108.73
2030.95
1939.27
1881.98
1862.72
1831.66
1887.93
1840.02
1861.36
1729.47
1740.36
1739.09
1722.01
1782.43
1694.45
1793.24
1821.85
1857
1879.9
1842.6
1897.68
2092.79
2050.2
1944.59
1924.52
2041.64
2077.41
1972.34
1971.85
2108.19
2027.11
2073.65
1983.52
2025.42
1988.71
2079.5
2077.02
2089.48
2213.31
2068.91
1996.04
2059.53
2019.04
2283.04
2264.33
2072.08
2188.34
2348.83
2238.26
2124.31
2116.42
2230.37
2244.05
2196.31
2327.62
2331.08
2268.8
2221.42
2153.39
2134.14
2083.03
2025.07
2019.86
2083.13
1999.77
2060.36
2112.72
2315.67
2248.11
2178.88
2154.21
2205.94
2062.62
2120.1
1911.38
2092.43
2013.94
2014.7
2033.3
1992.27
2109.53
2110.14
1987.23
2130.31
2046.47
2092.63
2182.17
2335.28
2153.72
2131.58
2167.47
2298.44
2104.37
1959.54
1987.2
1980.14
1922.19
1999.67
2016.14
2037.82
2100.76
2031.28
1957.96
1966.21
2012.15
1958.81
1849.13
2040.83
1976.23
1953
1839.95
1899.87
1761.4
1856.59
1860.96
1896.95
1944.32
1857.12
1797.33
1770.69
1709.7
1832.28
1779.42
1679.06
1647.94
1826
1875.21
1770.5
1825.12
1788.62
1729.77
1761.6
1777.14
1782.06
1841.25
1779.13
1812.86
1812.73
1875.19
1868.66
1897.67
1882.63
1787.61
1846.32
1856.51
1816.07
1923.78
1980.73
2016.41
2091.93
2197.29
2225.77
2095.39
2078.55
2173.32
2236.64
2048.46
1994.32
2067.12
1953.2
1962.04
1832.61
1839.22
1839.89
1875.77
1896.88
1987.03
1937.84
1978.77
2095.98
1993.56
2007.26
2045.68
2088.93
1959.62
1853.16
1876.92
1789.76
1750.61
1854.61
1984.41
2026.79
2003.33
2071.35
2135.75
2030.74
2051.87
2026.61
2123.19
2090.25
1939
1934.57
1944.49
1883.87
1895.2
1950.66
1814.21
1819.41
1979.88
1943.88
1977.04
1903.5
1916.63
1916.57
1973.63
1841.97
1767.55
1701.73
1834.69
1972.02
1864.48
1848.88
1881.29
2042.43
1910.89
1826.04
1835.52
1837.89
1887.73
1865.94
1791.4
1658.36
1679.05
1714.88
1707.07
1707.85
1614.61
1636.56
1709
1806.2
1749.24
1849.17
1890.28
1819
1727.5
1805.73
1695.12
1773.27
1779.12
1782.28
1815.26
1826.41
1690.24
1695
1672.26
1641.9
1772.27
1786.79
1822.41
1789.22
1823.03
1766.24
1823.79
1778.3
1843.72
1858.14
1921.54
1877.53
1922.46
1777.04
1866
1911.52
1870.92
1770.04
1741.85
1662.1
1828.03
1911.26
1888.63
1904.18
1933.17
1871.07
1880.36
1894.56
1951.02
1925.03
1816.21
1779.47
1785.8
1775.24
1857.19
1850.79
1924.74
1875.93
1781.94
1794.54
1786.51
1727.52
1841.72
1848.37
1854.56
1821.71
1748.51
1677.68
1726.89
1664.47
1716.59
1712.05
1651.62
1715.25
1674.18
1787.7
1752.6
1740.62
1793.28
1801.63
1918.75
1909.58
1825.1
1798.92
1839.79
1809.99
1783.19
1766.61
1717.57
1720.64
1724.05
1716.32
1819.74
1871.63
1853.59
1906.37
1869.62
1801.94
1830.85
1758.89
1844.6
1847.2
1778.83
1772.05
1952.2
1949.6
1908.9
1763.95
1773.14
1800.26
1708.63
1677.65
1623.7
1643.63
1665.81
1606.08
1697.28
1660.09
1606.52
1629.66
1638.21
1686.77
1673.84
1507.35
1549.4
1552.53
1672.85
1724.4
1621.35
1569.18
1604.97
1660.71
1579.75
1531.83
1503.2
1563.87
1498.92
1506.69
1516.66
1541.98
1698.16
1625.89
1656.57
1630.64
1635
1663.06
1781.44
1816.58
1676.33
1753.63
1732.7
1615.28
1657.65
1693.87
1628.42
1683.4
1638.26
1596.38
1698.27
1633.87
1663.75
1604.45
1601.3
1658.08
1704.72
1806.74
1717.5
1600.98
1576.18
1572.83
1626.72
1627.53
1661.95
1711.02
1822.68
1756.28
1853.91
1773.6
1764.2
1990.24
1845.42
1943.98
1891.26
1814.57
1700.01
1769.39
1760.24
1838.37
1747.38
1755.45
1692.82
1824.21
1763.03
1745.83
1832.29
1779.2
1789.06
1864.54
1807.61
1834.8
1799.97
1840.83
1853.44
1812.95
1821.93
1766.91
1790.13
1783.13
1831.42
1829.91
1798.08
1821.03
1906.63
1814.59
1761.56
1831.38
1775.04
1713.38
1678.78
1693.44
1746.21
1798.44
1804.09
1811.64
1772.7
1846.3
1764.54
1773.87
1797.47
1734.42
1751.51
1742.42
1625.45
1701.8
1667.91
1711.8
1814.56
1887.39
1836.16
1686.74
1695.52
1695.99
1700.67
1576.27
1639.33
1679.97
1644.8
1723.47
1742.66
1731.35
1755.31
1726.32
1689.62
1645.77
1608.15
1633.41
1648.59
1595.4
1586.72
1633.56
1666.91
1636.08
1598.18
1626.53
1629.58
1623.38
1600.11
1596.77
1531.15
1521.41
1500.75
1543.74
1533.5
1596.17
1577.36
1501.69
1486.08
1563.74
1545.74
1582.88
1579.04
1596.8
1659.41
1632.16
1542.8
1542.15
1530.37
1608.62
1579.94
1617.46
1491.4
1493.16
1566.05
1577.92
1603.11
1564.15
1602.28
1601.08
1588.6
1571.93
1656.71
1696.74
1656.03
1644.66
1553.23
1568.81
1637.33
1661.89
1638.02
1740.73
1638.16
1644.05
1568.57
1594.19
1595.11
1797.07
1775.17
1811.61
1787.83
1638.52
1597.23
1570.45
1546.59
1707.49
1686.16
1643.24
1535.87
1525.14
1479.25
1507.61
1572.07
1540.13
1525.44
1521.24
1569.04
1584.51
1583.41
1591.52
1583.57
1497.31
1505.12
1452.03
1480.44
1466.6
1472.5
1571.79
1580.88
1645.02
1691.6
1585.32
1576.78
1528.42
1570.3
1655.29
1673.58
1662.55
1571.89
1588.77
1415.37
1440.93
1481.72
1445.88
1432.13
1508.82
1494.34
1645.72
1590.92
1589.87
1586.37
1599.11
1603.83
1615.83
1597.86
1623.89
1541.09
1524.31
1543.39
1555.75
1466.32
1456.78
1519.11
1549.04
1645
1547
1626.25
1701.81
1632.33
1688.28
1646.66
1640.3
1644.47
1713.69
1770.74
1808.97
1782.06
1643.82
1646.99
1666.63
1723.19
1685.64
1724.89
1666.22
1682.78
1656.1
1664.35
1688.58
1737.03
1758.75
1776.06
1658.19
1671.53
1655.38
1705.58
1628.9
1642.2
1707.63
1672.92
1607.2
1533.18
1615.78
1556.49
1573.83
1530.49
1521.64
1601.2
1675.05
1727.6
1688.26
1697.82
1708.37
1704.14
1623.13
1617.33
1642.97
1675.68
1673.45
1613.17
1608.62
1629.72
1640.35
1612.4
1614.83
1597.27
1551.97
1586.59
1604.13
1640.25
1611.95
1632.48
1743.13
1705.76
1648.42
1665.65
1675.72
1619.59
1683.07
1704.6
1678.68
1744.75
1657.39
1629.76
1625.62
1623.73
1659.31
1720.42
1708.39
1726.42
1704
1688.18
1662.45
1551.96
1594.37
1588.16
1478.04
1576.97
1647.38
1702.96
1690.05
1726.37
1668.21
1546.97
1600.08
1553.59
1612.03
1637.04
1538.53
1578.72
1485.05
1494.79
1555.41
1600.7
1641.98
1581.91
1521.1
1576.36
1640.58
1588.87
1662.81
1678.94
1657.09
1583.95
1574.03
1577.55
1552.76
1505.29
1689.81
1686.15
1663.19
1701.98
1622.01
1634.21
1497.36
1500.8
1524.68
1553.38
1552.54
1632.83
1590.98
1646.84
1680.43
1746.94
1696.74
1660.15
1608.17
1629.35
1527.9
1569.41
1602.6
1676.75
1737.47
1798.92
1814.57
1740.66
1744.9
1703.93
1621.23
1700.99
1693.11
1595.97
1544.36
1564.75
1537.31
1570.02
1652.87
1628.71
1623.02
1667.28
1661.78
1641.7
1760.4
1755.68
1583.89
1637.84
1687.25
1569.49
1499.25
1511.36
1518.35
1443.84
1453.79
1407.84
1429.67
1442.48
1424.65
1511.83
1524.18
1563.55
1575.01
1572.65
1631.28
1603.09
1586.09
1616.94
1606.91
1636.6
1674.82
1639.81
1592.13
1679.99
1687.09
1746.83
1798.37
1864.2
1892.59
1782.56
1851.49
1797.88
1770.46
1695.59
1691.42
1714.67
1636.52
1606.11
1707.97
1679.64
1648.86
1595.5
1667.93
1685.61
1742.27
1658.79
1652.8
1651.17
1633.62
1610.7
1550.79
1559.94
1614.93
1538.65
1528.75
1541.28
1555.85
1572.99
1548.6
1646.83
1571.96
1626.61
1582.14
1568.93
1471.86
1500.35
1530.78
1591.2
1628.5
1655.62
1608.4
1579.76
1578.74
1609.46
1608.81
1662.78
1658.13
1646.91
1665.5
1666.87
1668.66
1639.35
1621.93
1608.57
1607.66
1566.69
1614.42
1612.22
1635.64
1571.24
1517.96
1479.49
1456.55
1498.79
1531.22
1446.68
1397.54
1419.06
1433.54
1388.7
1372.75
1414.02
1405.64
1482.15
1380.58
1339.57
1333.22
1395.61
1412.95
1426.18
1424.39
1463.63
1452.08
1437.56
1498.81
1513.02
1491.76
1485.57
1469.1
1397.66
1443
1475.79
1550.07
1559.42
1544.9
1515.38
1484.07
1508.34
1514.89
1477.26
1507.66
1501.29
1487.16
1534.62
1493.26
1523.51
1494.32
1447.79
1453.14
1418.35
1424.24
1443.13
1419.54
1412.81
1511.05
1539.03
1547.09
1569.94
1603.44
1613.89
1501.89
1452.69
1427.34
1523.11
1499.82
1470.6
1444.21
1449.05
1399.02
1470.87
1499.12
1596.45
1632.59
1560.35
1518.98
1506.41
1566.68
1534.17
1574.07
1596.11
1538.53
1551.72
1517.91
1584.74
1634.34
1598.84
1582.09
1630.53
1557.13
1606.3
1545.24
1561.92
1617.4
1655.99
1631.5
1612.36
1592.09
1585.39
1507.33
1519.43
1502.5
1506.99
1522.91
1538.1
1514.5
1398.22
1459.95
1408.49
1448.02
1448.38
1422.14
1401.6
1374.84
1400.3
1424.64
1480.1
1421.95
1435.57
1421.77
1443.62
1442.46
1396.63
1410.04
1430.39
1417.58
1386.05
1419.79
1432.64
1467.64
1476.28
1436.7
1412.1
1389.91
1372.87
1351.03
1358.89
1298.09
1373.32
1389.35
1407.08
1369.67
1402.17
1381.69
1381.63
1409.43
1385.94
1414.59
1389.02
1266.66
1276.86
1281.55
1305.04
1296.18
1335.98
1333.2
1274.77
1261.64
1256.79
1301.56
1322.27
1330.49
1365.99
1360.96
1350.87
1374.5
1386.49
1371.92
1377.81
1350.29
1400.31
1460.37
1381.97
1400.6
1428.65
1447
1484.5
1425.29
1434.19
1494.73
1489.75
1429.45
1399.91
1415.76
1373.55
1360.43
1403.61
1371.86
1400.08
1389.3
1354.62
1271.68
1276.8
1310.45
1324.55
1316.53
1297.83
1295.96
1304.8
1341.44
1311.31
1306
1313.22
1276.46
1317.55
1328.67
1340.99
1332.16
1401.04
1375.2
1401.76
1419.54
1334.17
1376.53
1366.94
1382.64
1360.97
1409.94
1452.22
1415.92
1450.1
1419.51
1397.26
1422.84
1440.02
1451.41
1450.3
1422.29
1412.71
1343.34
1373.85
1388.91
1323.9
1341.97
1433.03
1440.53
1466.22
1350.27
1319.42
1314
1354.91
1329.96
1329.34
1290.39
1306.18
1298.08
1318.85
1337.06
1285.27
1321.61
1277.47
1291.1
1304.68
1336.71
1311.67
1302.88
1333.87
1309.07
1331.22
1323.83
1292.8
1296.75
1296.65
1232.03
1206.84
1195.28
1244.95
1215.69
1191.46
1204.05
1205.16
1187.08
1201.93
1266.17
1262
1288.6
1291.2
1336.94
1295.62
1300.43
1308.06
1314.06
1334.25
1316.44
1295.77
1260.24
1268.72
1299.96
1305.43
1326.5
1382.27
1401.55
1411.24
1362.66
1338.18
1360.65
1373.78
1398.58
1414.69
1381.79
1367.48
1401.18
1398.76
1386.81
1418.53
1387.44
1410.54
1487.21
1435.9
1455.44
1373.3
1292.88
1310.82
1325.27
1279.45
1305.59
1295.1
1298.85
1262.78
1282.61
1303
1363.41
1400
1333.82
1346.62
1299.59
1302.24
1367.96
1285.16
1244.7
1271.1
1263.54
1250.62
1272.89
1316.51
1236.92
1244.41
1279.12
1244.63
1230.84
1252.89
1223.78
1251.99
1241.21
1215.4
1203.4
1265.84
1261.32
1296.49
1307.17
1344.13
1267.02
1289.44
1278.32
1262.91
1301.3
1278.42
1272.21
1264.47
1252.54
1271.2
1264.18
1291.03
1197.37
1182.51
1189.38
1139.69
1199.47
1231.98
1194.07
1167.48
1139.62
1149.25
1149.89
1170
1147.74
1130.38
1145.44
1160.56
1155.52
1160.58
1185.73
1216.71
1238.63
1266.56
1283.47
1257.23
1235.4
1249.4
1259.1
1268.16
1207.66
1222.03
1243.33
1214.44
1217.33
1267.25
1263.39
1266.81
1323.46
1346.51
1311.18
1304.53
1291.72
1316.18
1354.52
1323.32
1318.37
1323.75
1364.79
1305.39
1296.92
1259.22
1246.46
1211.89
1254.52
1214.42
1218.21
1216.64
1250.55
1217.01
1193.56
1187.83
1186.56
1173.62
1207.78
1192.16
1191.55
1209.84
1232.57
1245.52
1240.14
1295.98
1265.61
1228.62
1243.57
1257.89
1295.73
1220.14
1194.03
1145.53
1178.73
1241.4
1245.08
1196.01
1187.52
1171.67
1153.18
1151.52
1167.23
1211.22
1251.75
1238.02
1247.56
1207.46
1217.92
1253.69
1228.81
1224.95
1254.04
1217.76
1219.57
1254.62
1276.13
1252.18
1234.65
1243.3
1255.33
1324.96
1240.59
1229.41
1238.62
1251.35
1243.82
1257.86
1253.55
1252.83
1222.83
1229.77
1221.31
1215.24
1268.22
1305.91
1316.63
1255.79
1271.04
1250.48
1199.45
1184.78
1176.73
1202.47
1216.92
1206.24
1243.8
1211.77
1222.21
1201.2
1196.7
1150.39
1150.69
1180.41
1163.24
1177.78
1174.44
1145.8
1178.87
1141.72
1192.65
1136.02
1131.96
1096.99
1126.4
1167.66
1182.26
1173.86
1174.87
1165.61
1162.28
1187.72
1221.27
1196.49
1172.03
1175.17
1137.24
1167.31
1206.18
1261.15
1262.63
1249.61
1258.44
1247.86
1208.83
1198.97
1139.38
1175.64
1141.34
1166.09
1172.33
1183.94
1100.59
1153.49
1177.77
1180
1162.69
1199.34
1192.42
1161.22
1193.77
1190.82
1209.38
1264.51
1255.02
1238.72
1235.88
1198.11
1218.33
1218.68
1261.8
1216.2
1205.39
1200.18
1191.52
1193.68
1190.27
1154.87
1160.99
1172
1152.23
1145.02
1173.73
1183.19
1249.82
1150.06
1136.53
1134.67
1136.44
1145
1104.16
1096.89
1070.51
1113.06
1097.65
1128.04
1167.27
1166.86
1175.18
1145.1
1110.76
1079.15
1075.17
1103.91
1108.23
1128.06
1116.33
1121.75
1118.47
1113.9
1151.18
1161.36
1188.84
1164.06
1146.63
1137.5
1133.32
1122.3
1155.23
1153.31
1155.93
1129.41
1124.77
1154
1158.09
1135.55
1146.23
1115.36
1139.87
1138.3
1172.59
1151.63
1119.48
1146.17
1147.01
1130.2
1091.25
1091.2
1111.88
1098.66
1103.25
1090.24
1082.73
1030.08
1019.63
1037.04
1083.22
1069.55
1086.6
1051.7
1057.23
1025.59
1044.57
1042.35
1076.48
1097.41
1099.87
1086.67
1055.68
1071.91
1078.85
1070.62
1073.1
1061.02
1055.04
1053
1117.79
1086.95
1080.81
1047.73
1085.37
1028.65
1057
1037.41
1078.68
1064.98
1057.27
1072.35
1099.42
1147.12
1090.34
1064.51
1080
1101.83
1107.73
1116.68
1129.03
1126.25
1151.6
1133.71
1186.99
1146.5
1134.95
1083.07
1096.63
1083.05
1100.97
1106.08
1060.87
1064.53
1037.47
1021.61
1015.88
982.928
1022.87
1051.17
1054.51
1046.67
1082.36
1096.68
1082.72
1147.01
1112.06
1148.71
1112.75
1107.34
1100.39
1128.47
1104.63
1093.01
1114.79
1089.35
1097.5
1082.46
1044.27
1070.75
1090.51
1095.34
1072.16
1100.44
1159.81
1183.45
1181.04
1119.19
1107.27
1117.62
1063.39
1058.73
1071.62
1079.53
1071.72
1083.01
1106.78
1121.46
1130.12
1116.11
1116.44
1141.29
1115.04
1145.07
1150.2
1129.15
1129.82
1121.56
1140.8
1148.27
1158.56
1143.46
1121.32
1111.84
1081.01
1085.77
1090.37
1064.39
1056.25
1096.62
1120.67
1116.5
1098.24
1095.21
1100.98
1107.84
1096.43
1110.62
1104.05
1107.42
1104.9
1123.87
1090.12
1078.18
1079.88
1083.24
1136.98
1150.36
1160.9
1202.38
1174.6
1164.61
1122.79
1118.71
1108.74
1098.44
1106.62
1104.14
1125
1141.64
1134.59
1158.45
1116.6
1150.31
1137.6
1126.21
1089.67
1139.33
1176.85
1160.79
1130.5
1108.82
1109.54
1131.67
1117.05
1123.16
1105.12
1076.15
1065.73
1105.31
1146.62
1144.63
1173.7
1139.47
1096.07
1144.53
1183.62
1163.51
1144.06
1107.14
1090.99
1097.7
1100.67
1100.1
1098.88
1111.44
1111.69
1137.58
1137.95
1086.33
1110.45
1059.65
1087.86
1110.52
1137.79
1097.44
1094.61
1097.82
1063.17
1096.74
1092.25
1117.17
1136.43
1112.83
1103.94
1075.99
1082.09
1086.62
1064.16
1069.54
1109.02
1127.39
1076.76
1103.23
1139.67
1126.31
1142.88
1112.32
1121.53
1106.93
1078.36
1055.54
1059.17
1058.18
1038.38
1078.82
1071.1
1080.93
1062.7
1070.16
1067.54
1074.68
1105.63
1071.33
1032.35
1010.76
971.618
1020.55
1026.74
1025.52
1004.94
1031.04
1024.32
991.064
996.546
1005.11
991.558
1019.57
1016.41
1034.97
1028.76
1072.12
1041.27
1021.06
1010.78
1030.29
1030.49
1010.45
1015.13
1003.93
1002.49
995.515
968.056
962.305
951.265
960.655
948.174
942.264
962.083
969.233
991.275
1002.3
982.39
1003.91
999.701
1032.3
1005.42
1043.71
1028.41
1030.94
1027.16
1012.26
1024.56
1070.32
1044.83
1047.56
1026.71
1050.39
1048.28
1052.84
1106.4
1092.12
1073.34
1054.44
1046.69
1036.86
1021.05
1030.75
1036
1021.95
1019.02
1022.43
1034.54
1058.5
1046.96
1039.72
1094.73
1065.2
988.699
978.265
980.898
985.373
1014.22
1007.21
1014.36
1007.02
987.972
980.021
1004.8
982.445
993.411
990.056
987.653
970.092
995.897
1015.22
1010.76
973.096
972.023
984.345
1030.49
1021.69
990.85
980.687
996.753
996.572
963.304
972.935
1004.02
1006.36
986.687
991.961
1003.12
987.588
1000.38
1008.94
963.832
1003.69
1000.44
1003.5
998.938
1003.16
1030.12
1006.1
1007.29
1016.27
977.36
938.883
954.024
967.001
968.12
969.179
963.274
990.083
969.184
1000.44
1039.93
1016.77
1001.21
979.294
967.334
970.808
963.2
987.96
1016.37
982.864
1010.06
1031.09
1048.56
994.2
961.791
966.453
959.063
955.738
949.12
933.778
957.665
989.595
1003.47
1015.1
997.772
999.706
1030.17
1044.12
1035.7
1001.1
1026.12
1015.3
1014.89
1021.54
1030.78
1032.08
1023.98
1031.07
1017.91
1001.61
1021.08
982.791
964.147
959.66
965.793
983.496
967.602
958.724
951.86
944.599
946.915
945.254
958.993
948.549
946.618
952.225
988.793
1004.98
1026.22
995.258
973.751
980.539
999.748
981.103
1007.74
968.415
996.475
962.313
917.113
926.847
924.704
975.473
957.123
938.724
935.303
948.337
954.763
938.265
935.936
946.583
943.658
942.739
937.345
926.499
943.662
894.215
906.848
902.204
911.663
922.576
931.576
922.821
937.706
929.524
920.228
899.131
897.806
898.15
904.052
904.148
922.444
919.762
949.057
950.643
943.986
955.992
956.305
946.262
938.594
930.344
929.825
921.489
933.403
923.163
915.747
903.6
909.459
915.108
938.227
945.082
926.619
911.737
905.908
896.483
889.491
894.119
917.58
956.494
931.225
919.974
911.152
933.335
953.017
941.915
974.172
968.642
997.767
947.399
921.808
931.758
929.223
904.984
897.504
904.753
890.418
892.8
896.126
900.039
896.416
897.89
862.482
878.378
887.071
875.757
909.675
893.442
914.895
900.183
913.5
898.698
873.376
913.949
912.294
927.585
926.34
904.524
893.47
904.456
883.326
914.594
915.765
928.047
928.909
916.238
920.735
921.414
928.132
939.172
979.697
940.828
953.001
942.356
926.289
902.645
907.676
900.505
930.513
934.954
918.582
907.132
939.874
953.618
944.083
956.965
964.445
944.051
959.348
955.387
952.004
950.291
961.96
958.863
966.25
968.637
953.108
917.455
926.224
934.343
916.713
905.557
903.192
894.713
904.858
906.328
920.073
917.637
922.57
918.783
948.723
952.794
945.34
917.962
951.362
966.729
952.476
953.872
984.234
956.974
970.523
963.35
956.773
952.589
957.974
928.519
913.974
895.822
887.502
895.256
892.918
901.906
886.552
903.534
916.017
920.812
918.995
912.644
898.319
896.998
917.96
923.763
905.742
905.442
910.445
913.231
907.316
901.918
916.408
924.452
918.071
922.964
906.489
916.627
884.402
906.813
927.726
957.561
937.124
933.719
947.306
935.07
906.635
925.747
892.719
903.615
920.117
931.857
932.113
941.268
924.936
904.091
919.994
904.188
920.321
908.868
895.267
895.796
873.121
880.431
888.207
895.618
907.286
897.498
898.519
896.475
920.219
915.542
895.131
908.271
922.314
921.388
913.864
880.284
863.806
866.761
892.044
883.667
872.753
867.599
861.225
867.395
880.29
886.188
862.089
834.265
843.73
858.686
879.834
875.871
887.142
888.504
876.97
895.234
864.635
888.041
888.061
905.133
905.103
887.932
893.861
894.154
881.197
880.463
874.198
870.949
892.523
911.119
908.591
914.799
912.391
895.551
874.763
887.383
886.674
921.109
936.361
946.225
917.359
886.924
880.183
879.14
869.073
884.193
904.509
915.506
909.52
904.754
894.673
910.321
905.759
884.793
880.091
882.671
884.384
881.946
895.573
883.473
890.193
888.97
907.362
876.137
883.257
868.489
861.229
879.865
888.359
873.724
871.733
883.82
884.916
904.496
894.241
883.077
870.98
873.081
872.535
885.778
865.17
872.32
891.256
856.48
856.913
863.866
827.158
851.221
856.218
856.553
869.411
886.353
854.885
866.079
862.205
881.473
882.996
875.955
881.154
853.079
856.171
847.281
846.523
854.765
829.366
840.73
854.084
860.121
860.178
867.489
863.912
869.46
856.991
839.845
849
869.074
852.181
859.363
860.098
865.893
860.688
865.938
868.874
855.262
898.757
910.351
885.962
880.214
883.82
875.219
881.722
899.639
897.951
880.413
886.573
865.55
861.385
861.735
867.449
897.894
898.609
889.246
860.786
883.526
877.513
886.41
883.612
891.413
895.421
891.449
899.805
882.984
900.153
905.06
878.424
886.625
881.964
842.839
824.691
840.083
843.809
885.259
882.805
878.402
871.308
864.185
872.503
878.186
871.637
880.998
873.671
881.292
874.239
861.407
858.786
866.723
861.89
880.147
869.765
868.701
890.047
900.661
905.186
881.711
886.982
901.654
905.831
909.772
883.761
902.249
894.326
879.031
867.243
900.267
883.979
881.091
872.137
871.188
863.133
875.24
852.727
895.456
887.75
879.179
860.504
864.65
873.503
870.532
865.887
861.24
867.903
838.626
848.528
837.888
846.699
851.293
836.858
855.012
856.18
874.973
870.68
861.899
885.048
891.299
870.739
863.799
839.551
831.761
839.336
827.658
848.251
858.123
861.487
852.039
851.712
839.38
850.382
851.914
846.076
841.803
860.809
866.292
869.524
849.125
855.517
874.738
869.44
881.928
891.572
897.817
878.834
881.616
861.274
858.456
858.495
841.393
837.185
836.112
825.547
828.848
836.557
880.537
856.842
844.431
843.032
843.144
850.794
859.214
866.894
878.963
863.026
871.725
856.512
845.217
843.258
856.511
874.688
892.216
868.664
864.446
849.821
862.028
874.401
866.157
861.608
871.488
875.53
882.788
842.769
846.16
839.909
853.745
868.156
854.285
836.789
831.145
840.921
849.846
833.048
845.495
829.51
820.631
822.101
837.101
832.143
846.424
834.016
826.356
817.588
818.14
800.37
803.917
811.834
806.995
818.558
827.959
830.34
834.799
819.261
817.14
842.784
835.869
842.915
854.139
868.007
850.66
817.614
824.322
821.534
825.27
834.702
849.22
862.876
858.117
856.881
857.481
849.331
833.823
830.438
830.324
841.296
840.14
834.058
830.15
828.08
833.282
816.268
808.924
807.116
822.583
811.828
802.853
812.781
808.964
803.462
806.597
821.644
822.386
818.734
805.25
789.424
787.018
795.633
795.394
788.229
805.101
804.841
796.17
803.079
822.88
828.659
838.089
834.652
829.033
831.993
837.023
824.16
828.051
825.193
818.737
827.204
826.466
833.381
811.332
841.393
842.373
828.502
834.608
827.997
828.686
817.751
819.945
834.695
841.201
850.991
849.985
851.889
839.272
848.762
853.274
851.438
865.939
849.715
853.435
858.022
845.168
836.906
819.776
825.86
819.71
821.143
816.539
828.398
807.68
804.714
800.357
827.409
834.656
815.437
805.427
792.632
798.081
805.86
819.47
813.848
810.314
808.343
812.208
800.613
791.361
797.547
793.943
791.938
788.772
800.902
812.442
801.979
813.221
805.999
809.847
802.817
794.7
789.543
797.021
797.345
806.588
790.326
783.058
784.259
796.477
811.157
820.873
823.383
827.561
817.967
819.769
812.21
815.821
812.94
803.838
782.565
769.087
790.931
777.918
770.972
787.297
795.763
802.669
796.441
792.204
793.814
793.707
793.497
795.506
783.741
787.156
802.339
789.257
786.189
791.599
793.552
791.49
785.899
780.138
786.236
790.781
781.49
793.446
794.612
784.368
792.972
774.417
776.588
762.7
769.943
774.861
777.199
779.23
785.342
776.322
773.956
787.933
788.535
794.899
818.243
826.844
821.337
826.123
820.706
818.318
831.525
829.022
816.95
811.817
826.448
843.999
838.129
840.502
814.18
819.678
817.415
821.14
823.273
817.791
818.135
823.409
826.263
812.225
816.102
809.311
811.277
810.502
798.924
808.07
808.929
800.989
792.896
803.55
812.821
817.184
796.999
795.991
802.363
806.16
801.254
802.994
798.368
801.033
801.976
792.85
804.742
791
787.336
782.532
782.687
789.457
785.715
788.194
786.737
788.804
783.549
783.266
798.362
789.338
803.547
800.689
810.678
809.547
816.649
824.234
829.05
829.191
825.421
813.321
827.964
809.037
796.292
805.628
805.942
793.414
799.545
788.626
781.778
788.256
783.124
785.411
797.565
805.665
796.939
795.371
807.848
811.078
778.275
787.281
781.979
779.876
797.514
806.068
803.179
807.312
821.495
813.623
801.149
795.225
783.391
785.873
782.712
786.524
795.64
788.902
784.408
786.661
779.988
774.97
775.35
780.344
782.783
786.632
790.09
785.637
777.961
796.048
788.946
782.81
783.894
778.941
783.327
791.675
792.163
802.008
791.05
793.72
777.785
788.25
773.573
780.502
784.439
775.569
807.165
800.556
802.581
786.812
814.808
805.234
804.17
798.399
796.865
796.104
775.164
778.033
798.067
786.876
793.575
797.853
788.951
783.588
783.128
786.361
781.687
788.526
777.957
773.662
770.437
780.859
776.06
772.919
770.516
793.747
805.646
805.651
784.626
787.854
789.971
787.889
794.508
801.337
793.036
793.546
785.552
802.707
790.535
789.852
793.488
793.105
795.816
785.903
781.829
775.397
775.379
780.418
776.829
776.876
777.094
782.257
770.975
782.291
775.588
773.401
780.881
780.404
773.375
765.311
763.779
768.693
757.745
747.181
754.894
756.725
748.015
748.79
743.661
732.839
745.588
743.314
753.052
758.575
749.224
754.702
737.535
734.812
746.724
741.459
736.108
744.062
738.185
740.25
735.717
743.821
746.966
752.379
768.24
770.661
760.339
765.117
755.458
764.162
758.9
747.577
751.755
749.279
763.024
762.012
770.387
761.159
757.898
760.72
765.781
766.718
757.518
759.252
772.346
769.3
769.95
776.543
767.028
756.247
759.292
770.543
768.234
768.285
760.367
751.18
758.966
765.432
764.239
759.169
740.876
733.169
737.966
738.412
757.468
738.472
743.225
742.909
733.791
750.841
741.7
754.802
762.778
763.163
765.613
771.468
782.733
773.873
789.495
779.54
792.048
790.1
793.779
775.459
776.683
779.098
779.042
770.641
775.999
780.364
785.185
773.577
769.762
777.252
760.246
753.613
764.931
776.373
758.764
767.917
762.562
754.172
747.059
755.968
762.914
774.081
765.437
751.124
748.679
765.61
757.159
754.116
743.365
742.937
741.262
738.17
744.429
734.111
740.563
735.888
741.135
731.159
744.8
733.363
741.669
739.182
741.386
739.513
744.948
752.587
757.774
771.698
780.608
779.3
779.384
771.074
776.842
781.854
772.657
766.847
764.795
752.033
753.03
763.283
775.89
759.136
765.187
750.552
771.324
767.226
762.191
767.64
755.893
765.026
751.634
748.303
738.714
747.395
759.925
760.036
752.854
764.951
757.699
753.503
760.704
759.783
762.189
760.848
756.192
758.177
755.632
763.544
777.126
773.515
765.044
763.186
792.962
796.175
756.314
747.761
750.683
745.371
758.019
755.494
749.097
754.938
741.771
747.483
734.532
743.211
741.545
749.432
749.551
748.589
762.137
760.77
764.038
764.758
763.792
776.574
776.168
760.917
768.45
780.51
776.619
758.794
748.232
749.276
751.08
752.792
749.55
750.193
749.504
749.004
755.577
760.302
751.755
746.686
739.788
738.28
750.809
748.275
738.251
744.923
755.149
755.244
745.744
756.081
747.467
761.011
759.343
759.81
765.005
769.244
759.894
759.685
760.624
750.533
735.231
739.539
743.261
747.132
742.602
750.882
747.618
741.506
754.113
748.032
749.54
755.081
768.826
746.436
749.532
739.12
749.143
754.129
751.17
752.874
748.77
744.312
754.026
752.844
749.349
745.85
750.502
746.13
752.151
744.654
751.407
750.006
746.819
752.959
758.303
752.764
743.821
742.728
756.759
750.99
749.907
748.12
749.739
745.16
748.628
754.389
757.317
751.014
747.992
749.175
749.909
749.717
757.178
758.126
766.749
758.582
756.933
744.286
740.196
738.699
734.471
734.147
730.202
729.674
732.859
744.25
735.081
733.814
722.609
726.843
727.794
741.454
738.744
737.433
741.756
731.407
733.261
739.542
745.707
745.034
750.059
733.777
747.244
744.562
744.662
746.354
753.313
744.271
750.613
742.012
747.032
753.537
753.761
753.367
748.026
749.766
751.239
753.935
752.933
747.686
745.893
752.891
746.833
735.605
731.711
741.051
732.149
727.628
733.624
730.041
740.541
735.885
721.575
724.116
730.592
732.013
721.722
722.537
723.282
727.912
721.629
724.89
721.716
731.914
727.924
737.204
738.819
735.787
734.323
732.273
726.952
728.985
733.192
726.035
727.098
730.656
729.847
739.578
733.229
735.319
732.488
723.377
717.702
711.641
711.572
715.338
724.25
718.056
719.916
717.261
728.126
728.945
722.868
723.765
726.894
724.4
722.263
730.544
744.531
733.872
740.318
728.956
726.552
722.637
730.289
732.61
727.583
722.649
720.67
745.726
741.49
736.705
732.669
733.287
727.081
728.995
733.864
739.647
729.843
738.256
731.729
726.832
722.99
727.389
718.129
718.101
723.727
723.967
724.351
720.603
728.184
719.308
720.178
719.581
727.543
721.607
719.61
727.462
725.33
724.043
722.968
721.45
725.895
736.269
732.832
746.002
743.697
745.287
744.412
741.562
732.17
728.071
718.924
728.239
721.739
730.931
731.647
725.83
726.196
726.085
722.37
717.036
718.064
716.588
717.318
705.042
708.489
703.914
707.224
706.83
710.526
702.784
702.695
697.855
700.61
706.087
711.359
705.686
705.688
705.587
699.31
705.177
705.498
698.271
695.756
701.082
696.945
705.142
704.559
707.598
710.722
707.437
713.103
706.026
710.532
699.527
704.068
707.702
696.802
702.755
707.651
709.015
710.933
717.134
710.696
709.539
704.889
707.816
713.555
715.6
724.306
721.176
726.066
726.772
715.417
705.394
705.048
711.602
716.148
711.779
705.307
708.068
705.351
713.443
704.554
718.412
704.772
699.568
700.328
709.612
709.829
713.007
705.351
712.454
706.706
701.188
709.425
697.788
703.186
709.099
701.82
713.417
714.41
707.936
707.272
707.715
708.645
701.448
704.852
701.609
699.282
697.012
694.682
695.404
698.69
692.874
703.639
709.538
696.538
693.295
695.187
685.722
690.253
685.737
680.438
678.511
686.518
685.384
692.162
698.382
691.713
691.797
697.535
694.645
703.76
695.714
694.243
692.968
701.173
693.251
696.527
696.416
697.058
696.111
705.129
699.83
696.617
695.252
690.371
690.063
688.965
693.825
687.265
689.581
693.09
692.97
684.237
694.441
695.446
690.027
689.396
696.275
696.817
698.491
703.153
702.948
705.06
704.102
706.599
704.525
702.068
710.375
708.944
707.287
696.063
703.248
707.263
703.53
701.353
702.969
705.224
707.616
703.158
707.946
704.239
701.929
705.503
705.221
704.351
699.669
690.246
693.439
695.053
689.855
688.913
687.438
688.397
693.785
695.64
688.41
690.424
687.403
684.79
685.967
682.618
684.403
684.812
683.989
682.559
677.002
682.907
686.921
685.747
684.319
677.703
674.619
689.439
677.104
681.748
677.991
684.808
689.04
689.379
679.665
678.56
685.352
680.49
687.586
691.664
695.273
691.705
685.044
680.638
676.507
673.16
668.863
667.457
669.114
667.632
669.559
672.47
672.019
674.305
667.574
667.519
662.114
668.09
664.28
660.264
665.578
662.602
668.534
668.314
663.372
660.897
657.957
661.529
672.101
668.291
669.896
672.107
669.586
674.199
671.154
671.872
672.149
671.796
668.102
666.345
656.279
661.255
657.19
655.414
656.052
652.468
651.227
652.021
648.209
660.237
669.391
670.408
667.317
666.602
668.657
673.406
664.804
663.141
667.538
672.74
669.625
665.63
676.209
677.583
674.507
680.769
677.325
677.072
682.047
676.585
678.335
682.522
681.525
676.094
673.068
680.339
679.847
687.211
687.169
686.782
683.165
684.636
674.63
680.254
683.756
686.68
684.927
678.748
673.198
671.033
676.913
663.101
669.984
670.606
673.108
672.056
669.15
666.105
670.007
662.19
663.179
662.739
665.395
666.771
667.418
667.41
666.988
664.935
661.93
660.494
665.403
662.876
667.444
671.975
677.089
672.014
662.919
656.106
659.314
659.214
656.449
657.973
660.414
660.495
667.822
658.717
658.149
658.573
664.957
672.467
668.422
666.683
665.312
669.242
666.714
664.138
675.277
673.094
676.767
676.056
677.908
677.882
675.439
680.652
687.002
679.564
670.113
678.891
673.587
676.913
673.337
664.487
668.917
659.551
658.222
662.654
669.882
667.078
663.879
664.115
664.702
659.031
667.435
669.869
673.766
670.409
667.784
665.759
669.767
666.47
665.452
664.714
668.66
660.152
653.928
656.02
653.387
654.011
656.261
656.831
656.442
656.703
656.568
654.679
654.361
659.961
662.505
665.485
671.405
668.465
665.412
663.364
661.3
666.434
659.003
660.582
658.805
665.112
666.701
667.413
669.941
667.725
665.594
663.405
664.04
670.933
664.331
663.977
665.974
653.279
661.935
658.325
653.007
649.518
647.085
649.293
653.751
658.142
659.713
665.376
669.013
667.766
662.17
661.16
668.336
664.326
665.048
661.552
659.13
662.373
663.264
660.819
660.311
662.709
664.603
670.383
660.887
658.394
659.604
651.796
651.743
657.732
652.671
658.998
655.291
649.275
653.808
654.14
653.447
656.892
657.197
656.163
654.847
656.591
655.99
649.344
650.19
645.314
639.127
642.007
643.625
641.6
646.953
649.84
650.521
652.421
650.263
651.731
655.605
655.12
651.352
655.614
663.09
659.323
654.248
652.178
656.368
655.252
655.585
649.953
657.588
652.652
656.756
654.738
649.463
648.647
648.263
650.867
649.553
650.818
647.127
647.692
636.909
633.078
631.979
637.886
631.419
629.876
631.131
629.738
627.04
629.561
626.826
621.637
625.949
628.559
633.616
628.613
626.966
628.278
626.76
625.994
626.264
632.444
629.237
625.046
624.737
621.696
627.78
627.481
630.826
626.667
625.908
624.3
627.428
637.167
636.046
637.701
634.676
635.014
627.117
624.366
618.549
616.464
614.593
612.309
614.412
612.184
615.035
612.458
620.303
624.959
619.116
611.745
614.081
618.215
617.019
616.692
616.937
619.508
624.544
618.602
617.04
618.73
618.274
620.796
618.686
617.752
616.907
619.963
622.53
620.315
618.532
618.642
616.188
615.063
615.517
619.64
616.811
614.06
613.048
619.503
619.936
627.92
625.298
622.388
618.389
622.901
624.45
623.111
617.601
622.392
621.662
625.401
623.328
625.583
625.331
627.01
620.15
619.887
617.034
620.5
617.35
618.643
625.298
620.86
621.769
615.243
615.021
612.717
613.583
615.309
614.152
621.212
621.133
621.675
625.239
626.148
625.99
622.992
624.943
618.619
621.922
625.127
618.926
619.77
615.226
623.811
619.282
617.017
615.64
617.434
617.9
615.875
614.458
609.177
608.207
603.15
601.184
609.153
606.157
608.637
608.232
607.366
609.166
607.487
606.571
605.104
603.156
602.671
602.69
610.651
615.854
610.193
612.411
611.628
616.727
608.983
606.883
611.922
614.243
616.472
622.118
621.786
616.242
613.011
608.639
611.534
614.658
609.276
605.217
608.025
607.224
602.524
602.234
608.178
609.669
607.908
610.372
606.364
610.59
610.755
610.381
608.228
601.795
599.905
605.484
601.073
611.877
614.771
616.613
615.234
616.162
610.97
604.027
598.228
603.087
601.948
602.907
601.337
596.564
600.641
601.27
605.232
606.155
598.83
604.485
599.019
599.678
602.737
597.019
596.451
600.896
603.805
599.579
592.462
592.99
595.378
592.517
590.286
586.854
591.092
594.445
591.202
593.544
596.951
597.988
600.483
600.898
597.355
600.211
599.027
598.79
603.043
600.616
603.257
603.724
597.335
600.497
600.307
598.998
603.291
600.134
602.818
597.076
596.859
594.738
598.593
600.611
600.624
596.289
594.042
596.349
595.48
596.29
591.159
592.366
594.39
599.231
596.349
596.169
596.677
590.785
592.8
596.244
596.398
596.853
595.886
594.942
589.808
588.711
590.589
593.08
593.127
593.715
593.463
593.182
594.534
589.155
586.687
586.985
589.481
591.442
591.475
592.93
589.877
592.811
590.265
591.849
589.199
590.571
590.674
593.653
593.444
593.144
585.731
580.719
580.556
581.158
583.01
584.334
582.382
581.641
580.862
583.871
585.473
590.938
589.947
585.223
584.581
589.072
585.222
584.153
590.132
588.298
593.062
592.967
596.826
594.126
595.042
593.909
586.498
586.59
591.106
589.941
595.075
597.946
592.873
588.254
595.184
594.484
594.957
597.146
596.787
595.812
596.046
593.393
595.647
592.405
592.58
591.662
598.727
596.089
594.005
595.341
594.136
599.062
595.451
596.482
595.087
594.18
595.866
591.315
590.233
589.169
589.141
590.302
588.59
590.118
590.319
586.449
590.318
590.625
592.757
594.076
591.204
591.086
591.881
591.719
592.183
591.188
594.421
600.158
604.453
606.238
603.258
597.918
594.1
593.397
593.87
585.889
588.174
588.515
586.37
582.421
581.047
580.111
579.422
582.804
582.011
582.063
581.653
581.262
583.086
585.555
584.571
581.324
583.02
582.141
582.299
581.03
580.257
582.001
582.183
581.642
583.992
582.137
581.069
581.632
584.809
585.826
584.389
586.116
589.188
589.586
590.748
589.37
592.029
593.724
601.438
598.093
595.992
595.29
592.092
592.79
588.475
585.997
584.085
583.346
584.103
584.359
587.331
587.748
585.717
584.088
579.857
577.707
573.03
574.155
571.748
575.35
574.168
575.339
578.49
576.665
574.219
577.58
576.492
578.244
579.972
579.45
576.442
579.167
579.704
581.596
581.409
582.709
585.35
582.915
583.499
584.573
582.945
582.463
580.036
581.39
583.044
580.647
584.144
586.137
586.166
585.193
584.034
581.908
577.634
578.288
573.955
577.228
579.111
579.502
580.771
577.589
579.29
581.739
580.148
574.563
579.834
579.783
580.531
573.61
573.015
577.747
577.879
582.936
583.26
578.945
574.657
573.283
575.437
577.62
578.274
575.534
577.02
578.613
580.995
578.294
578.384
577.726
580.842
582.125
579.021
571.03
568.644
570.233
568.607
566.97
567.905
567.972
570.236
575.817
574.138
576.668
577.103
574.656
571.749
575.194
572.255
576.475
574.334
573.278
571.361
571.577
571.923
570.183
575.108
571.157
568.887
567.636
567.076
567.443
567.246
571.329
571.872
567.349
566.536
567.479
565.903
564.982
563.308
560.266
561.17
558.625
561.397
561.938
562.843
566.298
566.656
568.498
566.221
562.979
566.439
566.652
567.668
566.487
567.268
565.919
564.397
565.312
565.518
565.225
565.608
564.278
567.8
569.725
570.245
572.237
570.677
571.271
570.478
568.594
568.05
570.816
569.069
568.898
567.606
563.924
564.1
562.498
564.816
567.762
565.757
570.112
569.646
570.897
565.518
564.272
563.851
565.765
567.74
565.761
566.122
565.755
564.088
560.609
561.1
564.604
564.291
562.699
565.28
563.064
562.629
563.643
565.65
563.4
566.154
561.269
560.463
560.481
559.379
558.545
559.502
557.924
556.918
556.351
558.819
561.524
560.053
564.959
567.241
563.778
560.726
562.866
563.817
559.785
558.808
560.545
558.073
557.306
559.13
564.714
566.42
562.852
560.483
560.838
562.329
562.359
559.972
559.145
560.078
561.152
561.82
560.116
562.088
562.283
567.493
564.363
566.581
565.011
562.447
563.788
561.666
563.28
564.337
564.507
562.411
559.603
562.358
561.988
563.622
559.341
558.668
556.785
556.91
558.156
558.758
560.377
558.857
559.659
558.058
557.396
557.748
558.119
558.657
559.442
559.391
558.661
558.801
561.711
564.193
561.644
562.269
560.067
558.186
558.945
556.543
553.647
555.408
556.685
558.163
558.985
559.857
557.335
554.914
553.859
556.157
555.712
556.301
554.256
555.528
556.476
556.007
558.183
558.013
559.411
559.904
559.269
561.575
556.588
553.863
554.556
556.015
556.94
555.662
553.805
554.564
552.118
551.196
551.848
554.927
555.13
555.975
553.881
552.573
552.319
552.471
554.814
554.315
552.672
553.077
555.521
556.46
552.416
554.03
552.302
549.746
548.104
547.81
549.184
548.905
548.251
549.135
549.835
547.265
547.003
548.885
549.839
552.313
549.23
551.457
552.785
551.933
550.869
550.094
548.91
550.333
551.537
547.852
551.163
552.157
554.017
555.697
553.699
552.611
552.434
554.683
553.88
555.265
554.459
555.08
555.247
557.42
558.291
557.404
557.228
554.997
556.219
553.436
552.775
552.026
548.674
548.441
548.373
550.033
550.628
550.415
551.872
548.137
549.566
550.847
552.063
552.748
555.402
555.942
555.257
553.601
553.344
553.591
554.703
554.632
556.123
556.458
558.664
556.858
555.685
555.278
557.183
556.641
556.974
555.862
555.458
554.923
554.996
557.596
556.803
555.583
556.544
556.59
557.424
555.128
555.13
553.223
554.113
555.567
552.977
551.474
552.432
552.294
552.618
552.002
552.069
551.16
552.051
553.439
553.53
553.932
553.153
552.877
551.084
550.265
549.78
550.652
549.867
549.859
551.596
552.647
552.869
552.759
554.317
554.679
554.068
554.584
553.323
554.79
551.296
551.238
550.889
549.138
549.957
551.645
551.538
555.631
554.995
553.416
554.437
554.496
555.188
552.348
550.087
552.378
552.805
550.592
550.654
550.349
554.534
553.463
551.516
550.268
550.863
545.896
543.6
546.493
547.732
545.137
544.99
543.083
540.212
540.603
541.056
540.289
538.874
539.629
540.113
542.751
543.616
543.102
544.139
544.41
543.085
543.108
540.877
541.094
540.428
538.202
537.823
537.576
536.012
532.328
533.393
531.288
533.733
530.352
530.845
533.414
532.191
532.278
532.111
535.028
536.911
534.329
532.366
531.79
532.892
532.884
529.994
532.329
532.615
531.817
531.819
531.047
530.893
529.721
529.945
529.603
528.522
529.251
529.228
529.078
530.984
529.385
530.964
532.189
534.378
532.759
533.447
535.451
533.747
532.93
534.139
533.801
533.781
535.767
535.714
533.474
533.17
532.1
531.122
531.443
531.25
528.328
529.701
529.166
529.59
529.927
529.818
529.008
530.106
528.577
531.185
532.669
532.558
534.453
534.519
535.529
532.697
535.444
533.201
531.842
532.863
533.646
533.252
532.4
533.547
533.335
533.639
533.811
534.451
535.097
533.758
536.107
536.63
535.971
536.097
536.013
532.175
530.038
530.206
530.957
531.031
530.381
528.109
527.824
529.921
527.604
526.516
525.079
528.403
527.23
526.886
526.729
530.161
530.561
531.79
531.312
531.523
531.092
529.582
531.481
530.669
529.616
528.351
529.046
528.486
528.43
530.432
530.605
530.802
530.703
530.995
529.666
528.318
529.563
530.476
532.287
530.198
529.137
530.144
527.977
526.174
527.416
529.313
531.619
531.048
529.1
529.53
529.493
529.792
530.408
530.841
532.409
532.371
529.759
529.263
527.649
526.539
527.93
532.191
531.304
531.78
532.585
531.878
530.549
531.599
529.829
530.72
530.359
532.193
531.502
530.045
527.569
527.022
525.655
523.767
523.944
524.066
526.634
527.121
528.121
527.076
528.304
529.703
530.298
527.897
524.653
524.867
523.163
523.003
522.967
523.709
525.029
525.642
526.19
527.313
527.122
525.965
526.562
526.384
525.267
528.195
526.633
524.976
525.277
526.619
527.199
527.441
527.407
527.513
526.431
525.066
524.554
524.096
526.12
523.533
523.158
521.615
522.474
523.022
522.935
523.911
522.491
521.776
524.994
524.525
523.282
522.172
522.465
524.862
524.073
523.586
522.64
524.181
523.829
524.201
525.394
525.473
524.88
526.133
525.23
525.833
524.81
527.788
528.151
528.141
524.851
524.087
524.637
524.552
523.303
522.905
523.39
523.129
524.015
523.616
523.21
522.524
524.017
522.795
524.412
523.422
525.071
524.073
523.288
523.262
523.896
523.762
526.2
524.529
524.351
524.646
522.1
521.947
522.149
521.903
521.511
521.527
521.669
521.891
524.199
522.216
522.137
521.937
522.269
523.225
522.025
522.375
524.28
523.905
521.269
521.44
518.836
519.238
521.662
520.662
521.121
520.063
520.823
520.91
522.398
522.423
521.847
523.439
522.716
522.559
522.596
521.912
522.009
522.68
522.119
523.256
523.866
525.746
524.423
524.73
521.509
521.032
521.468
520.603
520.315
521.577
521.177
520.67
520.073
521.632
522.196
523.237
523.185
524.255
522.236
521.541
523.794
521.07
520.72
522.105
522.526
520.78
522.223
521.445
520.658
521.58
520.493
520.153
517.994
518.756
520.516
519.937
521.233
520.289
522.451
523.9
523.16
524.271
524.288
523.133
521.691
521.147
521.571
520.78
521.111
520.652
520.366
518.51
519.832
520.787
520.732
522.002
520.157
521.017
522.018
521.896
521.525
521.028
521.155
522.286
521.884
521.767
521.037
520.966
519.743
520.132
518.991
520.373
520.928
522.54
522.264
522.633
523.864
522.952
523.239
523.341
522.75
522.95
521.517
521.615
521.355
521.194
521.979
520.317
520.953
521.014
522.328
522.79
523.603
523.197
523.541
523.559
523.934
523.272
522.723
523.307
521.829
520.979
520.422
521.195
521.884
521.045
521.71
521.371
520.683
521.715
521.528
520.56
520.142
520.581
521.238
521.759
522.868
522.723
521.101
520.575
518.986
519.506
520.614
519.722
519.254
517.852
517.646
517.209
517.475
518.121
518.423
520.147
520.45
519.407
519.582
518.435
518.796
519.725
517.07
517.055
517.435
517.556
519.117
519.357
518.873
519.221
519.138
518.593
517.985
517.435
517.077
516.834
518.342
519.36
519.382
519.013
519.47
519.744
519.325
519.502
519.15
518.515
519.235
519.174
518.205
517.059
518.141
517.071
519.975
518.811
518.294
517.051
518.673
518.705
517.204
518.456
518.308
516.777
516.363
514.914
515.089
515.096
516.489
515.078
516.568
515.53
515.887
514.8
514.814
515.369
516.023
515.345
516.47
515.385
515.318
514.487
515.765
514.924
514.579
513.868
514.456
514.345
512.798
512.133
512.082
512.201
511.937
511.536
512.986
514.384
515.907
516.2
518.04
516.417
516.172
515.231
514.945
514.988
514.004
514.287
512.557
512.091
513.939
513.757
515.755
515.152
515.245
515.174
516.056
517.478
516.241
515.58
516.119
514.362
515.01
514.12
513.66
514.607
516.373
514.588
513.81
513.314
513.567
512.724
513.175
513.748
512.12
511.356
510.791
513.017
514.585
513.816
514.415
514.518
513.034
513.378
513.571
512.965
511.478
511.108
511.827
513.353
512.809
513.47
511.676
510.477
509.513
507.972
509.618
510.337
509.858
509.65
509.992
509.903
509.481
509.723
508.737
509.711
510.104
511.242
510.341
510.319
510.321
509.993
510.723
508.725
508.761
509.482
510.328
510.486
511.411
510.305
509.595
509.129
508.857
508.691
507.615
508.7
509.438
507.127
507.985
508.054
508.432
508.394
507.624
507.859
507.16
507.009
506.86
505.793
505.472
506.68
506.303
505.177
505.645
505.835
505.694
505.588
505.957
506.852
505.579
506.028
506.201
506.474
506.062
505.848
506.314
507.93
506.296
505.872
505.804
504.727
505.238
505.463
505.312
505.589
505.956
506.426
506.379
507.916
508.075
507.675
506.933
507.468
508.549
506.434
505.944
505.494
505.177
504.46
505.441
505.663
505.473
506.125
506.407
506.675
507.053
505.819
505.846
504.942
505.911
506.662
506.018
505.948
507.087
506.649
506.118
506.549
507.127
506.203
506.371
505.993
505.465
504.209
504.257
504.978
504.83
504.419
504.046
504.254
504.884
504.537
504.225
502.169
502.683
502.344
501.888
502.349
503.099
503.674
504.504
503.9
504.628
504.23
503.891
504.101
503.731
503.217
504.559
503.472
503.735
504.854
504.802
504.78
504.186
504.293
504.184
503.54
502.801
502.57
503.195
503.182
503.348
503.986
504.527
504.642
504.308
503.872
503.66
502.861
504.185
504.189
504.611
504.131
503.855
504.75
504.696
504.299
504.754
504.205
503.489
502.974
502.539
502.81
502.944
503.208
503.679
503.171
503.854
503.642
503.641
503.453
503.048
503.233
503.821
503.896
504.977
503.762
504.79
504.132
504.216
503.981
505.132
504.587
503.436
503.764
502.959
504.489
504.645
504.823
505.48
504.415
504.396
504.55
504.037
503.68
503.703
504.368
504.437
504.596
504.317
503.607
503.367
503.446
502.724
502.987
501.98
501.866
501.276
501.725
501.692
500.482
500.742
500.126
499.339
499.638
499.309
499.237
500.425
500.558
499.334
499.332
499.292
499.171
498.462
499.463
498.967
499.031
499.579
500.055
501.304
500.906
499.958
500.259
498.858
498.563
499.581
499.437
500.119
499.602
499.161
499.578
500.197
500.03
499.81
499.213
499.829
499.925
499.536
499.467
499.641
500.252
499.855
501.366
502.164
501.415
500.916
501.478
502.243
501.172
501.644
501.538
501.317
501.424
501.449
500.539
500.557
500.733
499.833
501.322
500.522
501.294
501.158
501.236
501.342
500.517
500.667
502.226
502.473
502.246
502.163
502.03
501.424
500.016
500.014
499.314
500.089
499.893
498.872
498.292
498.034
498.134
498.585
499.119
498.466
499.188
499.972
500.446
500.069
499.548
499.818
498.816
498.439
499.042
498.282
498.49
498.418
499.195
498.726
498.576
498.841
499.091
498.806
498.302
498.638
498.623
498.114
498.166
498.127
497.654
499.028
498.702
498.617
497.835
497.593
496.905
496.762
496.875
496.83
496.546
496.95
496.789
496.892
497.617
498.494
498.555
499.368
498.795
499.275
498.201
498.457
497.995
498.306
497.989
498.367
498.201
499.294
499.328
498.673
497.854
498.321
498.329
498.595
499.184
497.77
497.926
497.37
497.292
497.469
497.035
496.74
496.954
497.778
497.266
497.633
497.77
497.556
497.011
496.62
496.701
496.988
498.287
498.328
499.977
499.321
499.288
499.653
500.785
501.037
501.212
499.392
499.097
498.632
497.868
497.339
497.041
496.944
496.452
496.78
496.818
497.039
496.909
496.204
495.725
494.757
495.902
