Mut_X Mut_Y Mut_Size Mut_Rot Mut_R Mut_G Mut_B Mut_Type Time_Sec
137200 136236 162775 138274 166950 167450 166749 130585 1352.45
0 0 0 0 0 0 0 0 1352.45
--- Historial MSE por cambio de temperatura ---
41999.1
41389.7
41782.4
42475.9
41833.9
42560.7
42211.8
41566.9
41732.2
41260.5
41505.9
41727.7
42377.4
42502.3
42698.4
42035.7
42372.9
42219.8
41972.4
41971.7
41733.2
41618.3
41557.7
40706
40997.6
41314.6
41379
40407
41202.1
41747.4
42158.6
42718.7
41864
41254.2
40633.3
40928.6
40952
41102.9
40965.6
41525
41567.7
40985.1
41068
41622
42137.7
41766.2
41407.5
41770.6
42046.5
41841.6
40881.7
40337
40946.9
41589
41446.1
41301.5
41737.4
42003.5
41073.1
40898.7
40734.5
40882.1
40703.6
41688.9
40975.8
41022.6
39946.1
40093.3
39575.4
40011.5
39218.8
39852.9
39623
40307
41436.8
41337.2
40880.4
40163.2
40622.4
41047.9
39928.6
39569.2
40371.6
40311.1
40448.6
40018.6
40286
40845.1
40749.4
40509.3
40114.9
40632.2
40702.1
41487.4
40917.9
41017.9
41743.8
41535.4
41559.1
41851.2
41121.5
40834.2
40244.6
40634.4
41930.6
41056.7
40914.7
40881.5
40856.4
39910.1
40602.1
41828.7
41716
42163.2
42010.2
42004.1
42371.1
41758
41199.8
40696.1
41758
42289.2
41335.9
40972.2
41160.5
41130.1
41199.1
41249.4
39964.7
39569.7
40742.5
40043.4
40143
40035.5
38837.8
40519.9
40237.3
40097
40900.4
39672.8
39653.8
39899.4
39517.5
40847.2
40150.8
38487.6
37563.9
38887.5
38462.4
39933.7
40472.7
39663.1
39087.7
38318.8
37834.2
37393
37736.3
38429.4
37875.3
38455.2
38101.2
39418
38881.9
39074.5
38496.6
37760.7
38241.6
38258.7
37869.7
36764.4
37362.7
37964.2
38892.4
39059
39047
39135.4
39754.9
38047.3
38183.7
38192.3
38498.7
39609.9
39036.2
40106.9
40587.1
40317.4
39738.4
39622
40559.1
40772.5
40416.5
41586.6
41325.3
41923.1
41693.9
40968.2
40266.8
41177.1
40657.4
40468.6
40235
39988.2
40126.4
40397.1
40627.8
40202.4
39288.7
40200.1
39424.2
38807.3
39464.1
39984.3
39448
39948.9
40083.3
39945.6
40067.3
39945.9
40410.6
40063.4
40410.3
40905
40964.2
40893.5
41327.1
40586
40689
40459.9
40445.1
40001.3
40782.9
40852.7
40265.8
39748.9
39631.1
39125.2
39536.9
39497.1
39854.8
40432.8
40735.4
41184.1
40831.7
40546.8
40427.4
39957.3
39977.2
41071.6
40301.3
39049.6
40406.4
41151.2
40998.4
40924.1
41367.1
41218.6
40949.8
41524.4
41004.5
39821.6
40708.5
40787.9
39943.9
39937
39487.9
40091.4
39970.5
40339.6
40924.2
39719
38897.9
39588.1
39428.5
39059.9
39012.1
39039.4
39029.7
39359.9
39666.3
40530.9
40427.9
39498.6
39940
39468.3
38859.4
38625.9
38702.1
38263.2
38770.5
38338.9
39143.6
38974.6
38116.7
38716.5
38372.9
38590.6
38323.2
38458.4
39079.3
39186.7
39317.2
38972.7
39531.6
39819.6
38665.1
39035.9
38912
38766.6
38000.7
38946.5
38171.7
38089.2
37746.1
37914.3
37878.7
37555.5
37745.2
38041.6
37939
37789.2
37699.1
38120.7
38303.6
38375.5
37565.6
37248.4
37133.7
36517.2
36919.8
37531.2
37080.8
37921.7
37777.5
37638.7
38320.2
37950.4
37855.8
38190.6
38755.9
38451.6
38972.3
38922
39636.1
39365.6
38715.3
37801.6
38582.4
39320.8
39398.5
39492.6
38366.5
38993.1
39631.8
39333.3
38442
39261.9
39118.9
38999.4
38314.9
38044.3
38450.2
39062.5
39235.2
37954.9
37583.8
38146.9
37978.6
37690.8
37092.2
37157.8
36985.2
36502.3
37835.7
37932.9
38549.6
38004.4
37918.6
37455.8
38019.4
37328.3
38065.2
38368.3
36652.2
36728.8
36625.6
36481.5
37167.8
35468.3
35891.2
36101.8
35994.2
37045
36783.4
36707.3
36343.4
35989.6
36663.7
36033.7
35842
36662
37485.5
36982.9
36790.9
35981.6
35052.6
34757.1
34868.3
34732.6
36140.5
35162.6
35257.6
35463.7
35221.8
35794.8
35626.7
35213
35079
34347.9
35462.8
35418.4
36333.6
36160.2
36070.5
35647.1
35897.3
35544
36270.8
35829.8
35210.2
34557.6
35473
35867.7
34582.9
34845
35459.5
35307.9
34559.3
34153.3
33659.3
34921.8
33473.4
32382.2
33481.2
33416.7
32967.1
31897.1
32792.9
34013.6
33519.3
34420.4
34850.1
34906
34410.2
35268.9
35246
35287.4
36503.6
35353.7
35430.5
34932.5
34952.8
34508.6
34375.6
33559.7
34578.1
34569.4
35051.1
35937.2
36196.6
36978.3
37056.5
35759.7
35200.4
35745.9
36314
36308.9
36580.6
36346.1
36009.6
35196.5
35393.5
35499.2
34949.2
35827.9
36174
35929.4
36496.6
35564
35838.9
35976.8
35867.1
36051.2
34911.7
35261.9
34478.3
35107.6
34655.1
34487.4
35686.9
35859.1
34754.2
35208.4
35142.3
35738.1
35440.8
34842.4
35127.8
34965
35413.5
35783.2
35544.7
35298.3
35865.2
36221.2
36655.2
36491.5
35537.7
35027.2
35645.1
35240.4
35083.3
36010.1
36080.5
35948.8
36704.6
36244.9
36218.7
36064.8
35599.7
34935.6
35246.8
34616.9
34617.1
35224.7
35444.7
34477.1
34387.4
34279
35497.3
34677.6
33818.8
33484.6
34191.9
33459.2
33996.6
33844.1
33139.3
33115.5
33646.3
33764.9
33709.3
33303.4
34558.4
34928.6
34806.7
34120.9
34936.2
34255.5
33768.6
33821.4
34365.2
34434.2
34347.7
33875.4
34112.4
33724.3
33956.9
34099
35081.5
34180.9
34476.2
34529.5
33655.5
33596.9
33575.4
35294.9
35631.7
35348.7
35428.8
36678.2
36100.5
36332.5
36195.1
36070.5
35631
34873.7
34369.3
34330.1
34614
35267.4
35373.6
35574.6
35207.1
36124.8
36056.6
35595.2
35908.4
36230.8
35660.8
36710.6
35889.8
36765.6
35835.8
35658.9
36002
35216.5
35838.7
35102.9
35736.9
35507.5
35423.9
35053.1
35558.2
35786.9
35341
35818.3
36804.5
36637.2
36899.6
37006.4
37375.6
37458.1
36201.8
36292.8
36427.1
35727.3
35518.2
36634.5
36499.4
34917.3
35870.5
35426.9
35459.1
35208.2
35657.3
35615.4
35897.8
36063.7
36479.5
36591
35886.7
35939.5
36242.1
35501.5
35004.9
34916.3
34628
35052.6
35542.6
35552.5
35903.3
33699.7
34119.1
34591.8
35038.6
34952.5
34784.1
35053.4
34744.5
34761.5
34816.8
33847.2
34515.5
34532.8
33931.9
33540.6
33627.1
33499.1
32960.4
33360.6
33074.1
32341.2
32241
33299.4
32987.3
33040.9
33970.1
33721.9
33495.2
33513.1
33298.7
34616
33592.1
34263.2
34488.4
33713.7
35154.8
35613.9
35449.8
35265.2
35842.5
35421.1
33803.8
32890.7
33916.1
33472.5
33356.7
32877.2
33241.3
33551.2
33852.1
34027.7
31878.4
32191.9
32848.8
33035.5
32516.4
32992.3
33742.2
32824
32707.9
33579.6
33628.5
33781.9
33624.3
32527.6
32487.5
33139.9
32012.1
31973.6
31130
31266.1
31096.4
31885.3
32145.6
32592.7
31832.2
31802.2
31189.1
30779.6
31437
31777.6
31946.8
32228.3
32793.9
33721
33135.9
33961.4
33988.8
34521.3
34377.3
35076.3
35271.3
35202.4
35322.8
34327.8
34432
34622.7
35244.6
35349.8
35645.4
36183.9
36237.5
34919.4
35295.9
35620.3
35871.2
35760.2
34562.2
34718.1
34879.1
35497.4
35202.2
34803.9
35786.7
34980.2
35040.1
34084.9
33955.5
34717.4
34016.9
34284.1
34262.1
34060.2
34161.4
35093.6
34757.6
34704.8
35146.8
34727.1
35921.3
35851.7
35755.7
36094.1
35987.5
35965.4
35348.5
35869.6
35709.7
35871.3
35750.3
36302.1
36425.9
36931.2
36747.1
35809.5
35362.7
35017
35325.9
36163.4
36272.9
36149.5
35785.6
35494.4
36767.8
37041
37437.8
36623.8
36161.2
34783.9
35694
35963.5
35282.7
35332.1
35441.4
35521.1
35591.7
36260.2
35780.1
35579
35792.1
36259.7
35127.4
34643.1
34051.8
33472.7
33027.3
33164.5
33048.3
34219.1
34509.1
34143.6
34130.3
33413.3
32979.5
32628
31977.4
32054.1
32898.7
32001.1
32286.3
33193.5
33420.8
33876.2
33797.2
34484.6
33926
34097.2
33448.8
33328.8
34455.9
33721.2
33656.7
33388.3
33871
33107.9
32970
33471
33794.6
34439.5
33400.6
33229.5
33519.5
32772.5
34152.3
33887.5
34455.8
34231.9
34266.1
34350.9
34717.6
34910.2
33750.9
34469
35209.3
33472.7
34407.9
33626.5
33322
33043.9
32793.8
32235.7
31936.4
32535.7
31932.6
31279.1
31765.5
31835.3
31755.1
32420.4
32314.9
30937.9
31730
31286.1
31415.1
33433.9
33187.7
32668.6
32623.6
31756.4
31728.9
31712.2
31358.1
31315.7
30970.2
30918.8
30076.7
30497.3
30516.9
31426.3
30857.3
30483
30687.2
29536.9
28819.6
28347.1
30289.7
31071.3
30411.4
30962.5
29986.7
30100.8
30146
29964.1
30386.6
29609.2
30533.4
31852.2
30623.4
29994.5
29947.5
29251.9
30165
30630.9
29571.1
28495.7
28978
29684
29585.8
29305.1
28946.7
28798.5
29871.1
30978.2
31575.9
30385.4
31392
30905.1
31248.4
31159.1
30597.1
31543.2
31584
30984.1
30896
30751.7
30714.1
30211.7
30333.1
31558.2
31278.1
31116.8
32103.6
31159.8
30970.3
30549.3
30456.3
31943.6
31856
30666.2
30780.4
30174.8
30872.9
30828.3
30272.5
31338.2
31359.1
31872.3
31442.1
31616.5
31668.4
31940
32595.7
32209
30436.1
30444.1
30326.8
30222.5
30457
29557.5
29971.8
29603.3
31041.6
31100.9
29711.9
29867
31456.5
30252.9
31420
31432.8
30851.9
30817
31189.8
31412.8
29813.4
29604.4
29661.2
28971.5
29911.8
30680.1
30936.9
29267.1
30214
30834.4
31309
31449.8
30970.6
31107.5
31402.1
31472.1
31147.5
30942.7
29496.9
29426.9
29608.4
29163.4
28655.8
29444.8
29051.1
29535.8
28551.8
27921.8
28068.9
28967
29762.3
28907.5
28712.6
30186.3
30280.6
29962.5
28669.7
29174
29617.7
28333.3
28802.2
29298.7
29561.4
28413.8
28353.1
29102.6
30007
27956
28114.7
29192
28172.5
28269.2
28692.7
28739.6
28898.8
29079.2
28499.8
28879.2
29462.4
28683.7
28582.2
28406.6
28710.8
27958.9
27635.7
28881.1
28493.3
27270.8
26767.1
27623.3
27124
27142.3
27504.6
27078.7
28355.1
28073.1
28214.6
28071.1
28105.5
28128
27498.1
27324.4
28250
28338.1
29078.7
28730.8
29223.8
29058.2
28671.5
27875.7
28804.6
27991.4
27976.2
27472.3
28149.4
27338.7
27991.4
28441.9
28343.3
28215.1
28522.9
27058.6
26944.5
26806.2
27675.4
27350.7
29612.4
28835.5
28967.3
28785.5
28079.1
28491.6
28908.7
29128.8
29394.4
29585.6
28291.6
28174
29262.7
28691.7
27733.6
28872.8
27774.9
27926.8
27421.8
28047.8
27949.9
28279.2
29926.2
30709.6
30450
28760
29768.6
28148.6
27817.9
28232
28863.1
28962.1
28033.1
28454.5
29058.3
29020.7
29854.5
29299.5
28963
28236
28019.9
27431.8
25897.1
26753.3
26861.8
27253.7
26934.7
26363.7
26216.9
25003
25908.5
27373.1
27559.3
26467.9
25323.2
25354.6
26344
26506.3
25884.7
26273.1
26786.3
26896.5
27015.6
26089.8
25103.5
23644.9
23554
24038.6
23724.1
25624.4
25092.8
25939.4
24930.1
26381.9
27256.3
27053.8
26159.2
26066.9
27517.2
26125
27389.7
27850
27804.4
27334.5
28009.1
29255.6
28025.5
26877.9
25771.8
25145.8
26142.8
25134.4
24953.6
25859.5
26359.2
27058
26401.6
25623.8
26215.7
26369
26998.7
26712.5
25688.9
26181.8
26665.9
27158.1
26657.1
26153.9
25867.3
25228.7
24961.1
25246.7
25620.4
26759
26463.5
25248.9
24578.9
25389.7
24100.8
24723.2
24895.1
25515.7
25818.5
25414.8
25847.4
27450.8
27337.2
26738.6
26729
26253.5
26305.3
25336.6
24823
24665.4
25134.6
25375
25117.4
25127.8
24945.5
25734.7
23227.9
23851.9
24155.8
25072.8
25859
25301.2
25578.9
26592.6
27664.7
26952.1
26558.9
27068.7
26810.9
26392.9
27060.5
27701.7
27253.3
27863.5
27778.5
28676.5
27397
29060.9
28547.1
29115.2
28834
29400.9
30118.9
30131.4
30320.4
30423.1
28813.8
28891.4
28758.4
28352.8
28378.5
27843
27888.6
29005
29135.5
28982.8
28721.6
28288
27403.1
27193.2
28377.1
28078.6
27357.9
26655.4
26927.6
27681.6
26781.6
27860.5
27817.3
26810.4
26440.8
26039.2
26814.8
26024.6
25310.2
25903.1
25624
24750.3
24770.7
24752.1
25352.3
25309.3
25536.5
26603.9
26951.1
26849.4
26645.1
26342.6
26582.4
27211.4
27415.6
27064.9
27580.5
26381
27524
26654.5
25910.3
26463.2
25850
25495.5
26172.1
26583.9
25195.4
24970.8
23892.2
23899.8
24260.7
25322.5
24753.9
26039.1
25088.8
23999.6
24423.8
23830.2
23697.4
23535.7
23686
23545.5
24163.8
24857
24629.5
25350.2
24936.1
23857.2
22947
24061
24535.6
23417.3
24224.7
24191.8
23563.8
22481.1
22232.5
22644.8
22779.7
22152.9
23206.7
21888.1
22960.2
22659.1
23087.9
23620.6
23369.1
22831.5
21674.7
21868.1
23345.9
23816.1
23177.1
22993.1
23487.4
23230.4
23344
22444.4
22891.9
23547.2
23571.8
23819.8
23413.4
22783.8
23127.4
23269.5
23387.6
23168.3
22578
22988.2
23886.9
23959.5
24340.6
23057.7
24281.1
23499.9
23326.1
24044.4
23962.4
22741.2
23289.2
22885.4
22586.6
23307.4
24240.4
23376.5
23995.4
23895.2
23920.7
23833.5
23064.8
23524.6
24133.8
23676.2
24732.1
24376.2
23364.8
23682.7
23730.6
23559.7
23552.1
23813.5
24275.2
24510.3
24032.3
24673
25877.2
25469.4
23911.3
24382.3
23774.9
23957.3
23842.1
24917.8
23831.9
24398.9
24120.4
23334.5
22832.7
23651.8
23127.5
22806.8
24076.8
24267
23641.5
24462.4
24030.6
24337
24292.3
23584.5
23677.9
24004.9
24437.5
23742.2
23439.5
21983
22587.3
22418
21507.6
22101.9
23054.3
23724
23652.2
24087.8
23054.3
23541.6
22859.6
23382.7
23951.9
23553.2
23849.5
22593.4
22665.5
23484.4
23136.2
23451.1
23382.1
22005
22788.5
23368.5
23469.2
24678.4
24219.2
24022.1
23561.4
22998.3
23121.7
23130.9
23590.2
23221.5
24596.2
24420
24277.7
22960
23669.2
24429.7
23278.2
22403.4
22189.1
22333.7
21612.1
20938.2
21193.3
22630
22989.3
23342.3
23597.1
23073.8
23219
24230.7
25146.9
23960.2
23572.4
22934.7
21865.6
22658.2
22288.1
21480.9
21944.7
22198.1
22626.1
21161.5
20734.6
20970.7
20721.9
21006.1
21586.8
20764.7
20868.4
20783.8
20459.4
20943.7
21689.8
22799.9
22838.9
22914.5
22766.9
23194.8
24052.1
24367.8
24608.3
25870.4
25268
25153.9
25317.6
25258.4
24603.6
24904.3
23413
24274
23887.8
23098.1
24458.6
22508.4
23806
23523.3
23165.8
23702.1
23090.4
22592.3
23399.2
23165.2
22815.2
22694.3
22429
22058.8
22058
20871.1
21697.2
22093.3
21327.8
20930.7
22013
21402.8
20988.6
21540.9
20966.9
20247.3
21079.6
20249.1
20556.7
20407.9
20900.5
20465
21280.6
20672.8
22030.9
22435.4
23136.4
23340.1
22864.3
23372.3
22229.4
22761.9
22122.1
21310.7
21110.8
20918
20813.3
21189.3
22390.1
22474.4
22386.1
22670.7
22051.1
22194.4
22352.8
22336.6
21744.2
21405.5
21804
21557.5
21018.8
20181.8
20770.6
20375.8
20526.6
20414.2
20794.3
20764.2
21323.9
21035.1
20119.2
19699.8
20539.6
20524.3
19946.8
19444.9
19598.9
20111.4
19499
18861.1
19626.2
18922.3
18500.9
17670.7
17471.3
17712.1
18128.2
18041.1
18418.2
18819.3
19006.1
17583.9
17417.8
17837.7
18329.8
17697.3
18483.2
19069.7
18916.7
19119
19567.1
18246
17982.1
18056.5
18358.3
18176.9
19280
19802.8
18665.7
18921.8
19433.3
19164.1
19637
19353.2
18164.5
16850.5
18073.5
18020.3
16945.5
16329.7
16173.3
16798.8
17315.9
16835.2
16779.2
16734.4
17842.8
17645.6
16852.6
15821.1
15506.8
15445.7
16451.6
16318.2
15968.7
16472.4
17056.2
16483.4
16881
16703.3
17050.9
17884.1
18533.7
19197
18852
18453
18302.5
16975.3
16579.8
16035.1
15990.1
16157.6
16684.6
15794.8
15515.3
15324.4
16402.4
16782.9
17258.5
17237.8
17587.7
16531.1
16914.7
15898.1
16630.4
16646
16421
15955.3
15138.2
15371.2
14977.9
14774.3
15289.7
15804.3
15535.8
16096.1
15965.8
16212
17172.8
16455.9
15650.3
15690
15510.5
16117.5
15130.6
15228.6
15483.2
14639.6
14799.7
14463.5
15136.2
13996
14093.5
14934.5
14973.8
15188.9
14488.8
14342.4
14229.2
14073.7
14998.4
14612.4
14579.3
15178.4
15707.8
15588.7
16001.8
14787.4
13799.2
14349
14244.9
15232.1
14953.2
15673.4
15880.1
16213.8
15278.3
15209.1
15971.5
15409.1
16028.1
14475.3
14452.6
15003.5
14700
14048
14421
14947.3
14358.4
14225.2
14353.1
14570.8
15410.9
15426
15263.6
15301.6
15447.3
14295.5
14613.5
14328.6
14007.8
14800.7
14712.8
15424.7
14639.9
14091.7
14823.9
14845.3
15405.9
15917.4
15817.7
16265.5
14686.2
15502.5
15715.5
15295
15058.8
15226.8
15304.6
14965.1
14267.4
14275.4
14081.9
13269.4
13485.3
13706
13693.8
13636.4
14145.4
14163.4
14815
14953.3
14444.5
14563.3
14008.2
13009.1
13041.1
12680.9
13311.4
13986.2
13645.3
13869.2
14253.9
14479.3
13457.5
13566.7
13719.1
13557.1
12848
12779.9
12769
13015.6
12108
12334.7
12259.7
11883.5
11482.1
11394.8
11472
11708.9
12056.6
12961.3
11863.6
11296.7
10630.1
11401
11944.2
12905.4
12422.9
11897.4
12323.4
11283.3
10808.6
11912
12167.6
10816.3
10655.6
11061.6
11123
10831.5
11135.9
11197.4
10833.6
11214.8
11297.2
11540.9
12438.6
11327
11504.3
11201.9
11256.5
11394.1
11268.7
11269.9
10142
10477.7
10085.5
10523.2
9416.65
9099.1
10440.7
9815.57
10199.4
10886
11005.5
10355.5
9776.31
10305.6
9830.18
10775
10146.5
10660.8
11028
11013.7
10981.9
11382.7
11150.9
10326.1
10658.3
11438.5
10850.3
11026.7
10408.1
10982.2
11054
11162.5
11848.7
11908.8
11982.2
12610.5
12722.5
12302.1
12162
11765.7
11440.5
11843.5
11694.6
11861.6
12342.8
12210.2
12464.9
11702.9
11902.9
11717.4
11775.9
10977.9
11199.7
11637.8
11557.3
11466.4
11497.8
11231.4
11375.5
11384.4
11325
11155.4
11139.6
11325.5
11637
10996
10168.8
10152.4
10620.5
10934.8
11254
11405
10743.9
10709.1
10440.9
10989.4
11089
10678.1
11464.5
12103.4
11468.9
11593.1
12369.8
12271.5
12169.6
11994.4
11307.4
11285.2
10832.6
10948
10498.9
10226.1
10651.2
10744.5
10197.1
9976.42
10154.5
9619.29
9361.07
9502.68
9393.94
10165.4
10049.9
9275.13
9992.26
10116.6
9453.21
9884.61
10107.7
9931.53
9755.38
9584.45
9737.62
9571.77
10073.6
9908.53
9049.12
8892.87
9955.61
10374.3
10066.8
10418.6
10447.4
10582.4
10628.3
10059.1
10717.5
10584.4
10615.6
10240.1
10301
10565.8
10405
11556.4
11258.3
10564.4
11018.5
11245.2
10205.3
10821.7
11151.3
10671.8
11891
11408.3
10883.9
9626.27
10185.3
9983.78
10003.1
10140.5
9720.74
9711.91
9480.54
10009.9
10686.5
10108.7
10049.4
10040
10210
9283.07
9709.06
8664.3
9025.94
8794.1
8927.43
9528.62
8638.62
9310.41
9199.29
8840.51
8746.73
9365.63
9287.17
10077.7
9780.07
9581.44
9376.98
9424.93
9661.08
10085.4
10126.5
9575.82
9395.04
9314.5
9530.68
9062.7
9001.35
9194.37
9814.78
10079.7
10764.8
9936.98
9300.83
9440.7
9073.03
9484.25
9492.56
9163.11
8962.64
8693.41
8936.55
8681.09
8906.63
9071.83
9004.85
9034.07
9394.68
9484.56
9537.37
10006
10673.7
10653.8
10399
10312.8
10763.4
10726.8
10290.4
9933.85
10126.8
10510
10408
10269.6
10209.8
10375.4
10231.6
10798
11100.8
11199.6
11589.5
11234.4
11214
11527.1
12103.8
11424.7
11219
11301.6
11061.9
11093.7
10856.5
10551
10192.3
10377.5
10466.7
9735.56
9432.95
9329.76
9209.2
9529.75
9408.16
10526.2
10341.5
10335.4
9850.18
9600.73
10306.5
9743.47
9568.91
9666.12
10242.5
10212.7
9824.44
9531.41
9612.43
9501.83
9208.38
9328.13
9524.21
9486.6
9218.71
9535.11
9104.21
8792.93
9055.36
8932.81
8762.77
8910.35
8763.08
9115.14
8861.82
9248.59
9901.74
9377.13
9206.96
9574.74
9469.09
9563.81
9478.21
8980.05
9130.42
9147.93
8977.68
9030.74
9129.47
9180.97
9760.26
9598.23
9525.68
9511.19
9249
9230.86
9813.39
10023
9921.64
9247.41
9206.13
9597.51
9796.78
9365.99
9722.97
9900.92
9714.14
9750.75
9295.26
9500.37
9339.91
9638.66
9056.16
9092.92
9076.76
8945.17
9597.16
9375.56
9458.65
9569.93
9635.82
9258.53
9834.82
9636.24
9641.89
9833.85
9807.5
9948.17
9307.98
9607.07
9610.33
9457.11
9594.96
9014.3
9459.6
9528.22
8895.9
8656.98
9081.59
8602.83
8941.79
9007.4
9092.57
9255.33
8880.88
9356.89
9311.79
8983.18
8906.29
8648.59
8909.05
9481.06
9480.92
9155.15
9297.02
9522.18
8979.9
9035.98
9020.43
9166.41
9358.56
9460.37
9271.87
10081.6
9334.18
8758.8
8544.72
8843.36
8692.32
8112.94
8067.64
7996.92
7847.67
8474.74
8289.44
8260.07
7875.8
8012.56
8084.33
7980.16
8154.51
7847.78
7805.91
7858.96
7350.69
7657.62
7918.58
7754.74
8143.5
7761.01
7576.61
7552.87
7640.81
8087.08
8211.91
8354.56
8173.45
8089.03
7563.28
7436.17
7435.22
7743.59
7589.19
8177.17
7587.88
7499.79
7372.67
7476.99
7150.03
7147.37
7737.6
7608.89
7768.44
7817.94
7600.4
7226.69
7056.76
6863.69
6835.36
6994.1
6696.72
6688.59
6730.06
6579.35
6221.45
6836.1
6834.51
7064.67
6462.52
6364.54
6782.17
6248
6407.08
6232.57
6302.72
6301.65
6425.46
6628.24
6488.15
6489.09
6331.63
6129.96
5883.4
5892.73
5853.17
5980.19
5683.81
5628.63
5660.39
5573.08
6011.12
5922.3
6216.62
6169.68
6174.97
5984.29
5887.21
5979.63
6111.92
6208.74
5834.07
6158.01
6167.57
6701.44
6030.66
6142.93
6173.67
6624.61
6175.92
6143.01
5655.23
5684.8
5453.77
5498.34
5576.96
5772.47
5962.8
5586.03
5520.24
5597.08
5394.29
5567.15
5521.21
5044.21
4652.37
5162.24
5108.12
5004.27
4743.13
4837.13
4935.04
4585.65
4620.21
4550.86
4736.72
4627.79
4737.35
4717.84
4765.99
4402.3
4382.21
4633.79
4782.6
4681.73
5076.08
5081.3
4792.93
4724.56
4679.66
5012.62
5283.13
5192.83
5169.9
5188.35
5030.48
4700.31
4965.23
4939.52
4369.63
4334.03
4559.73
4341.4
4485.47
4278.46
4270.7
4573.97
4372.25
4426.07
4388.09
4944.43
4439.19
4759.51
4425.4
4628.31
4622.75
4794.35
4676.54
4747.92
4676.73
4792.5
4297.08
4236.23
4229.53
4477.05
4079.42
4002.97
4159.52
4308.21
4195.22
4029.63
4128.89
3955.11
4298.11
4388.86
4468.78
4123.49
3948.45
4183.77
4024.07
4065.95
4449.59
4597.76
4390.41
4516.01
4456.44
4776.29
4969.02
4939.31
4489.86
4533.94
4721.18
4650.44
4418.7
4504.54
4463.01
4122.77
3928.79
4254.51
4247.86
4432.44
4297.26
4437.35
4404.9
4363.04
4464.74
4540.16
4400.93
4302.67
4290.24
4524.38
4554.95
4301.19
4267.28
4252.75
4237.31
4367.83
4196.23
4092.99
4227.87
4382.13
4075.86
4556.55
4577.91
4752.04
5036.73
4775.19
4663.81
4334.7
4396.42
4117.61
3895.16
4108.36
4019.76
4013.1
3832.73
3849.47
4089.03
4232.88
3813.07
3831.43
4185.48
4253.27
4422.18
4435.57
4184.13
4680.63
4442.01
4554
4284.34
4291.93
4512.14
4593.41
4769.03
4825.11
4928.43
4751.84
4781.37
4680.71
5203.14
4910.52
4993.42
4795.93
4867.8
4799.79
4862.89
5059.4
4909.46
4468.11
4241.34
4444.51
4576.63
4621.62
4542.27
4582.58
4277.37
4295.19
4429.09
4417
4500.2
4208.01
4103.29
4075.65
3777.17
4261.93
4249.32
4391.25
4294.14
4056.45
3986.22
4309.8
4358.81
4182.23
4185.75
4313.99
4213.51
4542.04
4178.54
4000.74
4004.17
4124.71
3978.33
3944.49
4241.24
4218.58
4100.92
4257.65
4472.02
4435.44
4433.71
4381.63
4119.78
4155.99
4235.85
4404.06
4476.4
4297.61
4094.08
4125.53
4227.94
4286.53
4125.83
4075.67
3751.98
3656.29
3864.93
4015.56
3950.41
4126.6
4065.87
4097.09
4139.91
4387.84
4561.04
4327.99
4091.27
4227.22
4024.14
3772.64
3992.7
3607.4
3733.13
3738.43
3866.6
3554.63
3334.74
3281.33
3348.62
3493.66
3594.9
3535.42
3472.98
3771.01
3720.75
3846.39
3914.74
3895.69
3978.96
4035.82
4045.36
4144.89
4435
3917.64
4082.41
4106.9
4172.99
4337.32
4196.44
4240.83
4422.39
4374.61
4602.21
4488.14
4594.96
4592.56
4454.7
4570.44
4671.02
4662.26
4369.51
4021.37
4281.48
4459.49
4323.76
4348.92
4359.18
4217.99
4039.17
4107.39
3804.38
3678.41
4044.79
3764.25
3790.67
3807.95
3907.61
4128.99
4096.9
4328.63
4367.86
4057.55
4088.17
3886.68
3837.68
3523.91
3647.66
3738.35
3651.72
3704.3
3591.09
3734.09
3792.63
3665.69
3626.85
3687.56
3519.9
3537.14
3596.4
3558.39
3451.95
3434.36
3302.13
3257.54
3160.86
3063.94
3113.19
3191.45
3041.4
3175.93
3214.26
3615.83
3299.79
3304.35
3072.99
3130.79
3232.04
3208.07
3334.44
3380.75
3365.62
3252.16
3212.33
3583.14
3470.74
3393.77
3296.7
3173.46
3182.84
3383.96
3325.46
3307.56
3236.21
3180.91
3173.49
3113.24
3152.73
3239.66
3268.75
3262.07
3289.48
3424.89
3476.5
3200.98
3289.22
3414.92
3384.24
3244.13
3306.3
3343.16
3328.83
3268.89
3391.27
3494.64
3375.71
3093.2
3031.9
3086.47
3071.68
3036.86
3123.96
3221.46
2964.28
3137.87
2979.44
2980.68
3139.48
3349.93
3097.06
3023.75
3191.68
3100.06
2955.77
3018.84
2908.24
2853.04
2952.54
2956.91
3072.01
3079.09
2936.28
3073.23
3175.35
3095.54
3139.53
3108.85
3134.97
3271.83
3209.37
3339.42
3462.25
3536.39
3603.63
3358.14
3410.69
3207.28
3100.65
3159.95
3243.77
3364.15
3307.52
3243.23
3255.83
3375.76
3404.97
3534.69
3697.17
3676.07
3680.94
3798.43
3773.29
3700.49
3538.29
3307.53
3295.49
3252.46
3218.28
3203.77
3343.55
3381.62
3431.28
3604.68
3752.28
3504.63
3372.16
3171.51
2864.84
2762.64
2773.34
3062.21
3155.07
3236.21
3007.03
2966.64
2954.37
3005.06
2921.39
2841.8
2976.49
2968.72
2932.98
3043.8
3078.66
3121.49
3065.73
3019.28
3156.79
3217.6
3388.04
3387.89
3455.73
3629.22
3524.57
3305.35
3323.4
3193.06
3289.97
3191.51
3186.77
3179.93
3263.86
3160.57
3212.89
3381.86
3428.42
3439.89
3432.5
3395.9
3194.3
3110.85
3164.82
3102.96
3232.89
3061.89
3001.15
3240.6
3201.6
3091.4
2917.84
3103.25
3076.29
3142.58
3096.98
3042.17
3231.38
3046.72
2985.39
2892.68
2902.46
2995.31
2880.19
2713.78
2727.24
2682.53
2611.04
2707.8
2836.6
2776.14
2730.05
2826.64
2659.6
2794.03
2763.88
2772.06
2731.72
2789.69
2876.93
2943.3
2815.89
2761.2
2824.35
2851.96
2832.65
2874.59
2832.25
2792.73
2595.05
2711.91
2706.9
2664.71
2655.9
2576.16
2734.08
2546.04
2609.18
2481.02
2377.7
2484.13
2671.06
2569.6
2637.26
2925.39
2719.73
2697.09
2678.08
2637.8
2500.68
2519.58
2600.89
2680.97
2561.55
2578.2
2557.75
2682.25
2885.99
2613.78
2628.33
2562.06
2550.24
2571.83
2416.2
2403.41
2299.65
2427.08
2516.39
2527.38
2538.57
2551.71
2488.63
2364.29
2557.71
2608.9
2403.34
2371.23
2501.76
2419.03
2350.91
2463.61
2523.5
2610.35
2742.76
2898.99
2980.74
2975.44
2854.06
2757.06
2798.36
2736.19
2698.77
2703.95
2622.7
2651.23
2595.01
2579.07
2646.66
2705.71
2757.06
2611.01
2612.22
2636.32
2701.74
2486.61
2359.46
2365.56
2395.57
2227.61
2335.08
2413.55
2335.53
2457.52
2512.34
2308.19
2289.61
2316.98
2282.2
2203.41
2285.24
2369.59
2276.33
2279.91
2425.83
2437.21
2324.12
2417.9
2375.95
2118.22
2179.66
2275.9
2223.62
2374.53
2371.91
2306.1
2403.19
2242.31
2352.11
2299.7
2352.25
2247.57
2332.49
2355.3
2397.6
2331.64
2370.58
2264.66
2303.19
2407.93
2344.39
2465.64
2542.82
2554.07
2722.03
2606.1
2707.06
2660.47
2479.08
2527.12
2533.62
2643.62
2555.77
2690.14
2711.66
2611.11
2604
2553.33
2554.93
2500
2324.85
2263.21
2181.76
2209.3
2279.78
2195.93
2131.73
2021.5
2097.25
2085.56
2188.44
2288.33
2133.86
1962.66
2060.72
2049.78
2070.71
1856.03
1820.76
1967.69
1896.14
1956.65
2000.76
1941.64
2009.4
2019.76
1881.63
1968.3
2025.05
1934
1921.83
1916.31
1909.08
1897.15
2040.47
1990.76
1860.36
1997.05
1892.54
2047.55
2063.54
1975.52
1901.17
1889.81
1905.55
1850.48
1892.99
2011.43
2124.35
2133.04
2041.46
2112.48
1999.75
1968.21
2010.52
2155.03
2110.02
2115.41
2165.4
2053.31
2218.8
2119.55
2052.33
2028.5
2051.02
2009.94
1998.46
1993.75
2063.97
2116.11
2228.75
2178.45
2193.88
2149.4
2048.88
1968.41
1950.17
2056.32
2135.79
2242.57
2280.25
2277.74
2213.37
2181.82
2179.44
2152.97
2134.16
2127.58
2214.67
2141.53
2173.68
2192.99
2195.2
2237.61
2257.83
2104.84
2056.22
2026
1940.99
1989.16
2071.82
2033.51
2006.88
2058.73
2055.99
2116.65
2104.9
2124.26
2299.6
2375.35
2249.48
2144.37
2236.55
2205.79
2103.96
2125.93
2110.8
2106.01
2158.8
2139.57
2157.25
2074.9
2062.45
2143.21
2125.4
2077.96
1978.47
1915.91
1927.43
1968.16
2031.39
1963.04
2136.25
2189.53
2080.34
2001.98
1892.53
1940.35
1965.27
1953.37
1924.48
1914.78
2126
2132.06
2089.69
2144.77
2087.82
2013.77
2005.45
1920.47
1962.56
1992.28
1958.51
1892.65
1907.74
1963.82
1908.37
1901.42
1842.26
1815.99
1944.71
1994.82
2058.81
1978.89
1921.81
2051.83
2053.04
1941.87
1957.29
1889.49
1914.67
1998.12
1989.01
1939.65
1942.79
1885.39
1802.69
1826.7
1753.1
1795.57
1789.27
1781.2
1856.92
1865.94
1782.28
1679.56
1673.97
1709.95
1720.37
1614.02
1694.96
1804.87
1776.9
1791.26
1895.35
1869.22
1836.99
1845.91
1926.87
1863.69
1853.77
1827.31
1860.55
1805.4
1736.41
1711.68
1713.15
1680.3
1752.94
1767.85
1710.19
1639.11
1728.84
1828.82
1708.99
1632.17
1655.39
1694.9
1776.07
1756.84
1731.38
1736.12
1810.31
1841.02
1855.62
1794.56
1729.5
1736.42
1731.11
1687.78
1696.37
1715.56
1739.06
1772.53
1917.46
1884.17
1871.83
1786.76
1674.07
1751.61
1710.1
1760.27
1729.77
1718.56
1697.64
1701.44
1614.79
1700.02
1732.93
1748.84
1807.58
1863.85
1926.5
1825.67
1782.13
1675.09
1733.15
1784.89
1747.8
1763.16
1800.41
1782.01
1812.21
1815.95
1800.5
1835.65
1807.75
1777.66
1799.17
1806.75
1726.5
1719.75
1673.24
1642.54
1683.74
1677.28
1686.05
1701.72
1845.57
1769.78
1717.56
1758.7
1694.04
1677.36
1708.3
1788.95
1781
1720.68
1774.57
1739.35
1726.88
1831.49
1853.34
1695.16
1702.42
1689.74
1714.21
1710.61
1761.84
1769.72
1843.65
1771.58
1691.25
1743.56
1686.66
1741.63
1793.26
1836.12
1791.95
1770.65
1736.08
1726.68
1738.92
1664.68
1633.3
1692.62
1702.23
1688.4
1703.66
1655.77
1681.51
1706.86
1658.62
1653.56
1659.28
1727.84
1733.67
1714.98
1759.22
1792.43
1702.93
1716.21
1640.63
1601.72
1575.28
1617.8
1676.6
1687.62
1588.34
1610.85
1531.4
1555.03
1551.85
1647.12
1587.63
1580.02
1600.13
1567.12
1580.5
1598.71
1465.71
1496.04
1536.52
1501.47
1523.77
1558.28
1487.48
1390.08
1403.92
1534.58
1491.61
1467.34
1553.56
1511.57
1397.87
1412.21
1426.71
1425.81
1444.85
1432.66
1507.77
1492.99
1499.03
1552.23
1605.46
1521.71
1552.84
1526.32
1571.5
1605.15
1549.98
1470.14
1489.32
1474.61
1443.41
1425.48
1401.66
1423.17
1495.93
1458.22
1529.62
1486.4
1447.95
1440.24
1446.85
1433.15
1488.64
1473.58
1489.52
1439.56
1438.36
1470.15
1402.47
1398.36
1368.33
1287.29
1313.95
1337.37
1379.15
1356.9
1428.44
1449.07
1421.04
1438.43
1371.75
1370.84
1375.59
1433.73
1400.94
1382.19
1378.58
1453.66
1423.03
1428.24
1464.03
1421.7
1378.04
1338.92
1442.19
1451.34
1455.11
1434.64
1385.96
1390.12
1422.76
1401.89
1421.49
1409.16
1409.87
1323.6
1345.83
1319.88
1368.31
1359.66
1347.03
1382.55
1441.96
1438.84
1412.57
1293.4
1276.3
1255.2
1248.97
1205.4
1256.04
1242.88
1243.9
1341.52
1353.95
1455.23
1456.33
1441.38
1381.86
1421.65
1444.33
1479.01
1433.68
1421.02
1389.99
1296.18
1293.76
1328.87
1341.61
1368.65
1395.34
1516.36
1428.94
1312.77
1260.79
1257.39
1283.58
1242.55
1263.83
1249.22
1242.49
1231.09
1219.49
1223.38
1239.79
1248.69
1254.02
1187.48
1178.6
1249.41
1233.07
1259.99
1285.48
1204.82
1217.24
1197.47
1207.02
1182.94
1203.12
1238.33
1291.08
1236.07
1256.05
1303.89
1317.14
1356.79
1259.78
1261.39
1284.24
1312.72
1321.88
1340.53
1350.27
1253.48
1282.51
1278.82
1307.08
1267.11
1280.93
1236.34
1232.56
1220.86
1260.85
1232.7
1207.35
1214.93
1227.95
1215.78
1236.83
1184.41
1194.33
1192.65
1193.68
1176.78
1187.98
1221.29
1222.62
1253.81
1219.48
1192.47
1185.31
1202.8
1206.66
1178.81
1203.25
1235.73
1170.51
1220.26
1219.8
1195.46
1226.24
1229.21
1201.67
1189.73
1219.1
1321.57
1290.27
1278.65
1293.76
1330.77
1291.7
1262.69
1197.74
1203.58
1226.52
1213.29
1211.16
1218.68
1208.37
1254.38
1236.4
1206.63
1231.19
1233.4
1219.12
1170.69
1193.69
1257.68
1255.37
1245.84
1238.96
1201.87
1211.28
1174.43
1136.61
1146.78
1196.46
1270.24
1284
1287.41
1281.51
1245.04
1257.67
1213.93
1257.34
1227.8
1231.58
1231.08
1237.24
1226.46
1138
1191
1143.41
1148.67
1112.56
1168.97
1096.18
1082.54
1092.34
1131.58
1120.95
1142.35
1204.14
1229.81
1228.18
1225.28
1282.16
1266.44
1263.27
1249.25
1251.95
1298.08
1291.61
1336.44
1321.8
1274.49
1287.53
1276.34
1245.15
1222.92
1223.96
1231
1209.28
1203.92
1201.82
1221.16
1176.38
1214.18
1241.39
1201.02
1208.29
1215.67
1170.92
1158.7
1167.91
1154.59
1149.66
1179.81
1190.69
1208.25
1213.61
1224.32
1207.15
1147.85
1127.9
1129.64
1117.83
1105.22
1155.13
1156.73
1086.35
1114.85
1123.59
1102.41
1120.33
1099.86
1116.01
1088.93
1082.59
1056.71
1049.3
1062.18
1047.72
1056.27
1064.11
1077.53
1052.48
1046.48
1065.56
1088.52
1073.92
1027.38
1020.24
1034.96
996.033
1003.15
1027.69
1008.52
1042.77
1019.79
1040.46
1025.39
1023.24
1048.6
1035.02
991.037
984.576
1023.85
1003.33
1017.81
991.316
1040.51
1006.44
968.256
984.95
1014.9
1054.89
1067.78
1023.11
1040.42
1007.77
1031.13
1063.8
1061.05
1054.63
1078.04
1073.1
1068.49
1044.96
1036.05
1041.65
1040.75
1084.23
1081.83
1096.49
1088.48
1088.86
1105.33
1120.89
1117.43
1104.22
1084.47
1077.8
1099.83
1103.1
1088.61
1068.81
1049.17
1018.61
1046.35
1054.74
1034.36
1009.44
1014.68
1014.3
1017.9
1062.88
1043.96
1061.72
1086.44
1084.29
1069.39
1080.09
1063.76
1096.12
1121.12
1070.74
1067.25
1046.99
1028.11
989.743
967.337
978.398
980.289
994.192
975.688
943.169
952.116
983.638
997.697
986.247
1006.19
1015.22
1031.67
997.727
1017.66
1036.31
1056.53
1022.35
990.409
982.159
966.069
994.254
981.395
972.514
950.013
947.375
940.253
956.128
923.054
943.314
925.156
934.519
924.733
944.401
945.325
944.915
992.762
976.699
998.071
994.524
945.661
959.182
986.743
992.899
996.164
995.242
963.374
973.803
987.115
987.069
973.712
957.343
943.363
945.51
953.674
950.388
971.445
953.772
938.437
947.015
944.108
948.315
966.962
970.119
968.351
961.424
973.699
978.43
971.413
959.589
951.466
963.205
971.575
997.605
1015.02
978.843
980.538
1010.34
977.379
968.793
964.12
948.731
934.465
921.124
951.377
908.654
930.864
928.66
934.434
945.067
973.881
958.066
987.62
979.23
996.267
1025.55
974.266
944.931
950.694
961.053
947.167
933.488
948.108
954.033
916.078
872.85
901.757
922.981
958.432
941.962
930.745
934.149
910.782
897.239
905.551
930.492
882.825
869.453
925.045
935.198
942.872
923.068
928.438
928.534
879.957
889.664
879.807
886.42
883.146
881.645
891.446
884.77
893.954
876.775
851.421
864.698
855.255
871.278
877.778
831.152
828.409
854.172
821.611
848.233
895.331
879.6
895.189
855.811
861.047
845.321
841.478
872.422
868.679
890.296
877.913
871.826
862.261
889.724
901.238
896.032
919.814
897.468
887.947
890.785
860.724
867.573
863.335
900.611
903.807
890.145
904.258
867.048
860.735
842.581
831.597
806.261
788.654
825.584
826.701
818.674
811.601
833.577
803.065
802.263
820.525
883.549
864.822
848.929
844.299
844.086
850.104
866.805
862.619
866.67
865.235
862.285
832.297
845.924
866.624
896.627
886.234
879.365
843.646
851.059
843.473
843.178
853.696
830.656
828.665
830.099
838.642
818.772
811.024
795.206
815.16
798.789
815.881
804.485
808.443
783.394
810.095
825.515
819.666
847.712
837.397
847.661
869.356
865.98
843.642
833.229
814.868
835.248
832.66
807.883
801.113
795.243
817.157
830.302
832.737
837.851
824.132
801.903
808.31
815.072
810.656
771.825
772.275
761.571
748.093
767.595
782.749
774.369
752.7
737.74
742.546
726.661
715.733
720.089
749.56
732.54
747.698
756.068
739.666
711.862
711.112
715.067
723.621
698.521
702.062
693.34
705.119
701.892
720.346
738.828
743.215
739.397
773.395
777.676
784.062
739.1
736.257
726.162
735.63
738.959
724.705
750.8
734.257
716.988
718.108
719.549
716.585
733.51
748.358
745.612
738.453
726.068
701.613
701.199
680.635
701.081
695.553
678.701
688.79
685.08
678.349
679.123
671.258
657.432
671.967
695.521
676.943
665.932
663.632
688.794
707.315
715.719
716.523
711.932
698.053
690.367
696.516
692.489
688.872
699.609
700.262
694.846
689.017
697.626
678.099
681.475
690.647
692.625
677.398
677.128
658.476
661.536
653.002
660.787
678.665
673.629
667.964
666.722
648.968
651.03
652.541
649.904
662.704
663.611
666.389
669.861
674.289
671.678
678.316
670.429
695.776
694.592
697.737
692.442
701.691
701.779
722.007
718.719
718.878
716.882
697.952
705.321
707.065
705.482
708.836
708.697
700.808
696.513
693.996
689.515
709.457
708.054
704.017
708.22
709.34
696.91
693.594
674.703
664.736
656.477
652.123
664.934
681.907
674.523
667.666
670.82
655.687
651.028
647.836
650.661
656.477
657.6
668.613
654.685
650.051
644.07
651.672
645.217
652.819
668.538
661.142
673.332
674.104
675.211
672.061
672.15
687.593
694.768
692.258
678.281
671.72
661.417
664.944
682.386
679.432
668.478
673.818
690.468
672.616
668.417
669.095
653.775
665.122
648.556
662.317
639.645
641.233
642.723
622.438
621.271
627.8
635.622
628.438
634.936
629.672
621.984
618.905
627.708
633.6
636.914
621.708
615.717
617.52
607.337
619.964
626.188
621.86
624.18
618.066
617.083
636.326
647.934
645.775
638.024
639.935
643.65
641.244
638.071
648.628
650.029
648.517
637.91
639.081
629.398
625.231
639.186
653.266
642.639
642.023
631.474
627.81
623.54
630.131
641.834
642.097
645.429
637.507
629.345
623.472
607.109
611.382
615.708
615.395
612.024
604.165
600.538
601.486
608.825
620.626
616.705
595.384
623.02
622.489
616.686
620.355
616.216
603.834
610.11
604.575
622.729
622.41
620.016
619.611
633.774
631.636
626.102
607.464
595.523
599.979
592.249
592.184
598.743
606.706
602.363
602.289
607.642
604.657
604.876
594.592
592.996
598.489
587.603
584.359
589.004
593.983
595.098
594.63
596.387
592.778
587.656
585.243
573.056
583.002
572.051
568.949
570.816
577.055
591.708
593.437
598.829
607.852
602.226
588.255
586.981
571.543
580.668
576.249
579.698
574.123
573.626
574.255
572.568
586.359
587.608
580.725
581.739
578.985
566.599
561.314
554.628
573.939
567.789
552.557
568.308
572.895
568.346
574.067
576.966
583.894
584.199
594.348
589.934
593.312
597.132
602.962
586.824
583.831
588.595
576.075
584.501
597.775
602.154
591.586
589.374
591.666
591.284
598.309
592.82
583.664
589.278
584.843
602.672
603.735
603.514
579.512
577.703
573.855
574.991
568.179
572.308
574.555
561.411
569.057
563.919
565.741
573.451
574.478
582.331
577.33
572.76
575.836
580.379
585.73
571.397
565.381
567.419
568.737
573.472
581.34
581.113
583.001
577.821
573.185
565.601
574.338
570.317
576.668
571.557
571.928
572.066
570.741
582.954
568.373
566.989
564.368
553.053
561.84
555.587
558.685
554.041
553.968
563.402
577.023
574.222
578.199
575.35
571.81
569.507
551.803
554.86
558.824
551.397
556.238
552.099
558.365
568.602
567.956
551.624
542.738
540.38
541.991
545.969
559.819
558.093
557.173
545.9
550.537
545.957
539.235
550.77
552.724
551.569
559.021
557.003
550.965
555.162
541.85
546.871
542.014
540.442
538.731
545.669
542.436
553.824
557.621
548.551
551.281
545.645
555.772
552.992
542.102
535.598
532.142
532.616
537.148
529.812
540.715
541.931
542.01
551.015
554.856
544.397
545.324
547.305
539.586
550.122
548.437
540.415
535.195
537.72
536.302
538.427
536.438
534.213
532.809
529.227
534.378
532.533
538.431
544.135
551.012
554.308
542.578
534.312
534.096
535.542
536.633
543.632
542.95
550.942
543.588
531.947
526.598
524.786
532.267
528.928
529.02
535.152
540.552
537.19
528.398
527.209
528.209
532.734
534.408
528.793
532.371
526.723
515.545
507.758
501.645
507.923
505.342
512.613
509.374
510.841
511.643
514.515
507.464
515.731
513.019
514.781
515.636
511.405
505.51
506.558
512.138
510.825
512.015
512.019
511.523
511.86
515.832
513.086
512.461
518.361
517.902
515.648
512.625
513.624
510.324
507.932
507.481
507.48
504.43
506.97
503.231
509.549
510.713
510.498
520.463
526.119
516.75
520.273
516.365
510.807
517.11
508.772
504.079
503.122
509.184
515.307
509.969
509.969
497.038
493.214
495.349
502.046
504.448
499.598
498.439
498.995
504.216
512.908
515.994
517.684
510.973
512.331
511.457
507.976
504.444
502.742
498.492
500.079
503.047
501.71
495.576
496.978
497.529
503.964
507.437
502.096
506.51
511.471
515.201
514.01
509.166
510.862
508.011
505.389
501.903
500.107
498.251
499.214
497.421
495.338
508.073
505.391
502.088
497.156
502.474
501.524
499.764
506.321
503.2
501.68
495.504
501.028
507.188
504.319
514.521
514.052
519.874
518.462
522.643
517.765
514.275
506.721
513.872
505.014
502.842
497.712
499.057
499.653
502.069
495.072
492.971
501.717
503.963
498.998
498.169
490.672
487.827
495.106
489.249
489.107
498.749
495.977
487.859
485.297
487.281
489.533
486.382
490.033
494.779
501.045
505.664
500.674
497.265
500.427
494.068
494.733
494.534
487.814
484.767
482.874
481.226
482.626
479.127
480.194
479.874
479.198
476.398
476.105
476.817
478.045
475.396
475.279
479.528
477.239
470.151
469.521
468.183
465.625
464.853
466.439
472.228
473.647
478.99
483.411
482.4
483.021
487.791
493.308
496.787
500.173
495.466
491.639
483.58
481.741
478.53
480.477
478.363
473.884
474.46
472.119
466.42
474.51
477.043
474.337
471.045
468.778
468.798
469.657
469.668
469.407
472.211
474.016
471.901
469.958
469.929
464.102
465.029
464.3
463.08
456.953
462.624
465.809
466.64
467.006
466.106
468.078
463.507
465.979
462.744
462.774
460.186
458.026
457.794
458.856
449.716
451.023
451.779
450.958
451.737
452.795
457.273
457.701
452.805
452.912
457.643
459.674
456.201
460.899
456.032
448.913
445.668
448.972
455.848
454.756
452.106
454.591
452.537
454.687
457.435
458.232
459.902
459.357
457.487
458.863
460.056
454.428
453.472
452.487
449.281
448.967
452.512
453.64
452.632
454.222
451.267
448.29
450.181
447.896
447.645
447.457
447.312
446.373
448.157
447.571
447.76
444.902
440.992
440.53
439.551
436.805
439.711
436.483
437.849
438.877
442.515
445.893
447.702
446.4
445.63
443.36
441.062
444.028
445.285
445.696
443.147
440.716
444.284
441.742
442.866
440.142
436.884
438.458
434.416
436.149
437.192
442.033
445.034
437.384
436.419
433.499
431.027
433.204
433.513
433.421
432.786
435.659
435.122
432.988
434.007
435.199
436.572
436.267
431.687
432.533
430.888
431.693
430.494
427.509
427.199
426.021
426.332
421.691
428.266
425.632
424.851
421.78
424.159
423.391
424.325
425.042
424.531
421.25
422.701
421.009
419.938
421.171
420.773
425.339
423.547
420.959
419.316
419.01
415.941
414.906
418.225
416.784
415.024
414.99
415.993
412.073
416.091
417.006
416.587
414.084
409.069
409.248
410.197
407.047
405.916
406.775
408.569
413.357
412.396
407.523
409.73
412.288
408.787
405.393
405.476
408.556
405.072
397.855
396.457
396.229
396.295
395.696
397.762
397.117
396.618
395.954
392.326
392.479
394.884
396.424
394.847
392.591
392.387
396.16
397.556
396.816
394.117
395.951
394.74
397.096
395.589
397.046
401.927
399.367
397.927
393.373
392.588
392.2
394.024
395.789
396.442
397.318
397.195
395.378
394.369
396.912
393.964
394.786
390.056
388.795
388.071
389.078
392.083
389.865
392.807
388.513
388.972
387.686
387.872
386.547
388.08
392.901
390.733
389.859
388.74
387.715
388.913
389.08
388.829
386.41
385.84
381.763
381.319
382.74
385.334
387.41
387.377
385.561
385.414
385.416
383.551
378.513
379.551
382.444
382.045
384.603
380.883
381.148
381.733
382.82
379.823
380.488
381.236
383.507
380.856
382.024
380.499
377.32
380.394
376.192
376.371
375.789
379.499
378.608
380.905
380.829
379.679
381.03
380.275
380.089
380.867
378.785
378.763
378.171
377.47
378.936
377.407
377.1
378.625
378.018
375.905
377.307
375.165
375.376
376.111
377.017
373.699
370.32
369.071
369.631
371.114
371.94
369.727
369.425
366.236
365.364
367.694
368.853
371.137
371.386
372.609
370.428
371.23
372.972
369.526
366.689
368.085
369.766
369.748
370.067
368.22
367.064
369.684
368.789
366.647
365.605
365.321
366.972
365.41
365.247
361.098
362.367
363.361
363.32
367.067
366.386
366.387
365.838
361.878
362.069
361.971
365.186
364.278
365.822
365.658
364.191
364.747
365.55
367.194
363.941
364.136
364.648
365.817
363.523
364.016
361.998
363.355
362.533
364.43
363.322
362.81
364.37
363.645
363.319
364.72
365.178
364.917
363.781
363.43
360.982
361.401
361.418
361.743
362.699
362.528
362.433
362.653
360.177
361.168
362.64
362.081
360.471
359.697
358.294
358.59
359.345
360.598
361.689
363.24
364.627
360.567
361.133
360.643
358.97
359.772
360.615
360.933
359.286
362.366
362.2
359.61
359.187
359.527
358.384
355.448
354.917
355.856
357.121
355.604
355.332
357.383
357.964
356.758
357.547
356.013
356.464
356.9
356.832
360.348
361.972
361.127
360.985
358.024
356.194
355.396
355.659
355.475
355.201
354.402
354.88
355.157
354.213
354.373
354.561
355.192
356.353
355.847
354.522
354.684
355.803
353.993
351.931
353.474
352.299
353.039
353.337
354.102
353.868
352.565
351.861
351.521
351.56
353.729
355.431
354.732
354.039
351.845
350.448
348.484
350.206
348.271
347.619
348.446
351.076
347.524
348.913
349.055
349.722
347.942
348.016
348.159
346.394
344.781
345.51
344.779
345.702
344.497
345.557
347.804
348.778
348.301
345.608
348.345
346.833
346.313
346.483
346.861
348.59
348.884
348.429
349.217
349.655
350.271
347.951
348.508
349.713
349.087
349.244
348.356
348.25
346.831
345.292
347.419
345.442
346.924
347.547
348.635
347.585
349.172
350.374
348.025
346.714
345.93
344.466
343.985
343.505
343.665
343.499
345.033
347.67
346.662
347.407
345.701
345.482
341.631
339.093
336.484
335.698
336.389
337.289
338.011
338.026
338.408
337.467
338.164
338.104
340.487
341.344
340.211
339.824
337.395
339.669
341.524
343.055
339.442
341.807
340.835
340.778
342.157
341.235
341.263
341.093
341.782
341.613
341.891
344.2
343.127
341.404
341.692
340.447
339.975
340.295
340.609
340.82
342.184
341.736
338.932
339.707
339.845
338.905
339.126
338.675
338.451
337.328
336.338
336.192
337.925
339.47
337.52
338.649
337.56
338.141
337.172
335.259
334.943
335.56
335.475
334.269
332.886
333.401
334.229
332.433
331.82
331.777
331.619
332.911
333.277
333.09
333.032
330.12
329.7
330.118
329.122
329.427
331.145
330.782
329.35
331.509
331.479
331.157
331.122
331.621
330.904
330.588
329.847
329.115
328.697
326.856
326.656
327.866
328.111
329.293
328.814
328.856
330.193
327.316
327.615
325.984
326.11
327.424
327.016
327.145
328.461
325.733
325.786
325.075
321.704
321.518
322.741
323.308
323.05
323.041
321.682
322.322
323.356
321.548
321.78
320.266
320.811
320.926
318.93
318.987
318.838
317.976
317.028
318.39
316.48
317.192
318.098
318.555
319.352
317.018
317.758
316.452
315.77
315.633
317.108
318.108
318.005
317.861
317.695
317.524
315.828
315.287
315.227
315.666
315.748
315.349
315.81
314.967
316.064
317.579
317.564
318.104
316.277
316.27
315.92
316.104
316.001
317.028
316.983
316.683
316.18
315.467
315.473
315.045
314.781
314.131
313.666
314.114
316.024
314.956
313.753
312.72
313.167
314.728
314.075
313.878
314.048
313.645
313.199
313.113
313.323
312.803
313.82
314.24
315.184
314.811
314.214
313.813
313.891
312.535
314.512
314.121
314.165
314.068
313.728
314.205
314.922
313.998
314.934
315.433
313.719
313.799
311.693
312.497
311.456
312.03
312.608
312.959
314.189
312.71
312.305
313.299
311.867
310.361
311.801
311.599
311.389
312.319
312.757
313.974
314.853
313.304
312.765
312.863
312.344
312.675
313.386
311.916
311.807
312.605
312.35
310.529
311.042
312.618
311.587
311.668
312.112
312.122
312.31
312.043
311.507
312.531
312.878
312.313
311.683
311.205
311.529
312.163
312.72
313.047
312.168
313.09
313.342
314.191
313.968
313.903
313.7
311.815
311.415
312.374
313.355
312.784
312.43
312.938
312.619
313.282
313.094
313.583
312.466
309.603
309.708
309.829
309.958
308.994
308.416
308.273
308.719
309.114
310.221
310.151
308.804
308.616
308.836
309.889
309.611
309.716
309.647
309.618
310.738
312.757
312.071
312.253
311.968
312.811
311.978
310.905
310.632
310.206
310.226
309.052
308.721
308.925
309.428
308.908
309.191
307.829
307.458
307.007
307.036
306.644
307.256
306.917
306.5
306.011
306.299
306.651
307.515
308.06
308.202
308.344
308.039
309.422
308.956
307.825
308.142
308.243
308.27
308.937
308.152
308.356
307.669
308.271
308.437
307.237
307.261
306.54
306.54
307.354
306.737
306.5
306.153
306.024
305.852
305.423
305.526
305.247
305.3
305.331
305.422
305.25
305.363
305.965
305.68
305.406
305.185
304.466
304.944
306.183
305.158
306.26
304.815
304.221
304.413
304.791
305.086
304.74
304.118
304.272
304.568
303.685
303.843
303.432
302.854
303.644
303.256
303.282
302.252
303.123
303.147
304.955
303.555
303.518
302.516
303.003
303.268
303.112
303.557
303.186
303.723
302.896
303.146
302.343
302.526
302.065
302.65
302.17
302.405
302.612
302.668
302.703
303.184
302.899
302.865
303.195
303.515
302.826
302.671
303.51
302.83
303.351
303.275
302.181
303.172
302.097
302.338
302.488
302.478
302.126
302.449
303.016
303.824
303.721
303.138
302.715
303.116
303.083
303.582
303.54
303.735
303.337
302.993
303.561
302.097
302.344
302.578
303.385
