Mut_X Mut_Y Mut_Size Mut_Rot Mut_R Mut_G Mut_B Mut_Type Time_Sec
69175 68763 81938 70796 83695 83675 83492 65719 2258.33
0 0 0 0 0 0 0 0 2258.33
--- Historial MSE por cambio de temperatura ---
39793.6
39708.3
39356.4
39546
39747.1
39805.9
39958.2
40137.7
39745.3
39659.8
39107.9
39410
39261.2
39421.9
39587.8
38752.8
39841.3
39375.7
40013.6
39823
39797.9
39766.1
39704.9
39641.4
39541
39148.2
39285.9
39955.4
40150.4
39777.5
40001.8
40147.4
40092.3
40191.9
39119.9
39478.2
39515.4
40013.8
39766.4
39352.5
39378.8
39340.5
40459.6
40299.1
39376.8
38812.9
39639.2
39850
39738.9
39445.6
39712.7
39452.6
39042.4
38262.4
38544.3
39604.5
39152.9
40019.3
39578.2
40183
40181.4
40273.8
41107.6
40716.3
40653.5
40346.6
40655.4
39934.4
39598.5
39989.6
41037.6
39289.8
39850.3
40082.4
40137.9
40666.2
39559.1
38442.7
38694
38928
38810.3
38524.8
39228.6
39093.8
38906
39142.4
39676.7
39393.3
39208.4
38708.5
39004.9
38838.5
38939.1
39038.7
39976.9
39733.5
38688.2
37524.8
37630.4
37620.3
37422.8
38261
37516.6
38957.4
39019.4
38894
38420.8
38375.7
38088.6
37100.9
37093.3
37402.4
37502.6
37208.1
37516.8
37303.7
37775.6
37506
37117.2
37697.8
37854.5
36613.6
36231
36685.8
35973.8
36013
36850.6
37971.5
37606
37766.9
37519.7
37396.4
37325.7
37808.5
37112.7
37729.3
37729.6
37860.4
37434.6
37911.9
38237.8
37688.7
37700.5
37795.3
37940.2
38182.2
38938.3
38433.9
38036.2
37202.7
37606.4
37145.4
37866.1
38093.2
38743.6
38383.5
38196.2
37981.5
38551.1
37943.3
37838.6
38494.7
36808.3
37232.5
36200
36588.4
36891.3
37176.8
37201.7
37153
37211.6
37609.9
37550.6
37977.4
37770
37202.1
37101.1
37280.4
37586.1
37705.1
37104.7
36846.5
36413.3
36429.8
36114.2
36565.4
37463.8
36669.4
36598.1
36772.3
37195.7
37159.6
37547.4
37601.8
37054.4
36864.2
37491.6
36581.1
37579.1
37573.3
37805.6
38105.3
37041.6
37651
37715.5
37059.8
36647.5
37479.4
37741
37277.2
38403.6
38011.8
38075.5
38192
37977.8
37688.1
36989
36087.3
36914
37648
38704.7
38440.6
37853.8
38018.4
37849.3
37499.1
36563.2
36769.3
36890.7
38051.4
37614.6
37493.6
36247.7
37795.8
36387.1
35504.5
35686.5
35242.6
36016.7
36710.4
37371.2
37073
36760.3
36610.2
37115.8
37410.3
37268.7
37634.6
36959.6
37471.8
37191
36710.4
36048.9
35645.7
36368.4
36886.4
36958.1
36269.2
35959.4
36347.1
35920.5
36516.9
36846
36420.1
36319.5
36348.4
35775.9
35607.5
36443.9
36483.8
36651.4
36788.8
36606.7
36834.2
37671.2
36923.9
37546
37262.3
37912.8
36985.2
37049.1
38064
37517.5
36426
35937.7
35520.2
35108.8
35873.2
36454.9
34751.7
34807
34210.5
35123.5
35373.9
34415.2
34336.4
35419
35425.5
35634
35414.7
35675
35873
34932.8
34676.8
34363.8
34881.7
34519.4
34308.2
34484.7
35014.8
35844.8
35759.5
35005.8
34081.7
34174.8
35305.4
35098.7
34996.8
34734.4
34583.6
34936
34935.2
35537.1
35242.8
35057.9
35399.9
34772.2
34654.7
34854.4
34341.5
34460.4
34115.2
33598.3
33453.8
33662.4
33101.9
33356.5
32970.5
32748.3
32533.8
32393.3
32635
32902.9
32237.5
33090.9
33002.5
32351.7
32924.9
32723.7
32519.6
32266.5
34146.4
34562.5
33693.3
34286.9
35022.1
34821.3
35342.7
35092.8
36378.3
36279.5
35478.9
34973.8
35272.3
34055.4
35185.9
34539.9
34803.3
34970.2
35009.1
35251.1
35695.6
34133.2
33879.6
33003
32635.9
31720.4
31819.2
32565.4
32835.6
32606.7
32269.5
32921.1
34475.9
33733.4
33939.5
34669.3
34899.1
34919.6
34499.5
33653.4
32958.2
32353.5
32494.7
32687.9
33195
33422
32208.2
31705.1
31511.1
31387.6
31827
31750.3
31760.3
31689.8
32450
32730.2
32432.1
31891.5
32554.5
32591.2
31146.1
30906.2
31907.2
31705.8
31558.5
31368.6
31175.8
31360.7
32082.3
32895.5
33259.1
31756.3
32460.7
32836.8
32365.2
32454.4
33217.9
33252.4
32331.1
33140.9
32610
32688.2
34314.9
34407
34420.8
33926.6
33765.1
34392.8
34214.1
34852.6
34857.2
33679.4
33235.7
33094
32278.6
32566.8
33338.2
33630
33136.3
32677.7
33144.3
32950.8
33057.4
32562.7
32403.8
31384.3
30498.7
30336.4
31685.6
32743.9
32244.6
33548
32212.4
32635.4
32623.5
33014.1
32273.7
32341.4
32889.8
33486.8
33533.6
33907.4
34079.4
32810.5
31949.4
32779.7
31453.2
32350.5
32802.4
33975.9
35040.1
34462
34578.5
34933.6
33863.5
33426.7
32515.9
33021.2
32973.1
32526.8
32480.9
32305.8
31093
30255
30358.5
32090.7
30524.6
31509.7
30527.8
30882.1
31949.9
32176.2
32367.8
31177.6
31150.2
31453.3
31449.3
31055.8
30723.8
30974
31247.7
31437.8
31805
32144.7
31401.8
31172.3
31503.2
31548.9
30395.1
30758
29342.6
30451
31209.1
33000.9
33455.3
33091.2
31586.4
31169.4
31396.1
32195
31913.7
31851.4
32845
33764.5
32517.2
31352.8
31547.4
30844
31573.3
32068.9
31388.2
30130.3
30504.1
30578.6
31449.6
31102.8
30544.5
31149
31052.2
30212.4
30171.2
30089.8
29759.7
30007.4
29532.1
29454.2
29195.6
29653.4
29319.6
28136.1
28634.3
29020.5
28517.7
27641.6
27938.6
28180.8
28619
28937.5
28408.7
27602.9
27905.2
29000
29004.8
26702.6
26798.3
27386.3
27586.5
26940.6
27450.2
26975.4
26440.6
25989.6
27644.6
28972.1
29185.8
28854.1
28459.3
27068.4
27966.2
28864.4
27893.1
28095.9
26688.5
26438.5
27467.9
27545.9
28851.7
29433.4
29747.7
29671.9
29957.9
30071.3
28872.7
28922.2
29279.2
29498.2
29135
30552.2
30192.3
30359.1
30243.8
29370.9
28608.5
29681.2
29934.1
30190.5
30226.5
29690.6
29832.5
29880.2
28890
29244.4
28740.4
28928.6
28660
29024.3
28624.3
29008.5
28036
29210.3
29891.8
29818
31046
29859.9
30622.9
29765.2
30196.7
29590.8
29196.8
30623.5
28916.7
30212.1
29675.1
27650.2
27349.7
27589.3
27274.9
27873.9
26126.3
25691.2
25513.8
26833.9
26983.7
26891.9
25640.7
26336.2
27515.4
26514.1
26062.6
26100.1
26261.5
26122.2
26796.3
26695.1
26373
25448.9
26511.4
26449.7
24357.5
23364.9
23332.9
24372.9
24308.8
24850.3
24892.5
23894
25147.4
24943.5
25319.7
25260.6
25459.1
24384.1
25713.9
24905.4
25053.4
24861.3
24265
25232.5
25326.3
25524.7
24756.2
24606.5
24970.1
25102.4
24394.1
26422.6
26293.1
26172.2
25859.7
26093.7
24753.6
25046.2
24674.6
24593.8
25050.1
24982.1
25694.9
24480.6
24898.8
24931.5
25509.6
25316.1
25449.4
26974.9
26516.2
26824.2
25659.9
24989
23983.4
23911.2
22407.6
22472.6
23586.3
23138.5
22467.8
22054.2
23265.1
23557
23428
23317.9
23449.7
24360.3
23610.9
21700
21559.9
21630.7
21475.8
20974.3
21507.9
21334.1
21352.5
21945.1
22086
21829.9
21169.2
21420
22235.8
21541.7
20937.1
21471.4
22102.2
21498.2
21522.6
21592.9
21747.5
21598.3
21714.5
21510.3
21347
20767.8
21297.2
20502.8
20815
20531.1
20409.2
20670.4
20630
20246.2
21581.3
21963.8
21576.5
21734.1
20927.6
19405.3
20457.3
19734.8
20564.9
21149.9
22323.1
21623.6
20985.2
20723.1
20450.3
19774.9
21113.1
20380.5
19830.7
19902.6
22078.9
20649.5
19874.6
20892.2
22502
22396.1
22557.5
21561.6
21937.6
21228.5
20641
21226.6
21115.1
20991.9
21567.6
22127.4
22919.1
21246.8
19997.3
20225.3
20339.7
19136.6
18727.2
19090.8
19625.2
19905.8
19422.8
18081.5
18361.6
18609.2
19371.1
18652.2
18578.1
18899.4
19141.4
19211.4
18777.6
19268.7
19914.9
20807.3
21144.1
21224.7
19691.9
19653.6
18982.1
18973.1
18770.2
18361
18949.3
18774
18231.4
18170.8
18844.7
18563.6
18961
19840
20133.7
20082.1
19516.1
19625.7
20155.6
20160
20316.6
21219.3
20076.7
20502.4
20850.5
19987.4
19520.3
19922.1
19446.6
19579.3
19963.5
21001.7
20067.3
20368.8
21719.3
21590.4
20747.1
21155.1
21659.9
20755.1
20218.4
20624.6
21444.7
21215.5
20421.9
21397.9
20386.9
21203.8
21018
20744.3
19700.3
19028
19777.1
20067.9
20231.8
20554.5
21387.7
21475.3
20971.5
21025.8
21895.6
20882.5
20303.4
20488.8
20494.6
20513.6
19984
21010.8
20826.3
21033
19729.1
20012.8
20156.8
20278.3
20252.6
20396.7
20572.6
20139.1
20056.6
19631.6
19003.7
18085.5
18578.2
19430.8
19018.4
19478.9
19061.2
18941.4
17854.5
18560.2
17959.1
18631
17750.9
18747.9
17814.9
17589.6
17646.2
16362.2
17663.5
17464.7
17279.2
17193.8
17280.9
18058.3
19023.6
18780.3
17679.2
17407
17316.7
16931.9
18108.3
17403.4
17442.1
16724
17952.1
18065.2
17773.4
16902.2
17631.9
17251.4
16515.4
16504.6
16233.5
16547.6
17330.5
16825.5
16285.6
16010.2
16084.6
16846
17180.8
17539.6
17927.4
17799
17155.1
16048.7
16273.7
16127
15360.8
15809.5
16271.4
15661.6
15931
15410.9
15035.9
15379.3
14952.3
15317.9
15126.6
15634.1
15656.3
15364.8
14494.2
14284.3
14541.4
15116.5
15376.3
15265.4
14184
14991.1
13809.4
14497.5
15041.4
14573.4
14304.1
14304.6
13526.8
13359.3
13347.8
13313
13304.2
13618.5
13739.1
13507.5
13280.6
12694.6
12725.4
12362.8
12377.6
11993.4
11553
12380.5
12511.2
12895.3
13231.8
13136.2
12905.5
13209.3
13077.4
12573.6
12916.8
13634.8
12976.7
13898.5
13011.5
12205.5
11708.3
11996.2
11857
11833.8
11770.9
11599.2
11352.9
10839.9
10954.1
11265.3
11115.1
11121.4
11757.2
12030.3
11975.7
11732.6
11480.5
11685.9
11768.3
11737.6
11900.5
11244
11190.6
10935
11264.5
10860.1
11118.3
11544.3
11147.2
11472.4
11152
10586.2
10320.4
9526.57
9966.98
9761.34
9480.77
9114.71
8793.75
8491.13
7633.9
7570.34
8388.19
7548.34
7711.21
8126.3
8627.23
8769.63
8226.43
7576.86
7544.07
7967.98
7916.36
8780.29
8984.54
9188.73
8452.26
8468.32
8895.64
9247.41
8824.69
8482.8
8745.46
8775.75
8701.16
9014.56
8608.85
8329.04
8676.57
8464.82
8154.22
9130.37
8881.93
9596.64
9228.56
8995.21
9364.01
9067
9542.45
9503.12
9841.41
9655.06
9921.09
9845.26
9707.31
9997.05
9784.09
9630.84
9763.49
9274.32
9166.74
9252.08
9206.45
8735.72
8621.63
8610.9
8690.46
8846.05
8441.1
8356.19
7759.29
7767.85
7664.49
7680.89
7872.26
7675.01
8881.04
8053.44
8027.06
8061.75
7614.52
7220.6
7276.16
7052.12
7048.62
7417.39
7308.84
7286.06
6973.98
6978.38
6795.48
6604.66
6958.19
7334.5
7438.86
7608.18
7354.41
7480.5
7807.57
7527.35
7123.9
6887.36
7072.31
7243.98
7361.89
7314.18
7095.87
6837.65
6781.96
6842.7
6514.43
7121.17
7239.9
6777
7335.78
6823.54
6728.91
6824.68
7032.24
7002.48
7049.06
7019.92
7349.71
7246.53
7543.54
7166.43
7381.94
6651.25
6273.76
6400.31
6172.84
6257.43
6628.11
7005.33
6578.17
6728.54
5997.3
5921.29
5756.45
5781
5958.43
6088.48
6383.55
6142.89
6003.89
5827.25
5804.86
5961.93
5743.26
5916.91
5576.87
5644.95
5906.93
5516.73
5215.04
4849.59
4946.23
5524.5
5243.1
5194.38
5275.6
5456.98
5514.78
5698.9
5636.53
5548.69
5495.34
5274.24
5309.15
5296.71
5658.26
5457.92
5735.25
5861.7
5563.73
5509.76
5511.4
5428.72
5148.96
5038.33
5561.47
5363.57
5115.98
4949.23
5032.42
5121.81
5147.81
5012.24
4857.15
5214.84
5277.05
5047.69
5053.2
4879.19
4705.39
4389.81
4708.25
4344.52
4267.36
4356.58
4341.31
4356
4254.62
4213.22
4547.93
4474.29
4283.23
4383.07
4318.25
4354
4279.22
4433.47
4530.2
4405.98
4481.19
4478.65
4304.16
4232.25
4305.68
4499.3
4242.6
4116.02
4273.85
4256.28
4006.56
3969.78
4255.98
4376.51
4207.4
3945.51
3909.79
3684.29
3770.35
4000.56
3888.6
4081.52
4232.65
4049.8
4124.45
4125.37
3962.25
4250
4007.76
4027.06
4174.56
4028.84
3966.65
4272.12
4128.65
4508.92
4403.19
4296.5
4364
4344.09
4241.68
4427.04
4659.5
4415.5
4401.04
4265.95
3929
3729.76
3787.09
3840.41
3605.43
3547.52
3735.42
3632.09
3665.67
3739.62
3685.36
3754.19
3834.86
4009.28
3753.63
4028.61
3444.17
3582.39
3705.02
3533.53
3424.66
3368.23
3331.28
3556.55
3588.56
3810.03
3894.3
3624.22
3978.95
4040.33
3833.69
3751.34
3826.7
3796.92
3774.83
4092.76
4136.25
4000.03
3711.56
3781.51
3663.95
3720.12
3799.86
3502.38
3445.05
3513.57
3501.56
3494.59
3585.7
3526.12
3460.54
3323.87
3390.6
3366.66
3377.4
3348.55
3237.57
3231.45
3160.25
3145.93
3161.79
3117.35
2947.62
3034.81
3317.34
3265.39
3383.39
3318.08
3126.06
3146.51
3267.28
3524.35
3569.92
3370.67
3498.95
3759.28
3784.41
3842.77
3940.08
3706.95
3580.96
3288.09
3297.97
3229.99
3094.46
3096.71
3329.5
3161.97
3088.03
3119.66
3051.9
2914.29
3151.26
3134.5
3071.18
2954.58
3027.36
3210.05
3179.9
3276.13
3302.49
3166.06
3093.78
3332.83
3213.24
3248.37
3202.78
3173.45
2938.92
2939.24
2936.52
3002.12
3075.8
3029.67
2935.19
2907.25
2923.75
2945.85
2779.91
2887.93
2880.34
2951.38
2953.02
2941.92
2955.64
2888.89
2936.04
3180.14
3310.87
3352.26
3282.55
3376.37
3203.77
3112.33
2969.17
2848.56
2750.84
2747.61
2814.48
2730.46
2703.03
2631.06
2659.15
2594.93
2438.95
2556.14
2463.73
2523.99
2496.38
2456.62
2422.15
2596.31
2582.52
2538.35
2536.91
2494.67
2397.37
2362.04
2504.43
2546.95
2540.38
2485.48
2508.7
2463.67
2555.32
2516.09
2641.16
2615.75
2597.38
2532.02
2435.39
2460.9
2456.93
2424.14
2481.84
2515.78
2344.07
2468.92
2559.81
2545.73
2590.57
2620.19
2528.23
2526.21
2613.62
2523.09
2571.94
2628.2
2828.16
2588.55
2596.51
2466.43
2472.57
2457.13
2476.24
2556.09
2357
2337.18
2306.72
2432.83
2340.08
2366.87
2425.63
2471.99
2417.39
2479.87
2325.34
2517.34
2515.5
2322.93
2294.23
2350.55
2296.35
2263.68
2201.53
2158.58
2224.11
2250.03
2221.66
2130.95
2111.12
2264.44
2248.2
2301.08
2289.96
2283.98
2285.15
2221.45
2215.4
2211.9
2284.3
2129.18
2283.78
2348.39
2284.09
2399.14
2453.24
2411.16
2291.11
2287.04
2235.88
2178.07
2239.23
2254.46
2352.42
2262.58
2237.43
2165.69
2110.44
2217.81
2229.82
2132.21
2155.73
2125.1
2151.58
2150.33
2125.42
2097.33
2104.57
2037.94
2058.49
1957.39
2023.24
2193.28
2024.47
2000.43
1975.76
2014.82
1975.64
1981.77
1963.77
1977.36
1927.41
1839.04
1901.47
1843.68
1875.72
1932.03
2022.47
2057.39
2013.75
1973.25
2076.86
2218.59
2149.1
2160.82
2139.06
2163.8
2282.34
2245.33
2120.1
2183.88
2009.09
2111.24
2054.75
2037.51
2031.93
2055.78
1998.43
2017.05
2106.29
2123.53
2174.85
2116.78
2072.62
1999.47
2092.13
2105.45
2138.46
2195.61
2141.91
2099.16
2127.19
2093.25
2083.92
2018.96
2024.99
2101.24
2146.2
2088.25
2152.83
2118.84
2016.37
1985.75
1988.39
1950.2
2010.44
2055.6
2103.29
2113.77
2107.62
2102.49
2143.04
2112.06
2148.87
2112.94
2078.74
2020.5
1984.05
2051.79
1948.49
1924.28
1934.71
1977.03
2023.09
1936.68
2002.45
1995.14
1955.82
2022.57
2036.93
1958.98
2078.9
2046.14
2091.06
2080.4
2055.98
1981.07
2016.36
1955.99
1919.42
1863.14
1923.93
1939.28
1939.57
1925.43
1841.5
1766.61
1750.89
1805.28
1758.95
1729.3
1783.4
1690.64
1685.61
1722.11
1673.04
1654.37
1695.74
1658.51
1662.35
1743.23
1846.33
1830.65
1857.91
1749.16
1714.1
1681.76
1652.73
1630.62
1603.33
1560.99
1508.42
1575.21
1527.9
1555.26
1687.17
1590.36
1617.34
1559.4
1603.53
1559.73
1591.03
1593.17
1570.86
1582.49
1541.96
1578.47
1571.7
1536.93
1561.16
1548.89
1569.51
1559.63
1607.14
1656.97
1641.02
1647.3
1627.55
1563.21
1548.38
1548.7
1533.71
1492.54
1538.29
1507.48
1538.19
1550.34
1553.82
1483.92
1489.75
1440.51
1459.64
1485.51
1457.04
1497.09
1508.41
1472.05
1463.86
1413.96
1406.37
1452.08
1418.36
1452.44
1491.07
1501.17
1491.34
1485.19
1453.52
1377.84
1433.78
1441.03
1415.97
1384.49
1385.5
1378.51
1475.78
1499.22
1443.42
1400.9
1335.52
1366.16
1374.77
1327.83
1309.48
1307.43
1283.37
1336.1
1391.26
1457.41
1431.89
1391.05
1409.31
1384.7
1330.15
1303.14
1245.23
1294.76
1309.35
1281.03
1346.7
1319.51
1291.61
1297.68
1251.02
1248.4
1247.44
1249.33
1211.85
1223.84
1297.16
1281.12
1263.37
1310.51
1284.32
1262.94
1273.08
1289.25
1273.32
1200.27
1249.1
1241.09
1230.51
1200.5
1204.4
1230.96
1234.79
1178.3
1209.23
1206.88
1221.98
1188.21
1185.94
1191.84
1172.66
1186.92
1198.27
1205.37
1187.02
1210.69
1207.37
1155.29
1138.42
1125.91
1151.34
1189.58
1223.7
1127.57
1118.4
1107.62
1136.83
1127.95
1141.54
1086.28
1116.05
1129.29
1133.12
1169.46
1226.79
1175.59
1162.03
1131.19
1141.91
1113.66
1097.52
1120.15
1097.8
1134.24
1134.07
1100.64
1069.58
1085.41
1082
1115.42
1142.75
1162.03
1163.42
1142.08
1159.31
1150.34
1153.5
1128.2
1122.44
1127.97
1109.68
1129.47
1098.58
1072.14
1056.63
1012.3
1016.36
1040.97
1058.24
1102.68
1055.95
1076.95
1027.29
1002.54
1031.71
1040.95
1092.16
1052.26
1060.95
1064.43
1062.95
1041.48
1038.88
1023.16
1055.71
1051.89
1067.67
1066.71
1032.96
1029.35
1028.84
1041.99
1000.4
1006.85
1007.54
979.183
958.691
961.809
1000.26
1004.62
1017.03
975.371
979.442
972.748
997.623
956.668
981.373
953.506
957.121
949.662
977.65
927.827
937.497
933.968
968.011
969.253
949.236
957.18
955.331
942.22
919.836
914.775
908.138
912.299
932.513
894.559
926.195
909.444
902.311
890.958
856.238
874.839
882.328
877.46
888.497
877.531
888.641
866.286
869.01
868.79
865.912
842.767
851.648
846.226
834.307
857.799
851.698
835.01
822.002
816.426
824.516
820.271
839.165
854.893
857.946
880.026
875.504
867.125
851.029
836.372
853.764
880.245
861.031
840.178
834.317
819.01
809.139
827.386
816.577
812.983
808.583
815.903
804.392
821.161
815.6
792.295
789.825
766.484
784.864
789.294
786.952
781.781
771.509
770.027
773.314
762.294
769.836
761.458
760.528
763.501
771.862
750.228
747.126
741.356
754.577
767.452
791.921
809.721
784.842
786.954
790.555
757.086
749.84
744.306
772.501
756.12
763.644
762.201
760.07
758.641
771.236
781.845
772.076
750.484
743.93
745.235
732.167
727.016
730.355
717.597
721.643
724.305
734.028
725.22
724.815
722.924
741.584
730.905
721.94
722.882
704.297
683.388
689.88
693.866
708.576
701.508
715.472
679.702
687.267
687.446
672.984
668.546
687.222
681.439
682.005
693.7
711.875
699.874
679.72
665.426
680.42
679.097
666.973
694.29
679.99
679.631
677.169
699.773
702.544
702.736
701.943
703.272
677.726
691.856
694.916
683.389
705.537
693.619
682.694
692.247
687.707
687.464
674.998
668.175
689.498
701.82
708.759
682.886
709.53
689.038
671.803
680.582
666.849
679.385
680.452
670.725
679.391
690.259
675.086
666.189
655.47
656.564
657.168
650.925
645.005
646.718
654.476
648.653
667.82
648.806
665.454
654.961
665.394
663.659
634.416
614.817
623.975
621.221
614.035
607.499
621.454
623.725
619.331
620.599
612.818
627.636
635.12
616.916
622.489
627.454
629.804
633.731
635.223
628.059
622.935
619.8
618.067
626.873
618.871
615.97
619.127
611.375
604.475
602.41
611.104
603.725
593.521
588.275
585.603
593.102
590.876
586.96
599.442
593.514
589.133
577.22
580.746
575.215
571.869
570.287
575.695
574.481
577.82
573.643
568.719
566.127
563.514
571.925
570.82
570.702
557.866
565.234
572.18
564.777
567.196
582.829
570.788
569.02
580.61
576.351
575.115
584.403
591.247
601.766
618.247
599.614
607.205
595.295
582.479
578.977
577.439
583.302
586.208
583.877
592.604
587.07
563.958
559.049
560.08
558.05
555.385
553.184
546.663
546.677
548.837
543.422
542.54
547.028
553.541
541.734
536.285
540.592
535.633
539.478
531.781
536.617
532.156
541.037
529.694
522.361
522.743
529.508
531.267
530.997
529.109
531.769
528.691
527.04
522.108
524.719
528.148
534.392
538.715
543.347
529.562
538.425
537.844
535.568
531.297
536.91
550.265
544.905
539.105
533.419
529.532
528.15
523.995
517.46
512.023
522.716
526.263
521.272
514.137
525.785
527.582
512.45
510.989
515.14
514.117
514.341
520.215
530.789
531.59
529.419
520.838
523.08
517.675
516.614
524.528
519.356
524.224
523.21
516.315
516.637
515.599
505.055
505.894
509.242
509.062
512.382
514.719
510.285
523.767
517.766
510.342
518.257
512.21
515.191
513.364
513.277
510.359
507.989
513.604
514.315
513.081
510.065
510.337
507.354
509.15
511.51
515.326
515.591
524.118
510.766
508.2
501.026
502.702
499.245
501.389
499.382
512.135
507.094
504.352
500.503
499.587
509.993
509.432
511.461
506.892
512.57
507.257
513.174
514.336
516.291
511.007
518.341
514.963
513.854
516.486
516.899
515.766
523.755
510.922
504.878
512.33
510.683
506.222
503.077
500.658
498.266
501.48
503.171
495.325
499.881
495.313
495.792
494.547
498.894
493.304
501.579
503.071
497.447
494.583
499.012
504.763
499.304
486.953
490.276
482.685
480.482
481.176
484.626
483.413
482.983
480.636
492.433
491.169
484.377
483.328
482.556
482.221
477.202
480.404
481.578
482.86
482.232
477.946
480.453
478.223
477.808
481.834
477.145
480.408
477.227
480.16
478.677
477.273
476.071
475.76
476.79
479.048
478.129
472.478
472.343
472.953
479.648
480.457
475.562
475.746
476.683
476.981
473.058
469.179
468.662
466.452
468.89
466.099
463.903
464.173
464.944
464.806
465.898
462.117
462.231
464.696
465.365
466.617
463.19
464.394
461.785
462.215
461.868
464.124
467.397
468.235
471.881
466.693
465.336
467.053
469.504
463.236
462.598
465.052
464.06
461.51
455.099
457.206
461.248
457.77
457.255
452.8
450.084
452.642
453.921
455.744
451.828
456.808
456.178
449.724
450.835
447.607
445.721
448.296
446.689
451.162
448.044
445.584
446.694
448.68
448.41
444.653
442.826
449.078
443.96
446.033
445.16
443.471
443.838
448.198
446.718
447.179
444.379
446.198
446.099
447.293
444.838
444.656
446.135
443.317
442.441
440.75
439.427
438.272
438.083
437.869
437.608
439.093
436.721
439.157
440.873
440.914
446.551
442.764
443.122
441.611
436.131
437.54
440.632
442.566
439.825
441.325
442.786
443.849
440.705
441.473
442.536
443.94
444.784
447.712
448.673
447.077
444.166
447.357
443.576
444.334
442.92
442.189
443.1
439.639
438.721
434.6
435.272
436.38
436.224
433.741
435.569
434.529
435.268
435.685
436.501
438.572
436.934
436.15
432.563
435.308
437.069
439.128
437.572
434.357
431.627
434.493
433.54
434.584
436.53
431.523
431.517
432.439
432.463
433.228
434.543
433.389
433.362
433.816
431.115
433.898
433.013
432.959
432.442
432.682
433.762
436.911
431.098
432.792
433.789
435.757
434.873
434.766
433.639
434.655
433.36
434.884
430.687
431.335
428.211
429.054
428.921
428.558
427.645
427.522
428.451
427.43
427.475
430.763
430.396
429.039
428.623
427.264
428.906
427.177
426.92
428.44
426.707
429.936
426.877
423.439
425.254
423.559
423.884
422.398
422.25
423.262
423.494
424.186
422.732
423.91
420.882
423.019
423.73
420.781
421.779
422.708
421.634
422.765
421.041
421.92
419.869
420.847
418.835
417.321
416.155
416.414
413.653
413.2
414.89
416.047
416.997
418.149
416.385
416.741
419.488
418.998
416.004
413.225
412.57
411.777
411.27
412.875
414.235
412.848
412.83
412.596
412.896
412.334
411.746
410.323
410.588
409.891
408.254
407.008
407.157
408.324
407.514
406.896
405.707
405.438
404.994
406.007
406.402
406.861
406.883
405.495
405.672
406.73
406.398
405.942
405.311
406.276
405.809
407.635
407.101
406.22
405.592
404.332
405.166
402.966
405.4
404.993
404.378
404.919
404.413
404.532
403.446
404.418
403.944
400.878
401.742
400.94
400.818
400.639
401.617
400.633
401.048
401.188
402.026
401.668
401.114
402.793
402.715
401.634
403.391
402.124
401.044
400.882
401.195
400.823
399.97
399.251
400.647
400.489
400.015
399.681
398.878
398.001
397.28
398.958
397.881
398.06
398.541
398.929
399.074
398.634
399.077
397.939
397.052
397.579
397.081
398.249
399.251
396.915
396.544
395.02
395.276
396.142
395.051
394.165
394.181
394.09
395.44
394.481
394.932
395.548
395.006
394.107
395.194
395.117
394.089
393.866
393.558
393.475
393.954
394.423
394.246
395.756
395.276
395.694
396.085
396.034
395.552
395.28
394.981
394.394
394.011
393.843
392.314
392.795
392.99
392.506
392.543
393.565
393.109
393.409
393.155
391.923
392.257
393.097
393.691
393.674
393.557
393.576
392.592
392.433
392.88
392.498
392.032
392.388
392.5
392.342
391.619
392.1
392.17
390.773
388.777
388.037
387.432
387.667
387.903
388.11
388.005
388.794
389.409
389.244
390.529
389.926
388.323
388.604
389.048
388.969
388.478
388.15
388.304
386.535
387.232
386.836
386.696
386.25
385.897
385.864
384.255
384.048
384.48
384.772
385.817
386.036
386.685
386.441
386.213
385.225
386.396
385.976
386.425
387.18
386.273
385.92
385.829
385.883
384.713
384.637
384.977
383.206
384.17
384.016
383.698
383.665
383.828
383.33
383.677
383.756
382.759
382.571
382.458
383.52
383.267
382.463
382.766
382.229
382.81
382.425
381.479
380.849
380.955
379.789
379.99
