Mut_X Mut_Y Mut_Size Mut_Rot Mut_R Mut_G Mut_B Mut_Type Time_Sec
87457 89665 106596 89887 109508 109052 109160 86796 2507.37
0 0 0 0 0 0 0 0 2507.37
--- Historial MSE por cambio de temperatura ---
17227.5
17297.5
17492
17676.6
17465.5
17533.7
17603.6
17588
17678.2
17214
17201.9
17028.5
17129.9
17319.8
17510
17446.3
17289.6
17470.9
17767.7
17565.1
17523.7
17410.9
17294.9
17115.9
17516.4
17586.5
17748.2
17496.3
17420
17423.1
17444.3
17328
17383.3
17702.8
17624.2
17440.4
17691.2
17663.7
17436.5
17659.5
17709.4
17589.2
17375
17650.9
17669.8
17567.5
17742.6
17492.1
17207.1
17429.4
17556.2
17429.9
17378.2
17322
17054
17190.6
17036.5
17194.2
17569.1
17546.6
17516.2
17570.3
17505.1
17687.4
17589.8
17533.8
17489.6
17520
17555.1
17852.1
17214.5
17171.3
17202.4
17504.1
17249.8
17395.2
16875.9
16981.9
17109.3
17137.6
17440.7
16940.2
17008.4
16897.4
17034
16643.1
16829.7
17008.7
16970.8
17126.7
17106.9
16774.9
16600.6
16656.9
16630.9
16725.5
17225.6
17018.3
16879.7
16594
16408.7
16106.8
16166.4
16512.7
16238.1
16001.7
16547.6
16632.5
16429.4
16673.5
16946.2
16879.2
16884.6
16527.1
16420
16644.3
16430.4
16522
16407
16128.5
16029.4
16186.4
16195.3
16233.6
16184.3
15850.1
15966.4
16076.8
16390.4
16153
16441.3
15950.4
15862.2
16024.9
15932.6
16216.1
16243.6
16251.7
15985.3
16190.9
16176.5
16187.1
16301.4
16169.3
15807
16434.1
16469.1
16726.9
16575.7
16702.1
16323.5
16290.9
16130.8
16180.8
15690
15397.1
15261.8
15896.9
16071.4
15814.6
15578.4
15845.6
15689.4
15679.7
15663.7
15895.6
15815.6
16125.3
16040.7
15910.1
16032.2
16049.3
15924
15546.7
15646.1
16165.9
16040.2
15725.6
15684.5
15337.7
15411.2
15575.6
15671
15579.4
15701.1
15888.2
15763.6
15619.4
15564.9
15567
15704.8
15898
15612.4
15847
16039.3
16249
16460
15556.3
15612.7
15808.9
15803.5
15736.7
15835.6
15997.2
16085.3
16161.9
16198.9
15885.4
16357.2
16123.7
16358.9
16497.9
16190.2
16174
16331.7
16111.9
16162.7
16065.4
16094.4
16377.7
15962.8
15825
15874.8
16098.5
15611.5
15180.9
15357.8
15236.8
15639.8
15564.5
16325.2
16216.9
15839
16054.3
15878.6
16294.4
16120.6
16113.5
16015.5
15958.2
15727.1
15902.4
16152.3
16123.6
16155.5
16049.4
15831.6
15981
15907.7
15997.9
16042.5
16071.9
16254.2
15785.8
16232.5
16066.2
16363.5
16398.9
16443.9
16179.7
16281.3
16020.2
15849.9
15742
16024.5
15743.3
15893.7
16146.5
15978.5
15882.1
15956.2
16261.1
16212.7
16046
16317.9
15844.8
16415.8
16831.5
16687.2
16648.1
16113.3
16241.3
16001.6
15641.4
15457.1
15166.1
14925.8
15299.9
14970.7
15366.8
15153.2
14934.2
14740.5
15465.9
14883.8
14839.4
14891.7
14966.2
14897.4
15374.1
14793.5
14247.1
14971.6
14886.3
14987.6
15379.4
15468
14996.9
14872.1
15549.3
15583.4
15459.4
15307.8
15144.9
15180.8
15311.5
15395.1
14868.2
14509.3
14908.4
14597.4
14173.9
14786.2
15089.7
15031.5
15449
15600.9
15544.5
15552.1
15327
15197.7
15259.5
15258.1
14759.6
15141.1
15040.3
15479.9
15509.4
15078.4
14990.6
14985.1
14831.6
14743
14941.9
15102.3
14700.8
14863.9
13933.2
14401.7
13944.1
14012.7
13970.1
14334.8
13781.3
14030.9
14071.9
14338.2
14407.1
13863.2
13601.5
13906.8
13251.6
13411.7
13570.1
13235.6
13154.5
13433.1
13139.5
13406
13399.1
13684.7
14123.9
14012
14028.8
14195
14327.1
14123
14078.4
14069.5
13609.8
13725.2
13826.7
13895.3
13936.1
14096.4
14172.6
14119.8
13829
14364.2
14571.4
14288.3
14304.9
14202.8
14438.2
14506.5
13966.8
13857.5
13892.3
13635.7
13655
13647.3
13813.7
13389.1
13469.5
13675.9
13652.8
13226.6
13802.5
13202.2
13244.2
13911.7
13690
14009.1
13797.5
13888.8
14033.4
13607
13714.4
13613.6
13081.7
13006.2
13212.4
13585.1
13641.1
13698.7
13760.1
13819.1
13585.8
13720.5
13395.1
13217.3
13719.9
13666.2
14355
14594.1
14606.3
14048.1
14152.1
13888.3
13891
14017.4
14184.6
14458.5
14498.9
14566.9
14425.2
14729.4
14968.3
14204.6
13891.9
14269.5
14051.6
13833.7
13844
13282.7
13429.8
13460.9
13777.6
13307.4
14066.6
14489.3
14212.9
13744.3
13626.5
13677.8
13561
13544.5
13671.9
13550.3
13466.9
13776.1
13621.2
13861.7
13801.1
14291.6
13936.2
13987.2
13550.2
13850.2
14025.9
14145.3
13932.9
14294.7
13963.7
14124
13787
14162.7
13710.4
13649.7
13981.5
13926.4
14086.7
14198.5
14117.8
13927.2
13828.5
13769.5
13956.9
14016
14035.9
13954.3
13955.4
14199.4
13901.7
13873.4
13710.8
14143.7
14230.2
14015.1
13782.6
13565.5
13197.6
13579
13379.3
13423.8
13869.6
13797.6
13834.8
13603.9
13382.7
13376.2
13560.3
12972.8
12697.7
13028.2
13191.1
13395.4
13034.2
13194.4
13169.7
12816.1
13012.6
13091.6
13034.4
13416.4
13557.7
13776.3
13428
13060.7
12938.7
13231.7
12562.9
12540.2
12860.3
13070
13424.5
13163.2
12803.9
13199.3
13309.5
13190.7
13141
12928.2
13334
13067.7
13427.3
13262.1
12972.1
12811.9
12657.6
13145.9
12743
12869.6
12661.1
12980.4
12866.3
13357.7
13319.9
13565
12992
13363.4
13253.8
13151.3
13304
13385
13063
12709.1
12441.8
12948.9
13176.2
12882.3
12535.2
12419.7
12295.3
12325.8
12863.8
12829.7
12626.6
13357.3
13216.2
13327.4
13072
13192.8
12780.6
12082.4
12227.8
12383.3
12795.5
12927.4
12795.1
12568.6
12632.1
12600.8
13151.4
12470.9
12183.4
12361.5
12111.1
12030.1
12797.6
12780
12446.6
12622.5
12608.9
12443.6
12588.7
13322.2
13357
13094.7
12858.5
12870
12510.1
13099.9
12682.1
12641.1
12899
12633.3
12724.9
12631.7
13241.2
12797.2
13172.9
12842.3
12412.6
12390.7
12498.4
12371.8
12134.3
12312.4
12009.5
12027.9
12162
12391.8
12356.5
12575.4
12386
11954.7
12545.6
12610.5
12463.7
12279.7
11875.6
12181.7
12470.3
12140.6
12630.8
12609
12606.6
12448
12801.6
12357.3
12610
12808.7
12854.4
12811.4
12508.9
12432.6
12245.7
12751.4
12864.8
13239.2
13349.7
13446.2
13122.3
13116.3
13026.3
13132.9
13204.7
13416
13473.5
13436.2
13188.4
12918.3
12631.1
12750.7
13044.1
13482.4
13354.4
12934
12472
12259.3
12684.8
12677.4
12324
11885.7
12693.7
12566.4
13078.9
12717.7
12710
12926.7
12760.8
12783.9
12936.8
12659.8
12361
12279.5
12387.8
12757.3
12639
12217.2
12425.9
12017.3
12623.1
12919
12653.2
12922.3
13093.7
12747.9
12505.2
12433.1
12886.1
12737
12597
12802.2
11830.5
11936.6
12638.8
12496.1
12504.9
12563.9
12524.5
12404.3
12264
12243.9
12690.5
12116.8
11770.4
12433.2
12587
12533
12389.6
12031.4
12200.5
12189.4
12822.5
12629.2
12836.6
12393.1
12426
13130.9
12666.1
12361.7
12092.2
11717.9
12124.4
12201.1
12317.7
13070.5
12392.1
12586.2
12568.5
12322.9
12426.2
13093.7
13103.4
13182.9
12612.2
12600.3
12819.4
13016.2
12896.6
12907.7
12836.2
12796.6
13380.5
13018.4
12954.2
13021.6
12825
12893.6
12765.2
12181.2
12775.5
12500.1
12340.5
12962.8
12482.5
12941.9
12710.9
12944.8
12514
12753.5
12817.1
12959.7
13057.6
12807.3
12654.2
12961.8
12814
12635.5
12512.7
12984.2
12883.7
12667.5
12434.5
12922.8
12834.3
13376.5
13012
13020.2
13385
13445
13112.9
12609.9
12567.5
12455.6
12175.1
12514.5
12602.5
12703.5
12796.5
12398.5
12364.1
12238.1
12379.4
11813.7
11601.6
12109.1
11671.3
11028.5
11590.2
11678.8
12196.9
12243.8
12263.9
12285.1
12584.9
12346
12620.2
12505.4
12261.4
11947.2
12109
11649.3
12133.4
12365.9
11997.8
11847.1
12534.5
13360.1
13072.4
12328.1
12448.6
12332.7
12135.3
12485
12425.4
12705
12462.2
12097.6
12083.9
11933
11951.7
11948.5
12281.7
12712.8
12453.1
12686.8
12012.8
12015
11654
11970.3
12026.9
12150.5
12057.4
12644
12311.1
12596.3
12652.8
12690.3
12449
12597.4
12220.5
12307.6
12005.5
12760.5
12650.6
11970.5
11744.6
11695
11964.2
11973.2
12008.9
11736.8
11903.9
11893
11805.5
12201.4
12167.3
11778
11731.8
11777
11477.5
11609.9
11346.9
11637.7
12127.4
12128
11692.3
11844.3
12326.9
12380.1
12102.1
12196.1
12420
11600.1
11466.7
12068.6
11923.5
11983.6
11477.4
11603.5
11580.3
11278.7
10955.8
11643.1
11794.8
11891.4
10944.7
10730.8
10785
11054.5
11223.7
11238.8
11302.9
11160.2
11469.5
11509.2
11306.2
11651.1
11764.1
11638.9
11668.9
12209.8
12108.7
11911.4
11805.6
11712.6
11899.2
12337.2
12293
12071.3
11683.4
11266.7
11069.7
11917.8
12006.2
11950.8
12005.7
12174.8
12106.7
12204.9
11946.8
11960.3
11986
12253.6
12421.8
12163.2
12427.2
11907.9
11973.8
11905.4
11992
12175
12424.1
12243.7
12339.9
12581.7
12069.2
11664.5
11956.8
11888.8
12346.6
12070.8
12215
12304.1
12088.7
12183
12147.2
12417.2
12668.4
12775.8
12615.3
12802.2
12526.8
12449.5
12235.1
11962.3
12195.4
12125.1
12272.6
12717.2
12387.7
12490.2
12569
12704
12750.3
12649.5
12439.3
12400.5
12372.6
12497.9
12604.2
12804.2
12499.2
12126.9
12211.3
12168.5
12234.8
12384.3
12236.6
12435.1
12029.5
12130.9
12782.1
12717.7
12726
12698.6
13856.5
13720.8
12452.5
12693.7
13029.6
13171.5
12310.6
12229.9
12523.9
12174.5
12166.6
12723.7
12570.2
12618.6
12111.3
12859
11748.5
12176.7
12504
12035.5
11984.9
12313.6
11772.5
11499.3
11669.1
12080.6
12013
11328.6
11269.6
11761.4
11474.4
11824.6
11565.2
11357.3
11671
12218.9
12205
11107.9
11895.4
12373
11680.9
11593.8
11574.3
11260.7
10859.2
10981
11403.6
11615.9
11536.1
11667.4
11522.3
11648.4
11436.6
11268.9
11278.8
11397
11515.4
11540.9
11313.9
11716.9
11760.5
11501.1
11620.1
11415.7
11365.6
10953.3
11174.4
11398.4
11102.8
10540.3
10589.3
10366
10123
9939.2
9528.33
9936.82
9966.52
9747.08
10493.3
10612
10230.2
10150.7
9886.74
9908.36
9989.75
10586.6
10083.1
10123.6
10183.6
10401.3
10569.8
10399.1
10885.6
10894.3
11225.6
10966.2
10947.6
10557
10914.5
10768.7
10273.5
10636.2
10667.6
10812.3
10546.6
10362.1
10846.2
11574.4
11619
11825.5
11497
11726
11488.2
11418
11223.8
11154.8
11562.3
11574.6
11589.3
11702.9
11175.1
12087.8
12685.6
11836.5
11433
10988.5
10775.7
10427.1
10881
11117.5
11335.8
11067.7
11294.1
10746.8
10700.5
11338.6
10858.4
10302.4
11401.9
10854.8
10875.5
11337.8
10448.3
10352.3
10543.3
10779.8
10621.7
10229.5
9872.71
9718.46
10293.2
10291.4
9738.25
9932.11
10400.4
10678
10463.5
10603.2
10408.2
10773.1
10729.7
10389.8
10695.7
10923
11185.1
10808.7
10428.8
10924.8
10198.8
10691.3
10287.1
10493.2
11288.7
10722.7
10152.5
9675.47
9933.21
10225.3
10261.9
10455.6
9875.61
9941.81
9841.91
10948.7
10480.5
10841.4
10514.6
10696.4
10659.1
11019.8
10767.6
10999.5
10868.7
10872.1
10749.3
10912.7
10801.4
10866
10583.9
10218.6
10118.1
10540.3
10664.9
10711.8
10590.5
11052.3
10812.1
10354.2
10490
10524.9
10362.6
10140.2
10527.9
9864.67
10429.7
10341.6
10013.6
10284.6
10321.8
10577.3
10476
10753.6
10770.6
10352.7
10199.2
10069.5
10404.2
10361.4
10472.1
10555.8
10834.8
10511.8
10347.2
9926.47
9526.87
10090
10209.2
10338.2
10684.9
10548.7
10468.2
10129.3
10365.2
10564.4
10037.7
9595.24
9643.97
9417.98
8976.31
9233.37
9351.71
9701.4
10029.6
9908.23
9565.66
9758.59
9090.33
9195.88
9536.18
9572.9
9446.29
10139.9
10468.6
9844.27
10216.8
9985.19
9692.41
9661.18
9784.95
9763.7
9728.28
9480.54
9176.19
9782.56
9632.22
10101.4
9719.9
9383.55
9602.68
9443.68
9017.35
9084.56
9132.81
8677.64
9169.36
9035.25
9023.18
9114.85
9027.11
8852.23
9223.82
9839.9
9721.63
9060.12
9205.32
8817.44
8994.09
9204
9268.05
9575.66
9624.4
9482.19
9669.56
9835.75
9554.3
9525.11
9505.59
9371.65
9709.73
9440.28
9169.59
9361.5
9091.79
9262.65
9521.17
8983.24
8729.08
8911.36
8953.73
8792.55
8428.9
8757.08
8375.11
8527.35
8505.36
8338.25
8206.13
8140.39
8264.49
8370.21
8639.04
8370.2
8594.24
8498.53
8420.21
8405.5
8438.12
8723.91
8365.92
8474.78
8596.37
8999.18
8763.99
8489.89
8404.76
8660.56
8537.94
8816.01
8831.43
8490.31
8668.27
8774.25
8920.38
9098.92
8850.12
8295.51
7905.96
7979.04
8500.75
8347.78
8367.18
8405.51
8527.83
8513.95
8849.73
8361.48
8116.6
8230.24
8423.73
8341.92
8164.05
8208.51
7882.44
7762.74
7781.34
7776.28
8465.28
8480.47
7580.21
7514.1
7798.26
8107.46
8017.08
7948.18
7798.03
7943.25
8026.96
7701.34
7811.23
7774.79
8024.73
7991.23
7539.18
7319.43
7768.99
7961.77
7798.62
7875.09
7976.21
7925.05
7956.54
8033.01
8339.31
8198.18
7965.78
8266.23
7930.69
7978.35
7755.71
7399.34
7170.41
7359.83
7458.45
7733.7
7280.3
7715.61
7497.53
7386.46
6903.4
7225.08
6645.04
7302.17
7059.52
7200.03
7312.99
7694.18
7103.54
7332.18
7390.9
7393.68
7635.42
7783.87
7738.7
7378.16
7959.19
7722.54
7757.79
8024.81
8307.47
7736.3
8359.51
8392.02
8652.08
9002.79
8298.46
8458.45
8574.37
8567.31
8646.14
8702.57
8711.76
7961.62
7621.98
8369.67
8307.09
8016.18
7904.94
7829.48
7716.65
7512.97
7545.83
7297.24
7444.22
7466.14
7585.42
7782.31
8066.5
7884.14
8097.62
8160.76
8073.12
7963.55
7823.65
7970.36
7611.3
7391.1
7567.19
7716.77
7470.67
7323.63
7937.57
7938.71
7695.65
7754.45
7963.1
7901.18
7676.85
7923.88
7642.05
8003.13
7764.67
7645.78
7608
7540.42
7337.69
7397.71
7779.65
7975.3
7546.69
7507.86
7625.74
7515.41
7481.9
7532.85
7347.33
7189.76
7222.8
7546.87
7504.26
7410.09
7554.43
7225.37
7045.23
7278.64
7515.22
7475.13
7354.45
7370.06
7136.36
7149.34
7030.03
7382.26
7217.14
6979.6
6685.81
6563.29
6563.21
6331.21
6454.79
6454.14
6434.79
6672.77
6594.66
6494.79
6469.19
6641.59
6763.33
6558.68
6443.56
6339.64
6415.47
6682
6623.35
6461.64
6160.44
6230.51
6234.25
6268.19
6263.94
6181.47
6229.81
6259.52
6229.86
6538.75
6215.49
6497.14
6433.7
6481.79
6614.45
6681.27
6728.32
6698.36
6594.87
6671.41
6721.13
6751.96
6649.54
6967.1
6776.08
6647.87
6803.52
6848.5
7008.42
6766.51
6600.85
6700.58
6942.5
7016.87
6696.42
6921.57
6573.69
6838.2
6416.7
6254.93
6305.69
6635.72
6488.43
6658.57
6170.21
6129.62
6212.88
6123.44
6212.74
5861.86
6257.66
6510.84
6347.73
6751.65
6495.05
6314.84
6252.04
6513.16
6333.67
6267.06
6519.58
6509.23
6427.12
6268.87
6579.13
6599.44
6411.41
6634.34
6629.2
6671.04
6431.45
6468.61
6665.22
6747.7
6667.64
6567.58
6783.66
6580.01
6471.5
6306.91
6470.92
6741.28
6618.86
6463.14
6534.81
6152.61
6466.48
6532.23
6306.24
6600.91
6301.32
6256.06
5871.09
5962.79
6209.95
6141.03
6303.66
6433.14
6319.66
6140.81
6487.45
6089.9
6110.27
6075.31
6177.73
6154.61
6268.78
6406.75
6254.74
6156.99
6289.09
6200.01
6174.75
5661.48
5687.13
5795.56
5797.43
5958.58
6045.41
6165.7
5989.33
5845.57
5805.64
5901.69
5979.6
6125.01
6199.65
5998.95
6119.55
6285.89
6647.28
6738.18
6496.92
6653.5
6579.12
6511.98
6450.52
6366
6271.34
6283.73
6277.21
6378.74
6159.84
6392.74
6316.13
6362.94
6382.07
6258.99
6137.32
6147.12
6235.46
5816.58
5848.59
5804.05
6206.69
6159.17
6329.94
6540.03
6454.63
6100.08
6011.49
5827.79
5636.09
5883.89
6100.94
6249.08
6402.26
6330.34
6435.93
6080.84
6026.36
5896.52
5801.64
5687.1
5840.16
5885.87
5783.44
5974.66
6015.95
6026.16
6190.37
5984.35
6131.12
6185.05
5837.7
5993.2
6006.48
5906.75
5866.77
5762.97
5609.22
5636.58
5636.29
5694.85
5833.11
5677.76
5503.48
5579.64
5743.22
5709.94
5641.79
5530.05
5594.96
5742.84
5600.72
5645.9
5342.44
5395.48
5308.08
5387.5
5247.82
5228.41
5080.99
5308.88
5341.44
5208.56
5137.91
5217.83
5139.64
5210.34
5125.89
5354.92
5405.99
5242.25
5269.51
5398.88
5373.1
5437.52
5374.71
5402.04
5354.82
5255.47
5264.81
5624.34
5437.28
5584.93
5370.54
5803.35
5628.32
5615.46
5631.42
5628.59
5508.92
5569.83
5610.83
5698.7
5700.29
5645.36
5809.33
5648.11
5605.87
5529.3
5345.61
5374.84
5141.94
5245.3
5276.82
5208.39
5223.21
5166.95
5328.32
5600.83
5525.5
5611.04
5494.01
5444.31
5347.13
5399.26
5576.29
5536.05
5434.92
5510.19
5459.25
5394.11
5307.15
5475.33
5638.76
5511.58
5561.44
5669.06
5583.4
5690.37
5534.83
5545.63
5557.5
5592.13
5547.98
5528.08
5278.63
5212.41
5313.3
5510.68
5587.92
5411.42
5285
5185.88
5012.35
5172.13
5229.93
5131.64
5182.17
5141.34
5204.2
5237.71
5209.97
5195.18
5317.91
5285.85
5249.39
5196.42
5088.83
4965.58
5224.99
5264.49
5277.31
5227.75
5233.97
5160.44
5170.12
4956.6
4825.66
4863.87
5007.27
4850.04
4831.28
4805.71
4701.95
4872.04
4694.45
4899.94
4954.21
4935.57
4955.09
4917.91
4957.86
5074.43
4968.35
4895.69
5043.91
4841.88
4848.56
4922.27
5007.31
5201.95
5160.66
5129.49
5293.33
5283.55
5344.18
5236.62
5084.72
5283.44
5191.71
5031.03
4988.74
5012.29
4866.49
5005.99
4963.43
4946.11
4987.98
4851.73
4858.71
4834.14
5042.02
5206.54
5318.82
5394.04
5194.24
5160.94
5270.1
5353.34
5139.13
5450.75
5244.42
5122.37
5031.4
5037.7
5126.77
5240.17
5231.08
5060.06
4946.65
4878.32
4777.83
4795.66
4873.93
4885.9
4844.3
4937.89
4851.12
4937.8
4817.6
4756.91
4795.46
4874.86
4867.52
4798.49
4954.7
4892.21
5001.28
4838.51
4902.23
4900.38
4671.55
4802.38
4827.64
4800.11
4865.61
4715.09
4615.01
4453.18
4457.79
4435.17
4426.82
4547.59
4511.62
4658.21
4561.82
4542.86
4539.12
4686.02
4719.65
4689.75
4688.69
4618.43
4611.91
4515.55
4667.74
4550.17
4532.74
4456.39
4541.86
4528.87
4717.08
4669.12
4641.69
4529.58
4498.88
4466.79
4607.16
4885.76
4635.39
4629
4668.6
4598.94
4519.31
4580.64
4633.86
4511.84
4588.44
4606.96
4636.34
4672.13
4473.12
4565.82
4536.56
4563.32
4685.9
4830.84
4982.68
4985.85
4827.46
4891.25
4913.71
4800.99
4930.37
4904.8
5052.75
5015.66
4897.9
4851.13
4806.9
4940.21
4843.05
4792.18
4670.68
4511.42
4484.87
4629.1
4669.16
4579.14
4570.01
4496.44
4512.13
4390.46
4467.51
4401.07
4439.51
4486.84
4325.34
4372.64
4484.67
4435.2
4433.04
4508.5
4496.53
4538.9
4408.39
4391.32
4373.53
4435.44
4482.19
4428.57
4441.67
4542.91
4495.39
4547.4
4566.79
4565.08
4513.9
4601.14
4464.93
4576.55
4568.05
4558.19
4574.38
4482.7
4551.72
4433.43
4381.42
4384.81
4348.74
4422.8
4471.87
4446.4
4449.62
4555.04
4479.09
4414.14
4483.65
4467.7
4463.78
4469.86
4522.37
4543.76
4488.46
4423.92
4353.76
4302.9
4277.04
4321.52
4300.1
4389.78
4353.28
4448.89
4425.05
4401.13
4361.94
4372.03
4438.03
4466.14
4498.19
4479.93
4464.93
4440.28
4404.25
4415.56
4379.35
4476.11
4491.34
4421.15
4426.31
4530.54
4514.51
4384.05
4395.03
4389.96
4389.07
4389.96
4415.91
4341.36
4338.31
4289.66
4238.14
4216.77
4239.61
4352.71
4303.78
4336.75
4389.99
4425.45
4365.85
4234.91
4264.25
4357.02
4443.97
4386.27
4350.53
4374.52
4278.96
4228.61
4198.47
4270.46
4366.04
4406
4344.21
4393.8
4352.65
4331.31
4384.02
4295.92
4268.12
4188.64
4099.73
4049.31
4094.92
4082.81
4137.86
4121.56
4099.56
4133.37
4164.66
4180.82
4189.7
4153.95
4079.45
4181.32
4174.16
4131.98
4079.52
4068.82
4075.58
4074.55
4163.32
4190.93
4241.01
4227.93
4227.09
4255.68
4222.89
4189.06
4254.58
4164.34
4202.29
4180.79
4102.75
4115.08
4092.33
4122.62
4086.98
4251.97
4177.83
4127.26
4201.72
4211.39
4160.88
4193.11
4210.87
4196.45
4056.59
4088.22
4084.89
4031.92
4029.29
4105.57
4150.94
4134.08
4213.99
4165.86
4111.9
4164.65
4201.12
4205.37
4098
4138.38
4119.67
4158.36
4079
4039.32
4123.55
4124.79
4068.47
4176.16
4155.83
4080.21
4073.74
4010.08
3989.24
3902.29
3958.71
3984.61
3967.38
3971.65
3997.29
3967.88
3948.1
3944.97
3973.81
4007.26
4001.74
4085.29
4108.8
4019.96
4029.6
4018.15
3978.93
4000.23
4013.4
3971.55
3975.6
3960.23
4083.82
4057.58
4043.23
4071.85
4067.15
4093.82
4105.14
4147.22
4081.71
4060.51
4083.6
4030.14
3987.48
3953.81
3946.21
4026.29
3959.41
3969.09
3914.03
3893.26
3944.28
3937.68
3882.19
3800.13
3806.8
3853.79
3776.81
3766.29
3812.73
3813.42
3798.54
3817.46
3797.61
3801.52
3795.21
3823.72
3812.99
3812.18
3856.57
3883.08
3887.61
3819.54
3869.81
3828.2
3842.21
3914.86
4003.05
3978.88
4050.74
4100.57
3983.16
3986.03
3946.45
3996.25
4003.23
3996.13
3982.68
3923.45
3885.17
3885.97
3941.57
3923.4
3860.23
3847.69
3841
3822.96
3840.5
3851
3811.93
3827.2
3793.74
3832.36
3834.45
3864.75
3840.04
3850.23
3887.78
3834.39
3877.15
3895.65
3890.28
3907.76
3840.04
3882.42
3863.3
3837.54
3878.84
3913.73
3902.33
3844.22
3848.44
3816.25
3798.19
3803.86
3821.09
3817.2
3775.76
3806.18
3752.27
3773.82
3795.05
3810.94
3833.5
3838.64
3928.56
3910.6
3850.47
3816.88
3793.43
3818.54
3815.48
3799.79
3837.74
3761.54
3778.17
3718.33
3781.68
3737.27
3841.67
3790.74
3821.16
3865.69
3907.59
3874.91
3831.46
3850.67
3894.62
3931.76
3929.7
3886.62
3828.36
3858.99
3813.65
3838.51
3834.85
3818.13
3854.42
3836.16
3782.06
3803.53
3845.14
3860.45
3828.92
3796.46
3788.08
3659.19
3661.98
3715.86
3684.49
3650.11
3682.83
3673.84
3668.46
3688.4
3720.91
3689.23
3674.82
3707.92
3664.02
3659.06
3671.33
3654.69
3716.77
3683.74
3710.71
3706.8
3696.68
3668.37
3710.54
3713.84
3704.53
3778.57
3785.33
3747.95
3724.37
3723.28
3748.12
3685.77
3695.34
3715.91
3698.17
3687.03
3713.97
3707.63
3690.05
3723.61
3785.3
3768.78
3769.69
3749.53
3729.54
3794.85
3731.63
3742.17
3754.91
3739.56
3761.69
3808.83
3744.18
3729.35
3711.08
3656.1
3624.6
3655.15
3701.26
3736.31
3722.99
3757.2
3766.59
3717.6
3717.31
3722.15
3681.72
3693.01
3693.25
3688.27
3683.88
3703.85
3734.06
3694.45
3726.22
3739.69
3739.26
3743.22
3740.99
3768.22
3737.97
3733.16
3678.54
3685.65
3663.24
3682.2
3707.06
3695.67
3686.63
3681.86
3671.34
3650.73
3654.69
3661.31
3685.64
3690.3
3696.06
3677.07
3716.14
3688.62
3650.45
3690.53
3677.88
3696.64
3675.52
3669.52
3638.4
3730.15
3694.46
3716.14
3703.85
3699.58
3713.02
3711.5
3687.52
3652.85
3676.05
3674.1
3699.43
3712.3
3714.46
3686.23
3682.61
3724.57
3719.97
3678.78
3710.12
3704.2
3718.08
3733.7
3705.99
3728.8
3733.8
3726.98
3695.34
3670.25
3664.56
3670.17
3625.35
3642.31
3631.39
3618.05
3621.98
3654.22
3641.32
3670.38
3677.6
3680.4
3636.8
3675.9
3683.14
3653.14
3661.31
3629.63
3630.89
3632.19
3637.52
3638.16
3611.21
3590.83
3590.75
3566.3
3599.72
3611.53
3611.05
3610.41
3612.62
3605.19
3609.7
3614.49
3609.55
3608.47
3595.26
3593.24
3578.53
3580.06
3575.6
3565.71
3540.78
3551.42
3555.05
3542.2
3542.53
3541.12
3553.5
3557.05
3553.49
3548.22
3540.52
3542.3
3566.69
3578.33
3581.85
3581.2
3586.92
3588.89
3575.35
3542.02
3546.86
3551.12
3580.07
3543.45
3571.31
3568.58
3557.57
3569.62
3555.62
3560.73
3546.98
3557.76
3564.84
3577.44
3542.8
3512.08
3517.24
3506.55
3528.78
3525.67
3505.97
3504.19
3523.81
3496.55
3534.44
3542.14
3509.12
3486.62
3475.1
3474.71
3477.84
3470.56
3471.01
3446.86
3443.78
3436.75
3445.76
3431.68
3401.67
3418.33
3452.99
3434.94
3440.65
3428.63
3430.24
3445.6
3446.42
3428.36
3459.97
3461.39
3495.35
3520.78
3511.14
3513.09
3499.95
3510.48
3519.65
3549.27
3501.61
3492.52
3513.54
3489.88
3497.09
3483.84
3508.41
3483.79
3499.56
3491.96
3482.46
3493
3485.95
3476.59
3465.31
3468.21
3445.42
3465.12
3458.71
3426.72
3421.14
3432.97
3448.03
3453.38
3431.74
3420.73
3415.95
3404.57
3428.5
3438.13
3423.97
3417.47
3423.78
3421.91
3411.75
3430.54
3406.32
3413.64
3400.94
3420.8
3389.96
3366.75
3372.81
3400.3
3379.31
3377.88
3383.84
3366.29
3369.83
3362.83
3374.55
3372.08
3353.4
3328.41
3321.35
3312.03
3329.63
3334.4
3347.7
3322.89
3336.26
3357.74
3362.18
3364.12
3356.06
3381.94
3362.96
3357.61
3366.85
3366.2
3375.76
3366.39
3368.2
3365.53
3340.26
3359.45
3378.71
3347.7
3363.07
3355.16
3346.9
3343.57
3347.38
3330.51
3325.18
3345.58
3345.34
3348.46
3358.61
3368.18
3363.34
3346.22
3335.59
3350.31
3351.84
3344.45
3361.26
3377.88
3380.05
3371.97
3373.55
3360.69
3364.8
3368.84
3347.86
3354.34
3356.56
3336.3
3333.26
3327.26
3331.98
3313.12
3324.65
3322.71
3322.86
3331.98
3329.66
3331.3
3323.77
3343.72
3331.63
3314.92
3314.24
3309.36
3337.15
3312.09
3307.81
3293.11
3306.38
3303.51
3285.08
3302.35
3308.39
3305.24
3301.07
3295.18
3295.89
3299.65
3310.63
3295.35
3285.28
3281.03
3287.85
3277.47
3271.67
3265.33
3266.52
3259.78
3267.65
3276.74
3293.04
3280.63
3284.57
3277.41
3281.6
3281.33
3280.58
3256.87
3253.32
3265.25
3235.89
3239.39
3231.46
3246.37
3256.2
3247.95
3241.56
3256.63
3252.12
3243
3227.71
3225.34
3223.55
3250.55
3252.27
3250.95
3234.77
3225.24
3232.06
3219.7
3231.18
3228.38
3222.64
3224.69
3230.52
3220.64
3216.3
3210.09
3215.07
3228.72
3233.37
3232.9
3242.46
3235.05
3204.56
3202.8
3204.45
3203.28
3209.44
3194.87
3197.5
3190.98
3181.66
3179.33
3199.37
3177.52
3174.49
3181.28
3191.89
3191.67
3198.93
3203.44
3209.12
3193.02
3193.94
3180.59
3174.75
3168.27
3174.72
3174.36
3177.88
3165.69
3162.98
3155.72
3153.35
3147.59
3156.21
3165.02
3156.07
3170.05
3158.26
3168.94
3161.65
3142.74
3157.91
3156.43
3152.2
3155.1
3137.14
3138.9
3138.54
3139.23
3135.09
3131.21
3135.5
3133.9
3134.67
3143.86
3141.14
3137
3137.07
3125.74
3119.89
3123.17
3138.56
3147.41
3153.62
3137.88
3135.73
3141.88
3130.27
3127.7
3119.09
3108.09
3098.63
3095.58
3096.53
3096.24
3090.43
3104.3
3101.29
3103.91
3095.88
3100.23
3112.56
3104.24
3100.14
3093.47
3100.44
3092.04
3093.96
3086.79
3102.39
3098.78
3096.3
3097.85
3117.53
3116.36
3108.52
3123.29
3117.65
3115.28
3114
3096.86
3103.18
3094.46
3081.78
3089.26
3082.33
3073.15
3071.25
3071.69
3064.35
3054.87
3052.11
3043.69
3056.33
3062.22
3058.37
3047.23
3046.16
3049.87
3044.94
3055.71
3065.64
3057.57
3065.85
3062.71
3066.51
3073.34
3068.53
3080.05
3083.11
3080.85
3066.54
3058.89
3061.43
3074.06
3073.97
3053.9
3052.74
3043.65
3043.43
3021.41
3026.02
3024.68
3024.04
3034.83
3035.7
3024.81
3035.4
3025.89
3021.22
3014.86
3015.08
3017.84
3006.27
2993.9
2989.42
2988.72
2986.62
2996.2
3000.95
3001.92
3010.96
3005.77
2999.76
3012.45
3005.05
2999.24
3003.06
2988.55
2986.05
2991.26
2991.08
2998.28
2981.62
2983.68
2982.05
2983.84
2975.65
2979.86
2973.51
2965.86
2969.91
2973.22
2972.6
2981.6
2985.21
2982.19
2978.33
2972.41
2968.37
2959.98
2960.58
2961.27
2962.03
2964.47
2962.55
2973.54
2982.93
2991.56
3002.71
3004.22
2997.48
2976.73
2976.75
2976.46
2975.21
2975.08
2989.89
2985.82
2980.64
2972.02
2956.34
2965.57
2960.42
2955.18
2961.97
2965.57
2972.26
2970.71
2970.17
2966.09
2957.37
2958.34
2959.52
2956.62
2951.59
2952.5
2956.53
2953.1
2951.52
2948.89
2951.02
2945.98
2943.05
2942.58
2949.16
2941.9
2938.32
2942.33
2943.75
2947.03
2946.49
2936.33
2939.81
2934.05
2935.93
2937.1
2940.85
2947.8
2940.64
2942.6
2932.94
2933.71
2929.86
2931.54
2933.39
2921.5
2916.48
2912.37
2915.83
2914.46
2917.13
2918.5
2915.71
2923.41
2922.19
2917.25
2914.1
2918.61
2918.8
2920.57
2916.62
2905.52
2902.13
2901.78
2891.44
2894.46
2890.87
2883.9
2880.95
2881.92
2882.05
2886.04
2885.21
2881.53
2883.03
2879.54
2881.94
2887.5
2878.62
2877.68
2876.57
2877.63
2873.84
2868.44
2873.71
2878.19
2877.6
2882.53
2883.17
2880.51
2873.49
2872.16
2861.99
2856.54
2856.01
2855.33
2855.67
2861.09
2864.59
2861.82
2858.55
2859.58
2858.83
2854.03
2849.98
2847.33
2846.17
2852.97
2850
2844.33
2847.34
2852.48
2844.06
2843.83
2842.62
2840.76
2837.65
2840.23
2836.93
2835.9
2831.69
2830.53
2826.14
2824.99
2824.14
2824.86
2828.85
2825.63
2825.64
2819.04
2819.83
2824.56
2817.25
2815.08
2815.92
2819.3
2816.3
2816.6
2828.32
2821.37
2820.41
2818.1
2813.29
2809.9
2809.85
2807.37
2806.24
2803.98
2806.16
2802.74
2807.72
2802.34
2807.81
2806.43
2809.19
2810.5
2808.16
2806.13
2805.79
2806.93
2800.58
2797.32
2799.81
2798.33
2790.23
2796.92
2795.5
2786.19
2789.51
2790.39
2789.74
2787.16
2785.94
2786.11
2783.43
2781.84
2780.19
2784.3
2781.68
2783.73
2787.66
2783.31
2783.64
2779.49
2778.23
2774.18
2771.47
2765.49
2766.32
2765.38
2768.05
2768.43
2767.29
2767.91
2770.94
2772.08
2767.1
2771.44
2773.37
2774.65
2772.24
2773.34
2776.06
2774.41
2775.9
2770.29
2770.57
2774.29
2772.89
2767.1
2766.79
2766.41
2764.3
2763.95
2766.69
2767.71
2769.26
2768.65
2768.35
2769.07
2765.86
2767.29
2767.15
2764.92
2764.01
2768.76
2766.32
2767.79
2763.32
2763.11
2766.19
2763.57
2765.09
2760.64
2766.04
2761.99
2762.02
2761.82
2765.97
2769.97
2766.13
2765.2
2765.8
2768.61
2772.27
2766.75
2763.24
2762.64
2762.29
2760.9
2760.71
2762.94
2763.13
2761.76
2760.6
2765.24
2760.79
2762.3
2762.4
2762.99
2764.23
2766.15
2763.06
2763.95
2760.5
2756.07
2757.79
2761.73
2763.61
2761.16
2760.66
2756.14
2760.02
2760.75
2764.45
2765.39
2757.43
2757.26
2757.86
2759
2761.04
2760.42
2758.39
2758.78
2756.74
2760.46
2760.02
2763.45
2761.81
2761.98
2764.16
2766.25
2763.29
2753.17
2754.58
2756.44
2755.31
2757.24
2753.86
2752.03
2757.41
2750.77
2748.13
2750.81
2748.94
2749.74
2749.53
2750.11
2748.38
2748.9
2746.86
2744.66
2741.54
2742.24
2741.4
2741.56
2739.94
2740.67
2743.58
2742.42
2740.46
2743.09
2740.52
2740.17
2737.51
2737.25
2736.43
2736.5
2737.86
2737.34
2737.22
2741.17
2739.51
2739.9
2738.08
2735.97
2734.03
2732.75
2736.38
2737.96
2734.94
2735.39
2733.07
2732.87
2732.04
2734.62
2731.72
2730.3
2730.33
2735.28
2735.38
2736.29
2734.87
2733.6
2731.4
2728.94
2730.45
2729.72
2727.44
2729.51
2730.43
2729.97
2732.32
2733.32
2733.14
2734.02
2732.43
2730.05
2725.86
2721.53
2723.34
2722.04
2725.99
2726.14
2725.78
2726.61
2728.06
2726.01
2727.55
2729.15
2732.27
2730.2
2725.5
2722.9
2725.62
2726.47
2724.76
2725.73
2726.01
2721.45
2720.08
2718.58
2718.6
2717.86
2718.47
2717.47
2716.91
2718.89
2719.42
2721.56
2721.25
2722.8
2722.54
2721.77
2721.85
2721.62
2723.92
2724.9
2721.88
2720.57
2720.62
2719.63
2719.23
2720.14
2719.9
2721.87
2719.96
2721.21
2719.47
2719.58
2722.51
2722.43
2719.19
2718.16
2718.97
2719.47
2720.59
2719.55
2721.05
2718.71
2718.68
2718.97
2719
2719.37
2718.67
2718.24
2720.01
2718.03
2716.77
2717.11
2717.08
2717.17
2719.38
2719.3
2719.63
2717.22
2717.79
2718.59
2719.19
2719.84
2718.17
2716.98
2714.52
2713.96
2715.84
2716.98
2716.82
2715.06
2715.69
2715
2711.98
2715.03
2714.84
2714.49
2716.81
2715.78
2715.11
2714.3
2713.13
2713.43
2712.59
2716.3
2716.14
2715.65
2712.78
2712.39
2712.53
2713.63
2713.69
2713.48
2713.25
2714.69
2713.04
2713.17
2713.74
2712.59
2712.18
2712.91
2713.57
2711.86
2711.9
2711.69
2713.07
2714.77
2714.69
2712.74
2711.46
2711.2
2710.43
2709.97
2710.07
2714.8
2714.47
2713.4
2712
2712.59
2712.76
2712.59
2711.76
2710.89
2711.48
2711.12
2708.88
2711.31
2711.49
2713.75
2714.2
2715.48
2713.39
2712.7
2711.09
2710.33
2711.47
2710.9
2711.26
2712.46
2713.19
2712.12
2712.14
2711.9
2711.59
2710.76
2708.28
2709
2709.45
2710.56
2710.25
2710.27
2710.66
2710.71
2710.04
2709.22
2710.87
2709.78
2707.77
2706.73
2705.24
2704.85
2704.55
2704.83
2704.81
2703.98
2703.41
2704.17
2703.28
2702.65
2703.55
2704.56
2706.02
2705.2
2703.26
2704.46
2703.63
2703.24
2701.22
2700.69
2701.66
2700.83
2700.68
2699.93
2699.8
2699.83
2699.35
2699.26
2698.85
2700.39
2701.7
2701.47
2701.32
2700.9
2699.99
2699.6
2699.53
2700.01
2699.93
2700.6
2701.08
2700.66
2700.75
2700.32
2699.74
2700.1
2702.15
2700.38
2699.9
2699.24
2697.77
2699
2698.92
2698.82
2699.08
2697.62
2697.48
2697.19
2696.69
2697.45
2696.74
2697.91
2698.09
2698.52
2699.56
2699.51
2700.33
2699.62
2699.07
2698.28
2698.4
2697.75
2697.79
2697.12
2695.2
2695.16
2695.51
2695.58
2695.63
2694.52
2695.75
2695.49
2695.82
2695.16
2695.36
2695.47
2694.73
2693.53
2692.86
2693.75
2694.61
2693.68
2693.34
2691.82
2691.56
2691.78
2692.57
2691.71
2692.57
2691.81
2691.89
2692.41
2692.46
2691.85
2691.71
2691.49
2691.21
2691.26
2690.86
2690.83
2690.02
2689.7
2688.86
2689.32
2689.46
2689.82
2690.15
2689.25
2688.97
2688.79
2688.23
2687.9
2688.26
2688.6
2688.49
2688.49
2687.42
2688.63
2688.76
2688.66
2687.44
2686.43
2686.88
2686.49
2685.48
2685.71
2685.72
2685.63
2686.61
2686.96
2686.66
2688.32
2688.82
2688.69
2688.11
2686.22
2685.67
2684.95
2685.3
2685.82
2685.96
2685.96
2686.86
2685.31
2685.67
2685.93
2685.3
2685.34
2686.04
2684.96
2685.64
2685.84
2686.32
2686.16
2686.92
2686.95
2686.41
2685.8
2685.12
2683.76
2683.6
2684.49
2686.18
2685.13
2684.45
2684.36
2685
2685.58
2684.24
2684.25
2683.9
2684.13
2684.16
2684.77
2683.7
2682.9
2682.79
2681.66
2682.96
2683.5
2682.75
2682.58
2682.27
2682.33
2683.15
2682.72
2681.73
2681.45
2680.72
2682.05
2681.47
2680.62
2680.32
2681.17
2680.96
