Mut_X Mut_Y Mut_Size Mut_Rot Mut_R Mut_G Mut_B Mut_Type Time_Sec
51300 53872 63463 55526 66294 65839 65639 52528 1455.98
0 0 0 0 0 0 0 0 1455.98
--- Historial MSE por cambio de temperatura ---
16826.5
16514.7
16525.5
16462
16222.2
16171.1
16282.2
16298.6
16384
16161.1
16443.8
16547.7
16390.7
16297.4
16708
16605.7
16790.7
16639
16574.5
16327.9
16488
16208.7
16642.4
16361.2
16421.3
16443.5
16311.2
16369.8
16437.3
16380.2
16503
16289.9
16488.7
16692.8
16618.2
16400.8
16712.7
16537.6
16453.3
16865
16789.3
16741.1
16754
16677.8
17033.9
16894.4
16600.8
16546.4
16787.2
16658.1
16844.1
16670.6
16531.8
16448.5
16499.5
16807.4
16838.4
17138.4
17151.6
16774.3
16848.4
16885.1
16647.4
16419.7
16709.2
16510.8
16330.1
16483.5
16227.5
16091.7
15991.1
16514.7
16442
16748.3
16277.5
16602.6
16354.7
16610.6
16610.6
16634.1
16261.4
16688.7
16444.3
16331.1
16148.9
16272.1
15981.3
15918.3
16175.1
16239.4
16294.3
16283.5
16467.4
16772.6
16389.2
16366.3
16443.7
16491.2
16390.7
16523.1
16339.6
16719.7
16357.7
16422.3
16309.5
16514.4
16872.8
16683.8
16443.3
16582.2
16410.4
16704.8
16821.2
16504.9
16480.1
16505.1
16496.3
16598.8
16664.1
16571.8
16419.3
16174.1
16176.1
16413.1
16557.7
16318.9
16082.6
16224.4
16367.7
15964.1
16201.4
16150.8
16409.6
16469.6
16319.2
16395.8
16312.1
16657.8
16819.5
16748.7
16692.5
16720.3
16716.6
16384
16520.3
16230.8
16322.7
16436.4
16496.6
16568.9
16681.2
16608.3
16170
16554.6
16385.8
16368
16513.5
16446.6
16541.4
16604.8
16585.8
16531.7
16493.6
16416.5
16547.3
16376.6
16471.2
16646.3
16608.8
16601.3
16528.9
16760
16347.9
16746
16758.4
16239
16036
16339.1
16048.5
16143.8
16140.3
16161.4
16159.3
16142.7
16413.6
16430.6
16374.2
15866.7
15956.1
16068.7
15862.7
16283
16617
16536
16350.7
16461.4
16066.6
16092.5
15950.6
16157.8
16399.5
16207.7
15970.5
16648.2
16228.5
16211.3
16190.5
16000.7
15767.3
15987.3
15663.7
15902.6
15570.9
16068.6
15827.4
16196
16020.8
15887
16041.6
16171
15865.5
15663.7
15720.3
15577.1
15723.3
15936.7
15800.8
16086.8
15985.5
15921.4
15646.9
15740.7
15902.9
16037.2
15816.7
16155.7
16143.6
16057.1
16073.9
16155.5
16161.4
16119.6
16385.8
16081.3
15970.1
16039.5
16440.5
16197.8
16204.2
15998.6
16180.7
16080.7
15810.3
16049.2
16351
16096
16439
16581.2
16265.1
16435.7
16183.7
16429.7
16814.1
16831.5
16727.6
17143.4
17103.5
16916.9
16643.7
16834.3
16775.8
16673.4
16921.9
16670.9
16883.9
16721.8
16429.9
16678.8
16780.2
16312.2
16361.5
16709.7
16904.2
16909.5
16849.2
16686.7
16643.3
16185.2
16396
16645.5
16511.6
16325.8
16238.3
16569.9
16509.3
16300.4
16150.9
15736
16002.4
16027.1
16204.2
16113.5
16207.3
16173.6
16248.5
15889
15784
16089.9
16248.9
15946.6
15710.5
15580.4
15660.2
15663.6
15853.9
15877.8
15844.4
15913.5
16125.2
16122.2
15989.9
16250
16003.1
15899.6
16052.8
15894.6
15395
15397.7
15364.2
15690.3
15775
15800.7
15683.4
15843.3
15989
16127
16096.5
15884.4
15834.8
15997.6
15969.3
15908.2
16042.1
16267.3
16461
16599.4
16327.9
16171.1
15800.1
15907.7
15855.6
15849.9
16111.8
16166.8
15985.7
15695.3
15540.9
15884.6
15557
16218.9
16174.7
16131.6
16018.9
16180.4
16108.2
16141.4
16145.4
16013
15958.3
15705.7
15714.8
16236.4
16333.8
16093.3
15959.8
16002.5
15990.6
15895.7
16142.1
16034.4
15590.6
15894.1
15866.4
15651.5
16585.4
16103.4
16135.6
15933.4
15737.8
15776.2
15827
15766.9
15886.2
15762.4
15983.9
15824
15540.1
15593
15771.9
15308.4
15490.8
15434
15629.3
15739.7
15420.7
15331.8
15603
15507.4
15417.1
15637.9
15700.7
15645.4
15818.3
15568.6
15637.3
15733.8
15566.6
15345.3
15466.8
15403.6
15395.7
15480.3
15574.1
15886.6
15781.6
15581.3
15628.3
15689.9
15628.7
15952
15858.5
16004.4
15910.2
15420.8
15861
15567.3
15123.3
15550.4
15123.3
15017.3
15120.7
14979
15140.3
14850.5
14830.2
14626.2
14791.1
14874.2
15081
14755.4
14808.5
14735.8
14976
14901.5
14461.2
14872
15268
15680.2
15518.9
15354.5
14712.5
14351.5
15156.1
15287.8
14885.9
14836.2
14950.2
14965.9
14800.2
14830.7
14762
14520.3
14888
14930.1
15019.4
15045.4
14964.1
15039.5
15120.4
15297
15267.9
15217.6
14811.9
14429.6
14460.3
14571.2
14606.6
14653.2
14981.5
14870.5
15215.9
15183.1
15196
15564.2
15022
15309.6
15059.8
15420.9
15640.9
15820.1
15468.9
15800.6
15757.9
15758.2
15639.9
15716.4
15567.7
15515.5
15643.3
15614.2
15745
15761.1
15602.1
15531.6
15643.1
15616.2
15298
15198
15208.8
15202.5
15601.8
15594.1
15063
15285.3
15651.4
15405.5
15168.3
15009
14950.3
15161.8
15242.9
15341.3
15262.3
15109.7
15047.5
15181.1
15321.4
15440.4
15537.8
15194.8
15367.5
15158.1
15832.6
15866.5
15087.1
15176.3
15307.3
15223.5
15398.3
15650.6
15501.4
15263.5
15402.3
15573.3
15607.4
15461.6
15686.7
15451.5
15496.3
15423.7
15600.1
15998.8
15591.7
15557.2
15190.3
15220.7
15626.5
15427
15581.4
15416.5
15356.4
15358.2
15392
15405.6
15279.7
15549.4
15014.7
15033.7
14977.3
15336.7
15141.8
15026.9
15264.4
15562.6
15514.6
15509.4
15372.6
15211.5
15173.2
15187.8
14876
14795.8
15156.5
15642.4
15505.8
15470.4
15569.6
15509.5
15137
15243.5
15222.7
15287.7
15170.9
15168.5
14928.4
15049.2
15214.6
15499.1
15662.7
15147.8
14992.3
15078.5
15128.7
15092.1
14376.3
14366.6
14428.9
14162.6
14141.1
14141.5
14076.1
14231.4
14366.6
14460.4
14812.6
14694.6
14608.7
14652.9
14528.6
14806.2
14220.2
14319.9
14400
14410.3
14160.7
14367.5
14360
14095.5
13837.1
13887.7
14088.2
14747.6
14456.6
14557.8
14576.8
14408.3
14466.1
14742.8
14846.4
14468.2
14696.6
14314.4
14288.1
14310.9
14207.1
14526.6
14591.7
14234
14255.7
14034.5
14327
14584.5
14916
15066
14843.3
14739.7
14547.4
14293.9
14404.6
14207.1
14356.8
14331.7
14324.6
14243.8
14469
14300.7
14321.9
14012.3
14376.4
14465.2
14198.7
13838.8
13777.8
13632.5
13543.2
13267.3
13701.3
13826.2
13661
13571.1
13285.1
13130.6
13000.8
13449.8
13602.8
13176.3
13162.7
12937
12871.9
13326.7
13200.7
13323.3
13222.9
13075.6
13489.1
13440.4
13368.3
13551.8
13571.9
14025.6
13935.5
13387.8
13318.4
13152.1
13239.1
13038.4
13421.5
12904.2
13009.1
13035
12867.5
13007.9
13240.7
13403.1
13251.9
12843.8
12860.4
12606.2
12660.3
12677.8
12679.1
12861.3
12139.3
11938.2
11966.1
12216.9
12707.8
12664.4
12710.9
12924.2
12621.9
12927.2
13138.3
12816.8
13228.6
13040.7
13357.6
13424.5
13409.5
13706.8
13332.6
13545.6
13686.6
13181.6
13139.1
13257
13165.3
13044.8
12964.3
12924.4
12963.2
13199.3
13311.5
12919.1
12718
12462.6
12487.7
12552.5
12779.9
12858.4
12663.9
12699
12697.5
12896.8
12571.4
12985.3
13044
13187.9
13271
12316.2
12273.4
12572.9
12163.1
11861.8
11721.6
11724
12083.3
12356
12802.7
12052.2
11940.5
11794.4
11786.5
11781.7
11747.1
11742.2
11456.4
11339.4
11130.9
11152
11407
11317.2
11348.7
11275.6
11215.8
11306.4
11195.8
10803.4
11118
10938.2
11215.8
10865.4
10672.1
10608.3
10590.4
10299.1
10609.6
10989.7
11059.8
10640.3
10280.3
10721.9
10915.7
10812
10354.3
10262.6
9918.27
9767.25
10041.2
9975.13
9825
9813.68
9614.91
9732.83
10099.9
10173.9
10092.8
9998.53
10569.4
10311.3
10724.7
10367.7
10767.3
10632.3
10442.7
10031.3
9985.75
10072
9929.12
10429.9
10660.9
10959.2
11112.8
10911.4
10615.6
10567.8
10436.2
10641.1
10380.6
9850.98
9627.57
9982.77
9656.23
9560.91
9023.88
8970.81
9156.21
9345.44
9083.13
9042.31
9027.87
9241.15
9391.71
9205.46
9257.9
9484.4
9112
9121.16
8958.57
8775.29
8646.34
8535.24
8820.53
8558.32
9039.97
9510.26
9214.48
8946.39
8989.51
8849.89
8747.78
8573.02
8837.34
8759.25
8737.82
8597.21
8706.98
8352.88
8491.77
8719.18
8706.96
9007.63
9161.84
9261.56
9424.36
9195.49
9523.1
9489.6
9688.59
9566.7
9816.14
9421.08
9494.11
8836.37
8764.06
9006.09
9204.65
9208.22
9653.56
9651.4
9258.1
9424.12
9306.58
9234.84
9375.23
9361.19
9327.81
9448.46
9771.69
9919.39
9715.08
9574.41
9413.56
9492.67
9617.4
9678.89
9451.66
9649.42
9392.74
9104.71
9098.65
8844.13
8927.28
8942.34
9028.27
9362.09
9745.79
9338.59
9211.54
8815.88
9160.64
9074.2
9499.72
9725.48
9385.64
9568.17
9371.82
9511.79
9282.23
9087.92
9233.68
8987.93
9306.75
9181.1
9207.03
9257.41
9268.2
9097.02
8857.15
8948.56
8873.86
8809.55
8878.18
9170.71
8832.79
9367.64
9400.17
9183.16
8911.39
8641.58
8572.24
8588.32
8536.06
8507.31
8139.78
8359.37
8652.16
9008.76
8958.73
8817.51
8593.08
8708.77
9061.24
8823.7
8940.81
8856.84
8711.48
8581.23
8461.1
8736.16
8603.51
8585.84
8397.2
8461.84
8576.14
8665.74
8508.8
8169.38
7898.45
7614.95
7748.38
7759.61
7480.88
7222.15
7448.28
7504.42
7125.73
7165.24
7321.63
7389.15
7074.54
7151.18
7002.88
7165.27
6758.39
6744.1
6733.45
7153.95
6973.73
7008.47
6916.25
7130.15
6952.47
7050.54
7124.07
7332.16
7164.51
6876.57
7009.65
7216.81
7124.97
7089.77
7035.71
7094.75
7070.79
7393.42
7104.05
6834.16
6960.72
6913.64
6873.38
6947.27
6928.26
6795.54
6834.91
6689.59
6661.39
6461.73
6845.88
7035.29
7022.26
6597.39
6831.99
6610.65
6827.69
6824.75
6630.09
6532.9
6652.84
6863.06
6846.28
6771.44
6678.94
6890.35
6612.22
6714.87
6781.5
6827.49
6538.6
6526.82
6619.68
6538.55
6450.8
6517.81
6348.92
6208.42
6241.59
6212.74
6183.85
6021.47
6082.03
6118.3
6098.75
6135.62
5962.35
6075.7
5962.19
6002.07
6044.89
6157.15
6235.5
6063.05
6066.73
6136.94
5881.25
5752.34
5796.06
5824.91
5619.4
5660.85
5798.96
5992.58
5935.96
5954.98
6113.71
6319.9
6206.26
6255.8
6154.84
6042.22
5850.65
5986.02
5905.24
5885.2
6032.81
6200.29
6183.47
6099.99
5891.72
6016.07
5824.81
5942.84
5891.91
5952.47
5822.74
5914.97
6031.85
6229.06
6113.69
6082.49
6192.65
6131.19
6136.16
6038.21
5937.3
6031.85
5871
5628.81
5781.45
5619
5587.52
5607.9
5648
5561.8
5761.74
5795.62
5759.6
5648.57
5591.52
5405.85
5490.63
5442.01
5439.41
5389.9
5335.9
5286.69
5231.49
5159.87
5289.67
5335.29
5310.98
5214.79
5133.34
5340.16
5430.7
5309.02
5304.44
5561.62
5462.78
5542.51
5375.81
5394.82
5320.37
5224.14
5186
5251.91
5328.4
5380.61
5258.55
5209.72
5125.65
5033.77
5063.12
5082.09
5149.39
5185.78
5117.83
5076.66
5069.42
5087.47
5115.33
5319.5
5072.59
5118.82
5124.95
5147.46
5213.49
5085.27
5063.91
4977.4
5102.16
5032.7
4876.17
4815.5
4942.51
5077.94
5066.59
5029.72
5131.31
5101.24
5096.96
5076.13
5190.49
5134.52
5086.84
4949.24
4835.94
4810.15
4829.55
4915.84
4897.94
4920.96
4887.81
4786.23
4752.54
4738.32
4792.21
4801.79
4867.4
4937.31
5001.62
4821.43
4753.27
4701.33
4654.13
4601.1
4607.5
4624.08
4617.41
4769.86
4803.18
4667.47
4734.64
4815.35
4718.7
4599.89
4692.39
4691.86
4715.17
4721.47
4871.31
4778.48
4719.83
4745.11
4540.62
4524.63
4563.3
4693.18
4705.01
4767.86
4711.35
4782.38
4805.62
4783.49
4744.85
4660.96
4682.81
4633.6
4624.89
4656.26
4565.31
4535.42
4578.76
4547.39
4504.53
4442.51
4413.35
4438.93
4451.73
4503.36
4362.62
4478.57
4431.87
4377.49
4390.75
4293.58
4378.87
4406.46
4328.33
4371.61
4310.31
4290.32
4317.73
4399.98
4460.91
4295.69
4335.42
4316.61
4355.63
4429.11
4364.18
4413.57
4378.84
4382.94
4424.07
4490.56
4429.99
4484.26
4477.84
4357.86
4274.79
4319.35
4411.75
4471.19
4471.45
4384.72
4424.41
4367.8
4383.43
4425.69
4368.75
4417.44
4346.05
4352.51
4346.07
4365.43
4337.5
4304.09
4289.61
4255.58
4250.19
4304.63
4279.51
4356.34
4361.57
4376.25
4400.66
4380.67
4279.51
4237.08
4283.72
4313.71
4289.68
4225.43
4306.94
4190.55
4228.14
4170.29
4144.43
4171.17
4125.79
4142.43
4192.11
4161.82
4169.85
4183.82
4197.66
4118.34
4142.45
4134.35
4085.05
4083.12
4039.15
4113.7
4098.37
4133.38
4132.48
4098.47
4126.17
4087.11
4067.8
4099.25
4156.43
4127.97
4171.66
4160.09
4116.73
4107
4113.88
4036.62
4020.24
4013.43
4044.86
3973.36
4001.17
4048.56
4093.32
4089.82
4061.38
4031.63
4007.19
4118.46
4100.49
4031.9
3890.11
3938.3
3966.91
3976.69
3970.94
3983.38
3996.01
4032.81
4070.14
4105.6
4095.84
4089.67
4051.39
4012.15
4018.18
4026.72
4054.05
4030.09
3985.73
4002.92
4026.17
4001.62
4044.37
3985.19
4017.44
4000.76
3989.84
4000.83
3974.89
3965.93
3963.38
3973.03
3925.51
3894.64
3931.79
3920.72
3958.6
3914.64
3939.62
3868.03
3918.76
3896.53
3928.07
3959.06
3984.52
3947.56
3935.23
3927.93
3907.19
3845.25
3880.41
3852.55
3898.61
3870.52
3805.1
3807.79
3853.2
3857.34
3785.53
3819.96
3836.79
3791.65
3777.33
3824.15
3834.74
3837.92
3861.35
3802.22
3828.32
3820.03
3801.56
3764.7
3774.07
3787.76
3788.18
3773.21
3784.36
3782.1
3764.73
3807.02
3806.65
3750.73
3761.79
3754.72
3744.76
3788.26
3803.63
3795.8
3762.73
3730.13
3739.95
3750.73
3744.24
3730.12
3752.37
3762.08
3704.47
3735.17
3729.36
3703.05
3667.87
3714.77
3733.28
3704.35
3721.74
3734.31
3759.75
3739.79
3746.95
3751.71
3733.91
3741.04
3731.2
3717.75
3686.26
3694.92
3719.61
3724.23
3694.44
3708.64
3701.43
3638.28
3672.3
3692.44
3690.82
3650.61
3629.53
3620.45
3588.71
3581.48
3585.25
3562.49
3550.54
3570.16
3557.77
3550.11
3566.25
3594.6
3622.44
3606.78
3614.26
3658.72
3653.29
3643.32
3600.34
3547.46
3538.89
3566.34
3570.38
3544.13
3565.06
3592.47
3564.6
3557.12
3537.62
3582.54
3584.96
3599.23
3542.23
3526
3479.99
3502.87
3524.34
3553.94
3528.35
3528.63
3502.23
3497.64
3527.62
3535.6
3538.7
3542.71
3559.46
3568.97
3562.74
3516.34
3527.56
3538.88
3537.49
3504.82
3477.7
3474.46
3486.53
3458.1
3484.48
3501.57
3488.56
3450.64
3465.19
3469.06
3489.35
3477.26
3480.98
3448.13
3467.27
3456.71
3504.46
3479.23
3482.84
3491.56
3470.3
3494.75
3509.32
3509.73
3480.34
3482.98
3479.31
3449.39
3459.64
3435.12
3449.19
3459.68
3448.41
3427.8
3443.8
3451.55
3440.93
3428.12
3416.77
3406.5
3411.13
3413.2
3434.92
3438.37
3422.47
3432.58
3416.05
3393.79
3385.99
3386.12
3386.58
3392.86
3382.1
3350.22
3363.86
3362.3
3360.34
3365.65
3375.64
3381
3380.42
3347.77
3326.53
3335.19
3330.46
3362.91
3363.57
3368.51
3357.76
3345.8
3332.21
3317.36
3336.56
3314.53
3309.79
3312.58
3333.57
3329.76
3343.23
3341.42
3338.65
3340.51
3344.78
3352.89
3357.13
3339.94
3338.88
3345.89
3350.4
3362.48
3356.92
3321.33
3349.21
3346.41
3356.8
3341.37
3344.47
3369.76
3356.73
3347.15
3338.66
3325.43
3326.92
3304.79
3322.01
3302.82
3299.33
3303.29
3307.05
3312.32
3317.93
3300.02
3312.71
3302.44
3308.1
3325
3337.15
3326.01
3312.96
3308.24
3315.67
3303.81
3303
3302.58
3298.55
3313.07
3311.35
3322.35
3314.92
3315.5
3325.49
3334.85
3333.88
3325.01
3346.66
3363.38
3357.66
3324.55
3299.74
3283.73
3270.06
3264.58
3255.11
3263.01
3249.48
3233
3219.76
3237.28
3251.43
3263.8
3256.67
3246.54
3238.95
3242.07
3232.45
3218.12
3212.41
3216.05
3202.47
3202.26
3215.7
3215.88
3208.97
3208.06
3206.19
3205.34
3201.34
3185.45
3195
3184.22
3173.31
3191.75
3184.18
3183.95
3191.04
3202.02
3190.24
3198.4
3194.04
3196
3190.9
3180.53
3168.78
3167.5
3160.72
3164.34
3165.6
3156.9
3162.68
3154.99
3155.01
3154.71
3151.62
3146.51
3160.19
3150.54
3143.4
3144.98
3144.78
3139.21
3128.21
3123.27
3127.33
3132.09
3121.03
3119.66
3123.27
3112.74
3118.71
3115.14
3116.49
3121.23
3117.7
3126.01
3122.17
3117.48
3114.73
3128.9
3129.92
3118.01
3113.71
3106.21
3115.74
3115.44
3122.46
3114.01
3112.66
3113.07
3100.47
3095.3
3090.25
3094.87
3090.18
3086.57
3078.81
3070.87
3076.87
3073.95
3070.63
3076.94
3077.18
3071.49
3071.78
3074.95
3064.74
3066.12
3068.77
3060.27
3059.93
3053.78
3046.06
3042.77
3043.13
3039.66
3042.01
3042.9
3042.39
3046.54
3037.47
3032.33
3036.33
3031
3031.98
3025.1
3023.3
3024.09
3018.06
3019.19
3024.46
3038.28
3026.19
3020.75
3023.16
3019.31
3020.77
3018.26
3008.86
3002.67
2996.4
2996.79
3006.35
3010.58
3012.37
3010.19
3000.11
3003.27
3006.23
3006.33
3005.11
2993.68
2993.74
2993.93
2989.8
2991.85
3003.48
3006.89
3007.22
2995.13
2997.1
2998.55
2993.83
3001.49
2994.22
2990.75
2986.79
2992.65
2985.07
2993.3
2989.66
2996.93
2994.1
2988.41
2984.43
2979.17
2986.81
2981.86
2976.91
2979.9
2971.87
2968.27
2969.64
2974.82
2972.04
2971.59
2971.01
2967.44
2969.18
2970.18
2968.83
2969.72
2965.24
2968.72
2961.66
2957.74
2960.4
2961.33
2962.23
2959.16
2962.46
2960.64
2958.04
2959.7
2957.79
2958.77
2953.37
2950.07
2951.06
2946.89
2957.66
2955.51
2947.51
2947.26
2943.63
2946.1
2935.04
2927.87
2927.73
2925.63
2924.43
2921.2
2923.53
2926.01
2923.24
2922.26
2913.02
2918.69
2915.86
2914.66
2910.84
2906.35
2905.8
2904.1
2899.71
2895.63
2895.54
2898.24
2895.18
2895.79
2893.89
2893.23
2897.31
2891.87
2894.77
2888.94
2885.79
2886.6
2885.72
2887.51
2887.09
2885.86
2883.54
2885.22
2880.62
2880.66
2886.25
2889.72
2883.77
2879.77
2877.7
2875.04
2874.18
2875.3
2877.38
2874.55
2877.72
2877.97
2878.35
2879.58
2876.2
2876
2878.24
2878.73
2877.75
2878.44
2877.15
2873.61
2870.35
2875.7
2872.65
2874.57
2871.18
2869.65
2871.79
2870.71
2869.31
2866.46
2864.47
2863.18
2858.63
2855.88
2853.18
2855.77
2854.96
2856.32
2856.44
2855.66
2856.74
2857.63
2855.25
2855.78
2854.28
2854.82
2855.11
2855.84
2853.8
2855.86
2855.86
2854.19
2855.37
2852.91
2849.43
2848.94
2852.73
2850.19
2851.14
2852.32
2851.79
2852.25
2851.9
2848.45
2846.98
2850.6
2850.32
2853.18
2853.75
2853.07
2854.82
2856.92
2851.21
2851.86
2850.61
2849.79
2848.89
2848.67
2848.43
2848.52
2849.68
2847.18
2845.37
2847.9
2846.37
2845.97
2844.57
2848.41
2842.83
2842.75
2841.83
2841.83
2841.61
2839.77
2839.1
2838.06
2838.23
2836.45
2835.15
2835.84
2837.04
2837.87
2835.11
2835.79
2835.97
2835.25
2834.39
2834.73
2832.22
2827.03
2827.95
2829.31
2825.19
2822.99
2821.73
2822.67
2823.75
2822.74
2823.74
2825.45
2823.49
2822.43
2823.64
2824.06
2822.23
2822.17
2820.14
2820.12
2820.88
2820.6
2821.01
2819.84
2819.84
2821.21
2823.72
2822.09
2820.14
2820.42
2820.03
2822.69
2822.17
2821.56
2821.24
2821.45
2819.76
2821.16
2819.73
2818.2
2818.67
2819.58
2818.74
2818.64
2819.68
2819.35
2819.32
2821.49
2820.84
2821.52
2821.15
2819.64
2818.65
2817.32
2816.7
2814.9
2814.56
2814.76
2814.69
2814.66
2813.73
2813.91
2815.07
2814.38
2813.29
2812.58
2814.42
2814.38
2814.61
2812.83
2816.06
2813.25
2811.82
2809.98
2809.92
2809.95
2808.01
2807.87
2808.79
2807.74
2806.67
2807.69
2808.89
2807.43
2805.07
2805.17
2804.7
2806.1
2804.08
2803.03
2804.08
2803.54
2804.59
2805.9
2806.11
2806.54
2805.86
2804.2
2803.31
2803.18
2801.75
2802.32
2801.79
2801.12
2802.31
2801.61
2799.61
2798.96
2798.37
2797.34
2797.4
2798.06
2798.53
2797.84
2796.85
2797.67
2796.53
2796.88
2796.49
2795.05
2794.78
2794.67
2795.1
2795.8
2795.8
2795.8
2794.79
2793.76
2793.81
2795.07
2794.92
2793.69
2795.22
2794.88
2794.4
2794.09
2792.43
2792.27
2791.83
2792.15
2791.64
2791.11
2791.04
2789.72
2789.74
2790.9
2790.98
2790.42
2790.46
2789.76
2789.88
2788.45
2789.01
2789.2
2788.81
2788.35
2786.58
2787.06
2787.48
2787.2
2786.92
2786.66
2786.43
2785.96
2786.74
2786.83
2785.84
2784.37
2784.49
2784.3
2784.1
2784.06
2784.25
2783.64
2784.15
2784.18
2784.62
2783.82
2784.94
2784.82
2784.19
2783.07
2783.27
2783.35
2783
2783.09
2783.07
2783.65
2783.72
2783.73
2783.42
2783.31
2782.98
2783.17
2782.73
2783.67
2782.9
2782.98
2783.61
2783.23
2783.06
2782.93
2783.17
2782.76
2782.64
2782.87
2783.55
2784.09
2784.36
