Mut_X Mut_Y Mut_Size Mut_Rot Mut_R Mut_G Mut_B Mut_Type Time_Sec
66824 68682 80788 69996 82543 82720 82825 65616 2095.69
0 0 0 0 0 0 0 0 2095.69
--- Historial MSE por cambio de temperatura ---
19575.6
19581.9
19913.8
20031.5
19847.5
19456.2
19403.1
20036.5
20316.3
20066
20005.9
19873
19594
19090.7
18958
19402.7
19321.1
19100.6
19129.5
19086
19871.7
19823.4
19907
20065.2
19711.2
19988.7
19204.2
19314
19428.8
19912
19733.9
19614.9
19247.9
18908.5
18734.6
18630.8
18301
18311
18028.7
18556.5
18990.6
17882.9
18118.3
18646.5
18588.1
19022.3
18919.1
19582.6
19422.7
18975.6
19015.7
18948.1
19576.3
20137.6
19759.3
19771.2
19994.1
18839.2
19149.3
18888.4
18827.5
18326
18435.3
18744.2
18658.1
18451.1
18382.2
18546.7
18619
18203.9
18571.8
18439.1
18456.2
18700
18974.3
18963.1
18434.9
18255.2
18633.6
18636.7
18202.5
18652.8
18387.8
18527.6
18496.5
18881.6
19152.3
18631.9
18329.2
18459.1
18647.2
18276.2
18680.6
18438.8
18459.2
18241.8
18299
17705.8
17668.8
17625.5
17761.3
17766.7
17690.7
17913.8
17594.4
18176.6
18020.5
17747.7
17668.7
17966.3
18122.1
18380.2
18651.7
18776.6
18455.8
18434.7
18144.7
18314.7
18673.5
18572
18873.3
18868.1
18609.6
19629.7
19508.4
19420.1
19420.4
19555.6
19624.7
19164.8
19177.2
19506.1
19861.6
19097.4
18960.7
19547.8
19571.3
19174.1
19151.4
19475.9
19404.6
18907
18841.1
19224.8
19430
19209.2
19030.2
19090.5
19184.1
18362.6
18077.8
18714.3
17997.3
18554.2
18670.2
17615.7
17647.3
17643.3
17922.7
18047.2
18081.6
18272.6
17758.9
17493.9
17144.1
17843.2
17899.9
17716.3
17648.6
17915
18089.1
18163.4
18267.2
17695
18022.8
17814.5
17514.8
17409.6
17412.6
17301.6
17419.9
17924.4
17756.1
17448.2
16994.7
17469.5
16665.7
16686.1
16546.2
16476.7
16657.9
16472.8
16842
17943
17578.2
17622.8
18090.6
18606
18323.8
18080
18674.3
19051.8
18999.3
18780.1
18734.6
19073.8
19278.7
19055.8
19135.6
18695.4
18323.3
18267.8
18727.3
19136.4
18266.9
18342.4
18286.1
18125.9
17842.5
18334
18407.6
18189.6
17687.2
18343.4
18449.1
17741.2
18334.5
18019.5
17626
17620.7
18013.5
18057.1
17384.6
17262.8
18065.3
18020
18041.7
18106.2
18214.5
17958.9
18093.2
18057.3
18247.9
17710.7
17507.4
18036.7
17818.5
18401
18203.9
17861.4
18782.4
17878
18176.4
18262.5
18050.1
18070.1
17749.3
18168.6
17637.1
18288.2
18052.1
17582.5
17428.2
17872.6
17673.8
17999.5
17531.8
18004.1
17663.1
17553.4
17276.6
17546.5
18017.9
18304.2
18060.5
18138.7
18484.5
17954.3
17494
17819
18173.6
18222.9
18331.7
18265.2
18453.3
18385.7
17757
18183.7
18581.8
17530.4
17676
17631.1
17558.1
16899.1
17540.7
16848.2
17776.4
17646.9
17898.4
18178.6
17495
17755
18065.3
17981.9
17837.5
17731.3
17539.2
17117.9
17651.8
17734.7
17660
17762.3
18204.8
18064.1
17952.4
17831.9
17948.9
18103.8
18027.6
17806.6
17355.6
17773.2
18299.9
18046.9
17953.5
17838.1
17332.5
17861.4
17791
17946.9
17544.6
17399.5
18311.8
18158.3
18428.5
19084.8
18712.8
18794.3
18649.5
18482.4
18473.9
18598.3
18277.4
19422.7
19372.7
19153.8
19041.2
19086.7
18884.9
18580.6
18007.9
18689.8
18888.2
18312
17861.2
17730.2
17764.1
18296.9
18624.5
19063.6
19205.3
18899.8
19024.8
19022
18711.6
18692.4
18438.7
17989.2
17445.5
17785.9
18093.1
17522.2
17117.9
17512.7
17907.4
18192.5
18312.1
18246.3
17988
17938.6
17944.1
17926.3
18289.5
17541.8
17968.6
18436.8
18231
18212.1
18258.1
18405.4
18092
18652.9
18983
18683.7
18262.9
18319.6
18271.7
18214.9
18196.6
18224.9
18949.4
18693
18443.9
18380
18141
17920.6
18135.9
18090
18559.9
18282.6
18634.3
18411.1
18817.5
18700.2
18739.7
18924.4
18692.5
18526.1
18373.7
18564.5
18337.4
18851.8
18438.5
18076.1
17959.2
17727
18062
17321.5
17300.2
16744.1
18105.6
18285.1
18088.5
18299.1
18370.9
18291.9
17861.6
18502.3
18830.6
18186.4
17691.7
17553
17262.9
17668.7
17971.3
18006.6
18405.5
18936.7
18896
18276.6
18586.7
18580.1
18131
18845.1
18799.1
18664.5
18505.9
18530.1
19144.6
18489.7
18377.5
18667.5
18522.5
18764.7
17652.6
17965.7
18347.1
18055.8
18237.5
19112.1
18546.5
18691.8
18553.1
18505.5
18676.1
18063.6
18103.9
18009.1
18279.8
18279.6
17568.9
17150
17420.6
16948.1
16809.8
16574.1
16233
16467.7
16742.1
16593.7
16027.4
16177.2
16265.8
16506.4
16198.6
16548.4
17397.4
17321.9
17213.9
16895.1
17215.2
16739.2
16632.7
16900.1
16718.7
16971.2
16558.3
16334.5
16089.6
16162.2
16454.3
16175.6
16497.4
17361.5
17048.9
16698.7
17692.5
17296.3
17291.2
17420.2
17610.6
17437.8
17358.9
16907.3
17498.2
17042.3
16860.2
16743.4
17239.8
18081.2
18236.6
17589.7
17117.1
17717.9
17661.3
17625.7
17256.6
17136
17693.2
17256.6
17255.6
16705.9
16599.2
17516.7
17565.8
18086.1
17362.4
17914.9
18135.5
18304.7
18593.2
18077.1
17471.1
17397.9
17643.1
17488.7
17236.4
18171.9
18024.1
17633.4
17405.8
17293.2
17332.2
17287.3
17338.7
17442.3
17461.9
17806.3
17848.4
17613.3
16862.4
16451.6
16441.4
16275.1
17022.5
17163.9
16629.2
16433
16033
16197.7
15963.9
16076.3
15588.4
15628.8
15981.3
16224.1
16065.1
15690.4
16491.1
16440.2
16606.7
16594.8
16766.1
16814.3
16754.2
17308.9
17356.8
17897.5
17894.2
17659.4
16836.9
16489.7
16402.2
16598.5
16481.7
16779.3
16978
17284.4
16799.9
16390.5
16366.9
17653.2
17403.8
17018.1
16693.1
16366.1
16951.1
17022.4
16844.3
17188
16897.4
17266.2
16929.2
17077.8
16510.9
16700
17589.4
17098.4
17322.3
16577.1
17070
16579.2
16280.8
15958.4
16349.7
16262.8
15763.1
15630.9
15811.5
15542.2
16094.7
15345.8
16032
16081.3
16604.3
16379.3
16526.2
16944.7
16796.9
16252.5
15649.9
15607.1
15596.3
15056.8
15025.6
15365.8
15444.3
15359.6
14744.2
14496.2
14589.8
14865.8
14679.3
14268.5
14720.8
14971
14635.4
14839
14867.1
15327.4
15328.7
14668.1
15109.4
15616.6
15830.8
15351.8
15136.6
14750.5
14320.6
14080.8
15120.5
16027.2
15959.3
15568.9
15137.7
14803.4
15181
15308.8
14431.3
14035.9
14211.7
14227.1
14364.4
14405.2
14967.4
14909.5
14127.8
14696.2
13897.8
14535.2
14789.8
14265
14287.7
14969.8
14641.1
14532.3
14142
14288.3
14058.7
14624.9
14245.4
13960.9
14037.3
13837.2
13953.1
13673.6
13786.4
13565
14295.7
14579.4
15306.5
15478
14974.4
14428.5
13936.8
13862.9
14205.1
13429.5
13165
13196
12949.1
12927.9
12417.6
12331.9
12295.7
13094.5
13197.2
13387.4
13504.5
13512.1
13625.6
13658.3
13695.4
12917.4
11988.1
12224.5
12198.3
12163.2
12308.9
12100.5
12264.2
12198.7
13149.2
13050.8
12075.8
12091.9
11954.2
11831.2
11943.8
12452.4
12542
12169.7
12235.3
12727.3
12396.9
12609.6
12175.7
12431.5
13400
13184.1
13792.5
13573.2
13400.1
12608.4
12992.8
13015.9
12997.5
13223.5
13427
12404.9
12346.4
13107.6
13486.2
13752.3
13013
13693.8
14573.3
14970.1
15238
14403.9
13794.3
14512.2
14126.7
14252.6
14575.3
14554.9
13996.1
14702.2
14313.5
14809.9
14628.3
14287.7
13479.1
13289.9
13428.6
12911.1
12680.1
13411.2
13288.3
13208.7
13388.3
14136.7
14179.7
14047.2
14302.4
13418.2
13529.7
13548.6
13324.3
13532
13092.7
13402
13250.7
14438.6
14469.5
13988.3
13264.7
13386.4
13673.1
13071
14069.1
13913.5
13856.6
13134.6
14175.5
13380.1
14734
13908.3
13663.5
13755.4
13020
12963.7
12914
13455.7
13876.3
13755.7
13760.1
13680.7
13680.2
13878.1
14143.6
13884.9
13004.7
13318.3
13104.6
12575.5
12346.7
11953.5
11456.1
11827.8
12395.2
12286.7
11817.9
11150.5
11254.3
11375.5
11337.6
11401.1
11291.3
11335.7
11466.7
11636.3
11623.4
11153.1
10796.1
10794.3
11220.1
11406.2
11395.7
11633.7
11159.6
11324.3
11662.6
11431.5
11077.5
10970.7
11896.2
11802.7
11606.7
11080
11384.6
11061.9
11069.2
10904.4
10827.1
10850.4
10712
10308.3
10435.2
10561.5
10544.6
10839.8
10814.4
11034.2
11147
10811.5
10931.3
10748.7
10030.5
10545.3
10777.4
11147.8
11214
11339.3
11299.8
11049.2
10072.2
10960
10788.8
10543.5
10927.5
11397.9
11502
11091.4
10869.5
10528.2
10549.2
10346.8
10414.5
10025.5
9957.84
10176.8
10271.9
10563.2
10567.9
10008.7
10206.5
9850.71
9795.52
9944.78
9968.2
9835.83
9679.3
9889.64
9821.75
9557.11
9679.42
9499.28
9933.23
10409.8
10271.3
9940.16
9417.77
9558.28
9365.55
9579.97
9473.56
9154.3
8829.5
8896.1
9136.6
8838.01
9013.58
8461.09
8615.3
8703.19
9262.01
9557.22
9778.81
9694.91
9570.83
9539.93
9648.68
10091.6
10412.8
10287.2
10540.1
10769.2
10575.3
10211.6
10757.3
10598.9
10803
10674.9
9863.75
9961.67
10308
10039.5
10004.5
10204.8
10223.4
10364.4
9654.06
8816.78
8984.72
9622.06
9014.46
9054.65
9057.64
8455.5
8298.99
8311.03
7756.8
7988.66
8323.66
8100.69
8530.22
8438.32
8157.41
7946.65
7780.84
7247.36
7696.63
7323.37
7610.05
7815.38
7857.09
7631.87
7544.09
7333.04
8063.22
7709.23
7316.32
7463.99
7990.91
8044.46
7932.2
7948.51
7977.26
8446.79
7662.4
7932.33
7974.01
8188.92
8284.03
8193.45
7935.01
7798.01
7821.53
8160.22
7434.56
7377.97
7365.91
7472.09
7607.44
7555.58
7725.28
7628.96
7674.9
7707.64
8034.4
8194.84
8340.01
8645.47
8276.13
8540.18
8587.57
8790.47
9288.43
8930.59
8974.42
9175.8
9181.38
8968.71
8952.19
9106.85
8673.7
7939.1
7497.01
7342.78
7622.67
7848.78
7679.19
8178.49
7754.16
7591.62
7323.14
6886.74
7331.41
7018.13
6705.44
6604.25
6574.39
6792.75
6511.03
6888.71
6596.17
6305.23
6155.76
6040.6
6354.74
7086.41
6682.29
7082.28
7025.53
6846.26
6757.04
7231.38
7423.96
7065.36
6915.3
6468.6
5988.72
6600.65
6622.85
6954.07
6955.61
6820.4
6607.97
6512.85
6247.84
5976.86
5838.26
5995.5
6158.24
6248.26
5956.68
5947.45
5831.53
5751.45
6027.85
6050.39
6393.71
6109.91
6132.97
6137.63
6656.19
6468.24
6828.02
7208.91
7079.47
6802.2
6663.14
6933.62
6586.95
6576.97
6364.6
6906.44
6646.39
6646.14
6635.4
6512.36
6458.97
6542.44
6411.77
6387.49
6780.6
6462.73
6101.69
6265.36
6220.3
6062.43
5886.82
5883.92
5790.9
6016.57
6186.46
5840.43
5981.57
6089.45
5729.35
5767.9
5914.36
5659.94
5801.03
6466.68
6199.13
6158.5
6230.5
6287.49
5728.75
5956.24
5480.82
5904.09
5901.97
5735.4
6022.15
5938.77
5801.69
5492.91
5838.77
5749.23
6326.32
6519.83
6157.5
5946.89
5717.93
5881.83
5492.97
5568.26
5818.55
5717.32
5630.87
5504.63
5304.43
5549.05
5435.92
5489.76
5359.18
5322.61
5260.55
5653.33
5680.39
5444.87
5511.62
5479.02
5023.53
4956.59
5257.02
5113.28
5240.97
5405.87
5196.64
5006.37
5155.93
5420.15
5673.27
5447.06
5788.63
5287.29
5525.78
5586.88
5773.69
5647.8
5585.9
5407.06
5110.06
5122.59
4956.5
5019.23
5096.6
5232.47
5002.57
4951.74
4885.18
5398.58
5704.13
5386.06
5595.48
5513.62
5695.56
5649.83
6040.49
5658.74
5451.84
5353.44
5660.46
5279.36
5498.8
5665.88
5490.04
5510.39
5646.93
5426.52
5427.56
5428.78
5647.49
5676.44
5430.93
5716.12
5707.97
5511.77
5242.76
5098.16
5151.41
5216.09
5067.48
4968.33
5224.87
4999.75
5095
5097.97
5175.82
5240.83
5103.99
5410.78
5264.1
5107.14
5232.46
5100.48
5312.55
5136.66
5159.68
5054.87
4977.01
4997.27
4864.91
4680.51
4881.27
5077.97
5190.39
4983.8
4929.51
4976.29
4960.78
4720.02
4725.14
4339.74
4307.1
4425.44
4294.1
4141.12
4255.57
4202.91
4026.51
4396.38
4155.37
4300
4185.05
4125.73
4150.43
4210.83
4173.14
4205.4
4226.4
4204.39
4203.86
4146.98
4222.33
4145.4
4094.5
3942.54
4087.18
4253.44
4145.91
4050.66
3966.63
4038.73
3992.8
4063.77
4348.42
4386.44
4377.03
4060.21
3926.35
3902.27
4034.32
4048.44
4057.29
4050.08
3987.26
3789.25
3766.6
3762.37
3994.62
4023.95
3888.21
3914.07
3976.43
4058.6
4163.08
4281.06
4374.1
4145.57
4311.51
4372.91
4317.05
4190.05
4177.59
4102.11
4178.63
4322.14
4005.09
4214.33
4187.28
4009.74
3971.64
3922.69
4172.19
4008.33
4007.46
4077.69
4047.81
3815.55
3964.32
3909.71
4040.6
3954.95
3836.91
4026.63
4016.09
4063.19
4149.28
4070.67
4073.08
3982.43
3996.02
3780.59
3838.43
3969.1
4166.6
3977.15
4132.15
4123.55
3992.04
3827.22
3850.35
3644.82
3710.26
3760.81
3682.26
3697.68
3896.18
3810.36
3510.97
3585.25
3559.14
3618.5
3664.68
3523.53
3546.31
3613.25
3472.82
3496.71
3744.04
3704.89
3817.11
3870.24
3792.55
3700.3
3609.44
3742.52
3755.19
3639.85
3746.44
3947.92
3939.92
3988.07
4108.01
4002.48
4025.29
4026.63
4102.85
4379.72
4333.56
4260.86
4028.93
4029.99
3714
3712.02
3622.51
3795.25
3759.84
3680.76
3690.05
3637.42
3516.99
3690.92
3793.39
3612.42
3517.74
3687.25
3699.19
3681.92
3649.35
3508.43
3578.78
3566.67
3476.87
3546.29
3510.27
3600.14
3553.71
3346.79
3340.12
3166.35
3116.2
3226.49
3241.64
3177.39
3098.63
3220.24
3327.01
3669.21
3210.73
3290.72
3376.83
3239.93
3086.78
2964.57
2942.97
2900.29
3006.27
2971.1
3136.74
3090.34
3031.64
3073.86
2919.04
2885.59
2881.28
2881.28
3044.08
2911.92
2961.3
3004.91
3082.42
3026.23
3173.51
3026.58
3134.08
3094.07
3115.15
3220.49
3167.7
3159.68
3293.68
3371.26
3324.88
3260.91
3153.39
3353.72
3419.12
3223.02
3299.99
3234.49
3242.35
3063.49
2992.69
2980.62
2896.7
2858.62
2860.64
2854.54
2992.58
3013.72
3049.79
2992.26
2972.56
2952.48
2896.96
2763.93
2793.32
2945.35
2903.55
2895.69
2974.68
2996.8
2921.83
3011
2969.53
2896.02
2802.03
2946.88
2925.31
3024.59
2825.21
2827.11
2787.42
2748.48
2709.83
2906.1
2692.23
2739.58
2737.67
2716.35
2635.84
2585.98
2554.23
2527.62
2525.76
2579.14
2497.97
2553.09
2583.49
2606.99
2560.7
2474.23
2602.62
2569.27
2588.78
2559
2648.55
2643.32
2497.18
2532.97
2547.82
2541.3
2542.49
2529.21
2623.62
2590.33
2629.51
2616.61
2615.96
2670.94
2733.36
2779.6
2843.04
2797.72
2713.37
2724.44
2752.69
2686.95
2545.48
2718.35
2633.61
2697.25
2732.81
2796.53
2659.82
2747.44
2789
2762.53
2733.44
2627.65
2591.17
2444.33
2442.01
2384.76
2343.11
2324.91
2369.41
2401.69
2439.31
2388.62
2485.07
2483.58
2444.58
2506.94
2503.68
2534.09
2467.43
2496.03
2536.03
2493.82
2468.1
2398.87
2413.3
2381.83
2395.62
2363.49
2299.37
2268.47
2252.92
2294.06
2223.04
2212.73
2247.18
2269.04
2180.59
2163.24
2127.52
2142.06
2159.65
2295.97
2337.2
2333.48
2350.25
2279.74
2317.99
2360.09
2354.97
2330.58
2350.61
2320.92
2171.45
2134.06
2152.04
2161.29
2164.89
2174.16
2267.67
2304.45
2347
2239.37
2248.73
2144.37
2094.62
2044.52
2082.3
2082.95
2141.52
2161.9
2096.48
2118.63
2168.35
2138.18
1986.22
2053.73
2127.44
2160.6
2259.89
2258.26
2269.46
2205.41
2182.39
2205.96
2156.83
2201.55
2214.33
2259.78
2296.69
2285.2
2343.08
2283.13
2338.26
2353.14
2383.51
2325.64
2326.52
2259.3
2242.98
2244.56
2219.5
2228.14
2203.85
2131.09
2185.77
2168.69
2187.14
2119.67
2121.5
2077.97
1981.5
2015.76
2077.65
2083.24
1988.55
1935.79
1894.3
1892.7
1882.21
1920.29
1902.97
1923.39
1877.76
1910.49
1831.6
1915.19
1954.7
1976.05
1970.83
2018.19
1974.91
2006.97
1956.68
1956.91
2002.7
2027.12
1958.59
1922.8
1898.36
1895.04
1822.78
1877.44
1847.95
1847.43
1835.45
1875.46
1859.75
1806.13
1800.3
1838.19
1846.32
1853.92
1884.23
1873.23
1897.97
1895.93
1961.01
1932.7
1896.76
1858.96
1882.75
1938.42
1878.88
1854.46
1871.26
1841.65
1851.44
1848.13
1844.83
1798.27
1748.72
1741.49
1741.68
1753.58
1726.56
1757.42
1744.56
1748.8
1766.6
1757.89
1827.82
1779.97
1752.08
1751.94
1810
1829.52
1892.27
1859.54
1804.94
1833.87
1831.59
1839.84
1803.23
1819.65
1791.16
1791.51
1839.26
1821.47
1806.73
1797.8
1770.32
1774.52
1768.01
1789.14
1814.98
1818.59
1814.91
1797.7
1797.92
1825.62
1786.05
1783.14
1792.09
1785.26
1772.18
1803.88
1772.58
1787.89
1816.61
1850.36
1812.97
1820.48
1833.7
1800.05
1817.88
1802.9
1800.6
1769.18
1771.74
1775.43
1709.88
1737.02
1696.71
1699.07
1759.14
1738.46
1758.85
1726.23
1706.53
1735.28
1679.1
1650
1708.87
1709.17
1678.68
1760.73
1800.47
1725.79
1653.26
1657.55
1682.75
1732.05
1644.94
1660.74
1654.72
1624.04
1671.76
1660.82
1636.66
1692.75
1656.91
1650.87
1627.22
1616.42
1584.38
1586.03
1585.1
1615.64
1601.22
1604.91
1578.43
1589.77
1597.1
1591.6
1575.66
1626.99
1636.58
1654.13
1675.27
1663.7
1657.93
1657.44
1642.28
1626.47
1579.34
1581.27
1551.29
1526.53
1551.84
1564.51
1537.59
1568.89
1553.89
1598.63
1630.8
1584.63
1590.2
1583.1
1574.47
1539.63
1545.32
1512.33
1529.74
1516.82
1536.36
1541.15
1540.97
1526.96
1536.46
1567.67
1561.45
1567.14
1545.7
1580.9
1590.62
1555.37
1577.64
1541.3
1552.74
1523.95
1531.84
1533.84
1520.17
1563.87
1562.77
1521.62
1542.7
1537.79
1531.34
1532.2
1560.44
1526.33
1506.27
1496.84
1517.19
1529.18
1518.66
1541.18
1568.6
1588.19
1573.9
1545.57
1526.82
1518.11
1538.38
1487.49
1482.56
1505.01
1478.18
1484.33
1496.61
1493.75
1476.78
1456.16
1468.24
1451.24
1463.51
1472.73
1466.06
1482.78
1483.96
1467.84
1470.36
1469.6
1432.62
1435.8
1454.41
1443.54
1455.54
1432.61
1452.15
1454.82
1445.13
1458.55
1492.08
1497.18
1467.25
1453.53
1443.36
1444.97
1436.45
1423.24
1418.53
1428.32
1408.54
1405.6
1406.18
1405.49
1387.94
1358.08
1342.62
1329.27
1326.98
1325.24
1331.8
1347.96
1348.73
1340.3
1318.03
1342.53
1324.43
1332.39
1334.05
1326.11
1312.92
1305.43
1295.7
1325.86
1328.65
1346.3
1363.12
1355.7
1329.57
1339.72
1346.55
1356.59
1387.81
1421.06
1404.23
1380.06
1358.62
1349.85
1366.22
1364.43
1369.74
1351.41
1355.87
1384.56
1381.53
1372.56
1353.22
1366.11
1340.74
1347.7
1343.05
1340.04
1339.21
1341.81
1326.04
1325.64
1341.97
1339.67
1326.6
1338.75
1352.47
1345.68
1358.55
1338.45
1334.22
1322.2
1333.35
1315.55
1309.48
1294.95
1303.77
1299.94
1308.75
1300.29
1282.92
1274.15
1296.63
1278.59
1263.53
1277.76
1284.78
1290.35
1261.31
1258.41
1273.62
1268.71
1259.21
1260.79
1269.47
1287.06
1265.66
1241.09
1250.3
1251.7
1263.62
1246.38
1250.5
1249.16
1238.89
1260.88
1287.78
1275.74
1296.26
1281.5
1278.53
1259.12
1250.45
1250.01
1236.88
1232.33
1236.39
1229.49
1231.74
1239.34
1242.65
1243.85
1238.37
1262.43
1250.77
1246.85
1229.45
1246.95
1227.38
1234.16
1222.93
1220.56
1226.81
1205.19
1214.57
1227.21
1234.62
1222.12
1204.99
1213.77
1203.15
1205
1200.58
1189.48
1181.29
1184.45
1192.92
1191.4
1183.22
1183.26
1165.8
1157.59
1173.07
1184.38
1181.25
1190.85
1193.12
1195.42
1202.32
1203.23
1180.4
1181.53
1168.83
1178.93
1167.99
1176.97
1171.32
1179.63
1163.44
1175.59
1176.98
1188.65
1180.25
1180.33
1187.67
1178.19
1179.02
1180.51
1173.75
1163.33
1157.56
1151.95
1157.61
1160.08
1155.97
1161.31
1160.01
1170.7
1169.02
1170.77
1171.17
1171.33
1180.61
1191.82
1191.59
1171.57
1174.32
1174.27
1183.19
1171.7
1152.35
1144.9
1140.59
1139.06
1142.34
1143.08
1139.27
1133.96
1129.18
1124.15
1144.66
1160.72
1151.69
1162.18
1163.46
1167.88
1147.97
1146.43
1145.67
1140.32
1140.2
1147
1150.31
1134.96
1130.16
1140.94
1137.33
1130.46
1128.56
1122.88
1113.37
1120.75
1122.8
1122.82
1129.6
1135.63
1139.21
1140.95
1134.25
1149.59
1153.29
1146.42
1133.81
1128.54
1132.3
1131.15
1116.49
1113.09
1106.87
1104.25
1103.34
1099.6
1090.39
1090.7
1102.36
1105.92
1105.6
1095.94
1093.24
1091.78
1093.07
1087.9
1085.76
1091.25
1088.19
1094.22
1090.72
1083.35
1091.69
1083.09
1074.32
1080.96
1084.75
1086.9
1090.36
1089.47
1074.82
1071.73
1071.98
1065.46
1071.35
1068.21
1066.18
1064.65
1066.63
1067.43
1062.63
1071.7
1055.46
1064.3
1070.65
1067.43
1047.8
1045.14
1051.8
1046.56
1057.44
1074.03
1069.54
1071.39
1051.95
1048.46
1052.68
1045.61
1047.03
1044.38
1037.9
1033.67
1045.31
1039.92
1034.5
1030.02
1034.11
1023.73
1020.4
1023.43
1023.85
1023.12
1021.21
1017.62
1025.35
1017.26
1011.17
1009.01
1001.54
1013.82
1011.7
1017.02
1022.01
1015.1
1011.65
1014.66
1016.76
1012.11
1005.96
1006.51
1007.28
1009.24
1002.21
999.414
1010.31
1007.26
1002.53
996.539
998.456
1002.6
1011.22
1006.45
1006.43
1000.44
996.871
997.593
997.816
993.231
989.006
988.248
991.521
988.595
990.205
997.4
992.307
993.597
988.227
992.665
997.476
987.742
987.862
983.537
983.629
979.197
982.94
981.594
984.33
985.12
982.341
978.289
983.11
978.488
976.897
978.196
977.814
982.231
986.184
985.803
983.25
981.476
983.987
987.617
983.731
989.85
983.094
982.603
981.17
978.317
987.419
987.109
987.65
981.561
967.905
975.558
968.893
961.275
959.548
966.9
968.326
961.813
965.383
959.711
965.538
965.596
964.034
959.874
953.602
954.13
954.739
953.708
948.778
952.165
947.439
945.864
946.158
938.511
946.423
940.718
936.541
937.617
936.285
931.733
927.351
933.388
927.79
928.315
927.544
925.975
930.154
925.6
930.194
934.935
924.008
930.011
928.026
922.722
921.476
917.829
916.982
914.994
914.664
914.152
911.48
911.812
915.865
916.283
911.289
906.473
907.739
911.191
911.989
910.771
905.98
897.923
891.317
885.366
884.681
889.777
892.26
890.009
890.694
893.349
886.214
892.677
890.184
887.105
885.593
884.066
880.297
876.305
882.44
883.778
884.525
884.568
879.928
885.362
875.57
877.977
876.21
874.804
877.437
877.104
875.423
874.96
877.815
880.058
871.136
870.052
868.792
864.765
862.07
863.641
863.522
865.514
861.017
862.566
858.237
854.734
852.898
854.706
851.955
851.751
848.81
850.833
850.401
853.723
854.271
853.282
854.059
853.219
850.759
852.837
849.691
850.849
851.568
847.245
848.016
847.629
851.493
849.035
850.266
851.768
851.34
850.077
846.79
840.385
840.236
840.865
841.771
840.037
840.622
837.341
838.967
833.806
831.597
830.678
832.849
828.036
830.111
834.079
832.039
829.06
832.135
831.639
832.627
832.731
830.536
827.807
827.014
826.861
828.274
827.915
831.645
831.07
828.234
826.323
823.252
824.171
826.184
825.325
824.678
822.367
821.775
820.761
819.99
820.83
820.699
820.464
823.696
820.6
815.98
819.113
815.9
815.618
812.552
813.293
813.401
815.738
814.672
813.174
812.017
812.929
812.968
816.273
815.303
816.312
815.892
815.925
815.829
817.246
814.147
814.785
814.071
814.201
813.768
812.303
811.889
807.244
808.762
804.775
807.844
808.022
804.611
807.563
808.15
808.881
809.983
806.58
804.733
804.825
802.444
800.272
800.2
800.002
798.897
797.911
798.815
799.722
799.512
797.329
798.969
799.227
799.363
800.737
800.317
799.753
800.169
800.566
799.851
799.537
798.496
796.1
794.056
790.87
791.97
793.215
790.697
791.314
789.901
792.108
793.112
792.047
792.228
790.755
789.877
793.03
791.42
792.888
792.544
792.49
791.725
791.559
793.173
795.38
793.828
793.708
793.224
794.622
794.027
792.801
791.844
792.194
791.886
792.002
791.554
791.93
790.947
790.296
790.195
789.309
785.901
783.318
784.317
783.038
782.037
783.667
783.56
783.731
783.962
786.193
785.601
785.233
785.899
786.9
789.169
791.953
791.586
790.502
789.945
787.806
788.809
789.928
789.022
786.947
786.685
788.898
787.916
787.037
785.926
784.967
784.876
786.865
786.08
786.684
788.204
785.22
782.627
783.119
782.073
782.808
783.019
781.803
783.48
781.76
778.75
778.732
777.957
780.114
781.482
781.648
781.437
780.919
780.074
780.13
779.915
780.299
779.915
780.527
780.633
779.685
777.627
778.215
777.219
777.687
777.09
777.354
776.284
773.203
772.882
772.508
772.428
774.212
773.084
773.654
773.861
773.796
775.574
775.847
773.909
775.52
773.855
772.407
771.78
771.452
770.914
770.892
771.143
769.959
769.774
769.899
770.124
769.641
769.934
770.688
769.752
769.308
768.181
768.043
767.265
767.6
766.726
766.688
766.149
766.504
767.697
767.024
765.955
765.329
766.148
766.41
766.425
765.957
765.673
764.738
767.665
767.541
766.439
766.58
765.226
766.492
766.424
765.285
765.05
763.358
763.566
763.827
763.815
763.923
764.14
763.822
763.424
764.063
763.968
765.172
763.164
763.769
762.998
763.956
763.64
763.744
763.123
762.962
761.476
760.752
760.016
760.949
760.406
760.052
760.069
759.583
760.33
759.421
759.402
758.848
759.442
760.181
759.938
759.57
759.694
758.651
758.388
757.282
757.592
757.581
756.473
755.925
756.209
755.786
755.652
754.953
755.4
755.709
755.107
755.371
754.754
755.467
753.642
753.103
753.151
753.225
753.946
753.897
754.121
751.397
750.927
750.199
750.036
750.214
750.139
750.592
750.061
750.743
750.586
750.698
749.631
749.489
749.458
750.701
749.736
749.732
749.896
749.501
749.198
749.909
749.648
749.248
749.442
749.565
749.546
749.104
749.389
749.535
748.918
749.156
749.097
